          1           0           0
          0           1           0
          0           0           1
          0           0           0
   0.970796    0.130897    -0.20105
 -0.0109304    0.861297    0.507984
   0.239657   -0.490951    0.837575
   0.131165  -0.0417077   -0.794237
   0.869338   -0.433816   -0.236761
   0.483108    0.846943    0.222023
   0.104206   -0.307394    0.945859
  -0.934114    0.356104   -0.116596
   0.883709   -0.454338   -0.112406
   0.465486    0.828128    0.312294
 -0.0488003   -0.328301    0.943312
   -1.55316     0.29108   -0.234881
   0.894113   0.0859079   -0.439525
  0.0276337    0.968976    0.245607
   0.446988   -0.231746       0.864
   0.176975  -0.0682267    -0.41177
   0.894113   0.0859079   -0.439525
  0.0276337    0.968976    0.245607
   0.446988   -0.231746       0.864
   0.176975  -0.0682267    -0.41177
   0.971004  0.00645078   -0.238978
   0.134677    0.811158    0.569109
    0.19752   -0.584792    0.786769
  -0.205597    -0.50544   -0.628026
   0.971004  0.00645078   -0.238978
   0.134677    0.811158    0.569109
    0.19752   -0.584792    0.786769
  -0.205597    -0.50544   -0.628026
          1           0           0
          0           1           0
          0           0           1
          0           0           0
          1           0           0
          0           1           0
          0           0           1
          0           0           0
          1           0           0
          0           1           0
          0           0           1
          0           0           0
          1           0           0
          0           1           0
          0           0           1
          0           0           0
          1           0           0
          0           1           0
          0           0           1
          0           0           0
          1           0           0
          0           1           0
          0           0           1
          0           0           0
   0.794228    0.210199   -0.570103
 0.00300373    0.936888    0.349618
   0.607612   -0.279389    0.743471
   -2.05776     1.11646  -0.0990582
   0.794228    0.210199   -0.570103
 0.00300373    0.936888    0.349618
   0.607612   -0.279389    0.743471
   -2.05776     1.11646  -0.0990582
   0.986173     0.13351  -0.0981702
  -0.165564    0.768307   -0.618298
-0.00712381    0.626002    0.779789
   0.282098    -1.29877     1.56906
   0.986173     0.13351  -0.0981702
  -0.165564    0.768307   -0.618298
-0.00712381    0.626002    0.779789
   0.282098    -1.29877     1.56906
   0.942952    -0.12627   -0.308054
  0.0703934    0.979984   -0.186216
   0.325402    0.153908    0.932966
   -1.83801    0.571786  -0.0816019
   0.969683   0.0335502   -0.242052
 -0.0583015    0.993689  -0.0958289
   0.237309    0.107036    0.965519
    -1.1384    0.772746     -0.4294
   0.969683   0.0335502   -0.242052
 -0.0583015    0.993689  -0.0958289
   0.237309    0.107036    0.965519
    -1.1384    0.772746     -0.4294
          1           0           0
          0           1           0
          0           0           1
          0           0           0
          1           0           0
          0           1           0
          0           0           1
          0           0           0
          1           0           0
          0           1           0
          0           0           1
          0           0           0
          1           0           0
          0           1           0
          0           0           1
          0           0           0
