         1          0          0
         0          1          0
         0          0          1
         0          0          0
   0.98613  0.0103829   0.165652
 0.0362716   0.960437  -0.276125
 -0.161965   0.278304   0.946739
 -0.129344   0.190178   0.363349
  0.964332 0.00295536   0.264679
  0.152118   0.812133  -0.563295
 -0.216619   0.583466   0.782716
 -0.425895    1.05018   0.486752
  0.757693   0.391382   0.522227
 -0.137468   0.877974  -0.458546
 -0.637968   0.275647   0.719037
  -1.84323  -0.315991  0.0954815
  0.993588   0.111744  0.0172025
 -0.111744   0.947435     0.2998
 0.0172025    -0.2998   0.953847
  0.165762 -0.0707476  -0.444728
  0.965661  0.0795512   0.247327
 -0.204544    0.81975    0.53495
  -0.16019   -0.56717   0.807872
  0.140389  -0.120866  -0.769214
  0.970231    0.06372    0.23365
 -0.218555   0.646013   0.731369
 -0.104338  -0.760662   0.640708
   0.20518  -0.421082  -0.910477
  0.970231    0.06372    0.23365
 -0.218555   0.646013   0.731369
 -0.104338  -0.760662   0.640708
   0.20518  -0.421082  -0.910477
         1          0          0
         0          1          0
         0          0          1
         0          0          0
   0.98188  0.0120303  -0.189122
 -0.115291   0.829968  -0.545766
    0.1504   0.557681   0.816316
 -0.329241    -1.5233    1.20871
   0.98188  0.0120303  -0.189122
 -0.115291   0.829968  -0.545766
    0.1504   0.557681   0.816316
 -0.329241    -1.5233    1.20871
   0.98188  0.0120303  -0.189122
 -0.115291   0.829968  -0.545766
    0.1504   0.557681   0.816316
 -0.329241    -1.5233    1.20871
         1          0          0
         0          1          0
         0          0          1
         0          0          0
  0.997336 -0.0156111  0.0712475
 0.0492065   0.865055  -0.499258
 -0.053839   0.501434   0.863519
  0.117321   -1.38972   0.870638
  0.997336 -0.0156111  0.0712475
 0.0492065   0.865055  -0.499258
 -0.053839   0.501434   0.863519
  0.117321   -1.38972   0.870638
  0.997336 -0.0156111  0.0712475
 0.0492065   0.865055  -0.499258
 -0.053839   0.501434   0.863519
  0.117321   -1.38972   0.870638
         1          0          0
         0          1          0
         0          0          1
         0          0          0
         1          0          0
         0          1          0
         0          0          1
         0          0          0
  0.990881  -0.131659  0.0286607
  0.131659   0.900804  -0.413785
 0.0286607   0.413785   0.909924
 -0.414759   -1.81947    1.30353
         1          0          0
         0          1          0
         0          0          1
         0          0          0
  0.996808  0.0557424  0.0571541
-0.0681439   0.967044   0.245319
-0.0415959  -0.248431   0.967756
  0.297709    1.28468  -0.162503
         1          0          0
         0          1          0
         0          0          1
         0          0          0
  0.990249   0.109199  0.0864992
 -0.139265   0.760722   0.633962
0.00342609  -0.639826   0.768512
 0.0116537 -0.0967858 -0.0921045
  0.884314  -0.213292   0.415325
-0.0258835   0.865788   0.499741
 -0.466175  -0.452678   0.760108
 -0.695332   -0.16989    0.21703
  0.884314  -0.213292   0.415325
-0.0258835   0.865788   0.499741
 -0.466175  -0.452678   0.760108
 -0.695332   -0.16989    0.21703
