8.941574999999614137e-01 9.789999999978852077e-03 4.482379999999715481e-01 -3.240176250000719183e-01 -3.053857099999957025e-01 7.462616400000027239e-01 5.916320400000032453e-01 -4.440827974999920214e-01 -3.304019999999772694e-01 -6.646255999999860498e-01 6.694464000000164283e-01 1.985069000000422856e-01 9.302799999999940006e-01 3.565759999999994490e-01 8.859999999999378095e-02 7.501249999998844953e-02 -3.628391999999683870e-01 8.527680000000187333e-01 3.755832000000187132e-01 -1.226444499999410354e-01 6.086930000002244157e-02 -3.825451999999855968e-01 9.229852000000158263e-01 9.325337750000417536e-01 1.000000000000000000e+00 0.000000000000000000e+00 0.000000000000000000e+00 0.000000000000000000e+00 -6.934629640302747399e-09 1.000000026768127270e+00 2.482734504094538939e-08 -1.548161779503487801e-08 2.439098040416473217e-08 -9.756391966640169886e-08 9.999999024360802791e-01 5.487970575172108202e-08 1.885263999999944873e-01 -8.335808000000057838e-01 5.170543999999936968e-01 -2.858215000000101647e-01 1.743569499999953198e-01 5.474869999999962822e-01 8.183637999999965329e-01 -3.036310625000087082e-01 -9.672234999999937965e-01 -6.454199999999682413e-02 2.494580000000104214e-01 1.343341250000112952e-01
8.923439999999234207e-01 9.743999999759517944e-03 4.481680000008874676e-01 -3.275595000010160240e-01 -3.083985999999597216e-01 7.457496000001462289e-01 5.915747999994809270e-01 -4.498341749994145267e-01 -3.305919999999411552e-01 -6.656959999999007005e-01 6.695359999995605937e-01 1.985000000005433807e-01 9.338919999999001353e-01 3.571519999997688211e-01 8.867200000090112721e-02 8.189399999892620075e-02 -3.632607999999897808e-01 8.527552000000228061e-01 3.755639999999061396e-01 -1.234547499998884940e-01 6.110400000010995925e-02 -3.810079999997680877e-01 9.227999999990478264e-01 9.327340000011439258e-01 9.999999999998898659e-01 -2.131628207280067307e-13 8.881784197000343556e-13 -1.081357225984794832e-12 -3.062684205862500759e-18 9.999999999999997780e-01 0.000000000000000000e+00 0.000000000000000000e+00 1.094135844469891215e-15 -2.149454323450337913e-14 1.000000000000056177e+00 -5.280064580003880897e-14 1.871473399999872833e-01 -8.346213600000392807e-01 5.171194800001452929e-01 -2.882743325001667078e-01 1.725453999999945476e-01 5.471943999999726582e-01 8.183196000000946269e-01 -3.070528250001031134e-01 -9.659999999998212239e-01 -6.516799999942178567e-02 2.495919999979082926e-01 1.367935000023910164e-01
8.941099999999929659e-01 1.004400000010821463e-02 4.480879999999689001e-01 -3.242012500001195674e-01 -3.047981999999937464e-01 7.461652000000412732e-01 5.916311999999839255e-01 -4.430136750000285284e-01 -3.287667999999659418e-01 -6.658808000003234584e-01 6.700176000000829246e-01 2.018782500003821201e-01 9.294339999999833291e-01 3.566840000002459710e-01 8.861599999992283982e-02 7.346474999972728293e-02 -3.627499999999953539e-01 8.528119999998170497e-01 3.755440000000548895e-01 -1.224952499998117755e-01 6.057159999999706113e-02 -3.811183999999669392e-01 9.221583999999916070e-01 9.316785999999620538e-01 9.999999999998898659e-01 8.881784197000309224e-13 -2.131628207280057715e-13 -1.081357225984790793e-12 -1.960117891752000486e-16 9.999999999999995559e-01 0.000000000000000000e+00 0.000000000000000000e+00 3.413524519997449791e-10 1.325252152361583704e-09 1.000000001613872591e+00 -7.860833425159828760e-10 1.892859999999448595e-01 -8.344439999995993951e-01 5.174959999999145799e-01 -2.842367500004986391e-01 1.749987199999831766e-01 5.473880000001555279e-01 8.183558399999604216e-01 -3.024301100001846043e-01 -9.673819999999950792e-01 -6.527600000008459968e-02 2.499120000000298603e-01 1.342062500000919256e-01
8.933649999997499425e-01 1.013600000075963459e-02 4.480880000008032882e-01 -3.256162500020117201e-01 -3.057739999998699831e-01 7.463039999994220963e-01 5.915999999996935932e-01 -4.448574999988838541e-01 -3.281964999999011368e-01 -6.658600000002790065e-01 6.699415999996224391e-01 2.029534250008332985e-01 9.306599999998961259e-01 3.565600000003565917e-01 8.859200000019616661e-02 7.577899999925855057e-02 -3.629419999999546897e-01 8.527999999998904235e-01 3.755839999998928369e-01 -1.228534999997001192e-01 5.935699999996679743e-02 -3.816720000001881941e-01 9.228880000002886996e-01 9.294737499998372288e-01 1.000000000000000000e+00 0.000000000000000000e+00 0.000000000000000000e+00 0.000000000000000000e+00 -9.439734968196478539e-14 1.000000000000296208e+00 2.771116669464092346e-13 -7.431832926840021390e-13 2.000000313247298243e-07 -1.792116412674243284e-13 9.999999999999034106e-01 3.500003300610101057e-07 1.894670999999491512e-01 -8.341927999998876020e-01 5.171992000002191281e-01 -2.839149750004223982e-01 1.743480999999447723e-01 5.473944000002153309e-01 8.184280000002471800e-01 -3.036447250005587795e-01 -9.662620000000713416e-01 -6.502399999993828394e-02 2.495200000003577612e-01 1.362644999994517270e-01
1.000000000000000000e+00 0.000000000000000000e+00 0.000000000000000000e+00 0.000000000000000000e+00 0.000000000000000000e+00 1.000000000000000000e+00 0.000000000000000000e+00 0.000000000000000000e+00 -4.812519127610357807e-16 5.021877452488791008e-16 1.000000000000000444e+00 9.175602985744530174e-16 1.000000000000000000e+00 0.000000000000000000e+00 0.000000000000000000e+00 0.000000000000000000e+00 0.000000000000000000e+00 1.000000000000000000e+00 0.000000000000000000e+00 0.000000000000000000e+00 -4.812519127610357807e-16 5.021877452488791008e-16 1.000000000000000444e+00 9.175602985744530174e-16 7.722949999999567661e-01 4.690960000000385932e-01 -4.274799999999558953e-01 1.723377500000826124e-01 -3.504703000000060631e-01 8.766200000000065051e-01 3.300984000000075635e-01 2.068838250000114287e-01 5.285233999999842114e-01 -1.057759999999837719e-01 8.414736000000142546e-01 -1.944092499999699741e-01 7.458029999999560289e-01 -2.594159999999528510e-01 6.118800000000407247e-01 5.337975000008354787e-02 -4.667244999999872745e-01 4.537415999999862004e-01 7.597335999999843548e-01 2.978448749999758616e-01 -4.735364999999897018e-01 -8.523752000000102136e-01 2.185415999999883452e-01 1.264162974999980538e+00
9.999999999999467093e-01 3.197442310920347338e-13 -4.405364961712483323e-13 5.271338920920075637e-13 -3.706059979974881953e-12 1.000000000007412737e+00 1.482186595680534396e-11 -7.873040760998340618e-12 7.213871449133581790e-15 -8.618965914623173426e-15 9.999999999999902300e-01 -4.118233531968809091e-15 9.999999999999467093e-01 3.197442310920347338e-13 -4.405364961712483323e-13 5.271338920920075637e-13 -3.686797227662109565e-12 1.000000000007373657e+00 1.474603772422344254e-11 -7.833298246163707121e-12 7.213871449133581790e-15 -8.618965914623173426e-15 9.999999999999902300e-01 -4.118233531968809091e-15 7.723239999999849115e-01 4.691280000001222250e-01 -4.275840000001852048e-01 1.724005000002077626e-01 -3.504026599999894298e-01 8.766725999999357422e-01 3.299348000000874026e-01 2.069474824998953910e-01 5.297699999999930798e-01 -1.056119999999988041e-01 8.415760000000167551e-01 -1.969232500000031583e-01 7.472439999999085369e-01 -2.592959999997619946e-01 6.120799999998807195e-01 5.045300000028729581e-02 -4.649599799999871164e-01 4.538679599999239644e-01 7.599951200001041629e-01 2.942638924998748351e-01 -4.751715999999817086e-01 -8.525728000001603357e-01 2.183600000002486330e-01 1.267507599999724732e+00
9.999999999999467093e-01 -4.405364961712481808e-13 3.197442310920346833e-13 5.271338920920073617e-13 3.430206310566000652e-15 9.999999999999958922e-01 -6.217248937900790641e-15 -2.498001805406461799e-15 2.316866053085871375e-09 -1.912510023042482926e-09 1.000000002597183801e+00 -2.883546065444037358e-09 9.999999999999467093e-01 -4.405364961712481808e-13 3.197442310920346833e-13 5.271338920920073617e-13 1.999999977309424297e-07 9.999992000002170256e-01 3.999998963166630308e-07 3.749997939950090735e-07 1.095211471399031041e-07 -4.431840185031178695e-07 1.000000220581019894e+00 2.103554104827210706e-07 7.729799999999781290e-01 4.687039999999564333e-01 -4.271679999999370425e-01 1.714000000000831803e-01 -3.493311999999904049e-01 8.759568000001241028e-01 3.306167999999206630e-01 2.053282499998616561e-01 5.302713999999876249e-01 -1.070040000000143793e-01 8.424068000000327627e-01 -1.966502249999629304e-01 7.461619999999514752e-01 -2.575280000000776948e-01 6.109400000001332653e-01 5.089925000016639473e-02 -4.665496999999849681e-01 4.566328800001261401e-01 7.582347599999084142e-01 2.947714474998494594e-01 -4.754651999999861545e-01 -8.511663999998612118e-01 2.175879999999040804e-01 1.266782549999839524e+00
1.000000000000000000e+00 0.000000000000000000e+00 0.000000000000000000e+00 0.000000000000000000e+00 -1.499999959257589173e-07 9.999993999999381433e-01 2.000000467461434872e-07 6.875000070349822565e-07 4.999996473175599779e-08 1.999999159164977225e-07 1.000000199999749206e+00 -5.124996072453661951e-07 1.000000000000000000e+00 0.000000000000000000e+00 0.000000000000000000e+00 0.000000000000000000e+00 -1.499999959257589173e-07 9.999993999999381433e-01 2.000000467461434872e-07 6.875000070349822565e-07 4.999996473175599779e-08 1.999999159164977225e-07 1.000000199999749206e+00 -5.124996072453661951e-07 7.722855000000020675e-01 4.690940000000486387e-01 -4.272740000001466476e-01 1.722536250000913927e-01 -3.504435000000020728e-01 8.766116000000264696e-01 3.304427999999964283e-01 2.066612249999816853e-01 5.317569999999481878e-01 -1.058840000002463089e-01 8.411959999997776771e-01 -2.003247499994454950e-01 7.469589999999933783e-01 -2.592200000000112747e-01 6.119319999995961323e-01 5.106225000041683670e-02 -4.657805999999518054e-01 4.540376000002735446e-01 7.598872000002852012e-01 2.958216499993648330e-01 -4.775901499999982147e-01 -8.522574000000208150e-01 2.189489999999700842e-01 1.271557437500046017e+00
9.999999999999846789e-01 7.041918815450532413e-14 -2.605323364453712251e-14 -5.329070518200853157e-15 3.333332528021699385e-08 9.999997333333179306e-01 -6.666666451475077497e-07 6.666668957618794938e-08 -1.524819554844871591e-11 -3.963400213875564419e-11 1.000000000100628172e+00 4.526269954905827742e-11 9.999999999999846789e-01 7.041918815450532413e-14 -2.605323364453712251e-14 -5.329070518200853157e-15 3.333332528021699385e-08 9.999997333333179306e-01 -6.666666451475077497e-07 6.666668957618794938e-08 -8.595648037527739112e-08 -1.671520096765246919e-08 1.000000360541121402e+00 1.582590911861119589e-07 7.727563333333345996e-01 4.691760000000087527e-01 -4.274413333333383913e-01 1.713936666666598663e-01 -3.497064528000037864e-01 8.767441642666432555e-01 3.301754869333543563e-01 2.053213054000187776e-01 5.296712666666496538e-01 -1.056266666666660081e-01 8.415352000000286825e-01 -1.967429666666347943e-01 7.470223333333626536e-01 -2.594639999999917013e-01 6.122786666666198974e-01 5.094966666660658700e-02 -4.652219333333273421e-01 4.536399999999713439e-01 7.602973333333433725e-01 2.948588333333359013e-01 -4.748817303333428552e-01 -8.525252986666934651e-01 2.184482760000320267e-01 1.266891553333364673e+00
1.003203329400000232e+00 5.209360399999714460e-03 5.238745199999783608e-03 -8.027680000000092519e-04 3.979328800000014876e-03 1.006236203200000068e+00 6.335345600000017591e-03 -9.960788000000012077e-04 -2.975656440333337201e-03 -5.418469576666732138e-03 9.947081573073330851e-01 7.485822233333401261e-04 1.339844466666666012e+00 -1.367763999999998537e-01 1.206980000000004161e-01 -1.697503333333333364e-01 -2.803797066666668947e-02 8.236676853333335657e-01 -5.363239466666663846e-02 -2.229776900000000200e-02 -8.527138733333334830e-01 -5.111818799999998664e-01 4.881671600000005995e-01 2.623054366666666137e-01 9.314344666666667383e-01 1.020893333333333930e-01 -4.155898666666646424e-02 -2.656895666666667100e-02 -1.792003733333331628e-01 5.447352533333322810e-01 6.096090133333331718e-01 -7.386334666666664883e-02 1.062336133333333654e+00 -5.732258666666562030e-01 5.977917333333362393e-01 4.076933999999997615e-01 8.572344899999999601e-01 -2.991498733333326498e-01 1.143632666666694053e-02 2.846150333333332186e-02 3.078847213333334443e-01 1.095849277333333038e+00 3.038126533333331825e-01 -8.662228999999999068e-02 -4.904694600000000237e-01 -4.093160933333331863e-01 5.575153466666673552e-01 1.459786733333333086e-01
8.939013333333373224e-01 9.888000000091065264e-03 4.482933333333138370e-01 -3.245026666667057968e-01 -3.051167666666634304e-01 7.460296000000311567e-01 5.918793333333337570e-01 -4.435327666666767921e-01 -3.287161333333363800e-01 -6.655872000000109256e-01 6.698570666666662232e-01 2.018004666666664559e-01 9.299466666666237336e-01 3.568800000000020844e-01 8.828266666659571882e-02 7.432366666658402066e-02 -3.628696666666426651e-01 8.527610666665969008e-01 3.755997333333905841e-01 -1.226956333332518134e-01 5.906696666666580442e-02 -3.817896000000309265e-01 9.226222666666743510e-01 9.291118666666809967e-01 1.000000000000000000e+00 0.000000000000000000e+00 0.000000000000000000e+00 0.000000000000000000e+00 3.333333857314568415e-08 9.999997333333250360e-01 -6.666666552135290279e-07 2.000000142536184880e-07 1.421062820024230396e-09 -6.958384189596576949e-09 1.000000001071601030e+00 6.471792176529230629e-09 1.897159999999854796e-01 -8.341920000000115909e-01 5.173919999999753161e-01 -2.835240000000214811e-01 1.745924000000101395e-01 5.472650666666554198e-01 8.185424000000172118e-01 -3.031413666666414874e-01 -9.663669999999453530e-01 -6.484000000008537101e-02 2.495320000001189087e-01 1.359380000001472188e-01
1.003199722960000040e+00 -2.083120426663391186e-03 2.165953066665390198e-03 1.536153079996799937e-03 6.837066666671824666e-03 9.948621333332231531e-01 4.775200000029440270e-03 3.957933333440962625e-03 4.084154453333348721e-03 -4.351295466666895914e-03 1.003125864213333385e+00 3.625764646666889378e-03 1.280313399999997825e+00 9.911933333338182606e-02 1.962774666666547985e-01 -2.671704000000474366e-01 5.945566666666614319e-02 1.012899066666667958e+00 3.112226666667030142e-02 -8.473126666666823403e-02 -3.525666466666661503e-01 -1.327859546666786683e-01 7.067748613333366681e-01 1.737961666666784089e-01 1.131610660000000212e+00 7.336579999999753854e-02 -3.920835999999987970e-02 -1.582082999999758280e-02 -9.059696000000079241e-01 7.328272000001735398e-01 5.622719999999531426e-01 -1.481035000001697521e-01 -7.592019999999886914e-02 -3.286583733333581225e-01 5.197122933333401251e-01 2.636275800000242864e-01 1.480426533333333072e+00 -2.479194666666590663e-01 1.299221333333313855e-01 3.052646666665922645e-02 5.151225999999961003e-01 8.304972000000847565e-01 2.464483999999783903e-01 1.996199999917118439e-03 -3.446846746666662464e-01 4.312707733332437482e-02 7.609001813333358122e-01 2.101834566667542398e-02
8.932086666668003216e-01 9.698666665784578395e-03 4.479946666666592137e-01 -3.255526666655385593e-01 -3.059780000000512645e-01 7.455600000001090244e-01 5.914720000000291966e-01 -4.446220000002206185e-01 -3.280810333333294970e-01 -6.659371999999381675e-01 6.699917333333189617e-01 2.032558333332872003e-01 9.306133333333738156e-01 3.572213333330066520e-01 8.874133333335976204e-02 7.511766666705259332e-02 -3.628223333332908918e-01 8.528253333331005104e-01 3.755599999999503780e-01 -1.226336666663315478e-01 6.239103333336881718e-02 -3.790030666666591719e-01 9.229053333332710718e-01 9.331709666667589165e-01 1.000000000000000000e+00 0.000000000000000000e+00 0.000000000000000000e+00 0.000000000000000000e+00 -1.466666684395561983e-06 1.000000533333395891e+00 5.333333395659186609e-07 -3.733333432028719123e-06 -3.800000005775726278e-06 8.000000128553730527e-07 1.000000000000000000e+00 -8.400000023727695979e-06 1.883050000000184854e-01 -8.354866666670038855e-01 5.171546666667458103e-01 -2.850979999996727243e-01 1.747079333333346196e-01 5.473352000000070161e-01 8.183658666666531190e-01 -3.028851333333308915e-01 -9.679513333332746550e-01 -6.624800000043785941e-02 2.495573333333520050e-01 1.339913333338674517e-01
8.936133333333535766e-01 1.000533333338728993e-02 4.482933333332573822e-01 -3.251309999999224543e-01 -3.061018666666781018e-01 7.461829333333125369e-01 5.921029333333416300e-01 -4.456473000000260032e-01 -3.300026666666293629e-01 -6.656746666665923629e-01 6.703893333332754390e-01 1.990730000001006417e-01 9.311440000000783535e-01 3.566880000001571571e-01 8.802666666652253502e-02 7.689733333355686096e-02 -3.629619666666682454e-01 8.527929333333238437e-01 3.756114666666854895e-01 -1.228979333333460600e-01 6.036833333330424156e-02 -3.815586666667227789e-01 9.219760000000361000e-01 9.318093333332596595e-01 1.000000000000000000e+00 0.000000000000000000e+00 0.000000000000000000e+00 0.000000000000000000e+00 4.116849124345844102e-07 9.999997935550892780e-01 2.443231448267783014e-07 7.064759610931179021e-07 3.999999750994833285e-07 -4.590724352384305367e-14 1.000000000000029088e+00 7.999999376394822936e-07 1.885097666666850080e-01 -8.342369333332998460e-01 5.178514666666471644e-01 -2.860683999999550364e-01 1.739343999999999890e-01 5.473743999999992615e-01 8.186890666666695182e-01 -3.045619666666681269e-01 -9.666310000000268854e-01 -6.504400000002504012e-02 2.497946666666072402e-01 1.354263333333125818e-01
8.932156666666571931e-01 9.634666666614563960e-03 4.481826666667865222e-01 -3.256786666667764729e-01 -3.062206666666973942e-01 7.455093333333586703e-01 5.916933333335432366e-01 -4.453363333336115004e-01 -3.287063333333373194e-01 -6.658746666666391922e-01 6.697959999999871794e-01 2.020553333333245660e-01 9.312200000000955269e-01 3.574506666665207000e-01 8.850133333287940607e-02 7.642400000070356803e-02 -3.630003333334033688e-01 8.527280000000202476e-01 3.755853333338728395e-01 -1.229286666673419237e-01 5.961099999990915332e-02 -3.808186666665636655e-01 9.227666666668330464e-01 9.295309999996098638e-01 1.000000000000000000e+00 0.000000000000000000e+00 0.000000000000000000e+00 0.000000000000000000e+00 6.666666708990183411e-07 1.000001066666642124e+00 -5.333332921964977760e-07 1.333333313387781890e-06 -8.333333034805451131e-07 -1.333333368186915955e-06 1.000000666666550186e+00 -1.666666477138325258e-06 1.890623999999948845e-01 -8.348389333333103846e-01 5.172517333333194189e-01 -2.843641000000076691e-01 1.740137000000429035e-01 5.470386666667044206e-01 8.184417333329644384e-01 -3.041099999995737768e-01 -9.661876666667071900e-01 -6.516533333331690769e-02 2.495400000001021523e-01 1.364986666664801118e-01
1.000000000000000000e+00 0.000000000000000000e+00 0.000000000000000000e+00 0.000000000000000000e+00 -4.004877237920564282e-14 9.999999999997604139e-01 1.894780628693600706e-14 3.034609600642269902e-13 7.106214955177436759e-15 4.718920992318519540e-14 9.999999999999905631e-01 -5.552831776565872431e-14 1.000000000000000000e+00 0.000000000000000000e+00 0.000000000000000000e+00 0.000000000000000000e+00 2.333332957960010390e-07 1.000000133333203589e+00 -2.666666508351530082e-07 -4.666664743524862529e-07 2.333333390011048233e-07 1.333333388794057809e-07 9.999997333333302540e-01 -4.666666816107333205e-07 7.727543333333705133e-01 4.691853333335694320e-01 -4.274640000000242135e-01 1.713963333330414118e-01 -3.497076000000231555e-01 8.767567999998658879e-01 3.301429333333487648e-01 2.053199000001689478e-01 5.297455000000187431e-01 -1.056844000000055073e-01 8.417261333333196927e-01 -1.969050000000241718e-01 7.470066666666629329e-01 -2.593173333336172282e-01 6.120266666667930622e-01 5.093066666689167327e-02 -4.652622333333636950e-01 4.538686666664936697e-01 7.598946666666535066e-01 2.948631666669017104e-01 -4.749712666666864314e-01 -8.524658666668467610e-01 2.182325333333210438e-01 1.267090033333554633e+00
9.977328547939984249e-01 2.786647265357107116e-03 3.350789737357478312e-03 -5.830214699380507730e-03 5.203333333376747305e-04 9.985662666665309217e-01 1.083866666628331699e-03 2.901000001713829315e-04 1.033213333330970651e-02 -1.465493333304699296e-02 9.893002666671559808e-01 2.398109999923647706e-02 3.652193266666658999e-01 1.457490799999970055e-01 6.332385999999984305e-01 -5.842690466666622395e-01 -2.817523333333369351e-01 1.063111866666809346e+00 2.904614666665755740e-01 -3.000755333333842700e-01 8.183413333333330875e-02 -1.157973333332563103e-02 9.552762666666186897e-01 -1.160503999999604324e-01 1.049265073333333742e+00 6.125617333332551012e-02 -2.983046666667844848e-02 -3.251166666647382041e-03 1.518664666666680318e-01 7.249793333333444112e-01 3.854297333332769582e-01 -3.008739999995544909e-02 -7.483595333333319388e-01 -3.020796000000510739e-01 8.576076000000117938e-01 1.986153333337211530e-02 8.543992006666663031e-01 -1.980444893333392076e-01 3.847129586666642731e-01 -1.839728793333252344e-01 -6.691999999954845180e-04 7.954786666665878414e-01 1.719090666665764044e-01 8.248693333349969847e-02 -1.096817999999846194e-01 1.238401333331191762e-01 1.050703333333083300e+00 -2.415872333328763222e-01
1.000000000000000000e+00 0.000000000000000000e+00 0.000000000000000000e+00 0.000000000000000000e+00 8.499315021053829951e-16 9.999999999999965583e-01 0.000000000000000000e+00 0.000000000000000000e+00 -2.014958132874932029e-14 1.399718163039074459e-14 9.999999999998770983e-01 1.529158744073643554e-13 1.000000000000000000e+00 0.000000000000000000e+00 0.000000000000000000e+00 0.000000000000000000e+00 8.499315021053829951e-16 9.999999999999965583e-01 0.000000000000000000e+00 0.000000000000000000e+00 -2.014958132874932029e-14 1.399718163039074459e-14 9.999999999998770983e-01 1.529158744073643554e-13 7.725293333333684842e-01 4.688959999999303130e-01 -4.272106666664182706e-01 1.717503333330553383e-01 -3.500733666666693833e-01 8.763010666666568582e-01 3.305297333333017118e-01 2.059054333333743270e-01 5.299820000000319276e-01 -1.052853333334041047e-01 8.412880000003302161e-01 -1.972360000003518798e-01 7.471220000000382555e-01 -2.592640000000918099e-01 6.120560000004876544e-01 5.068999999949150292e-02 -4.651649000000420697e-01 4.538408000000089815e-01 7.600307999997525377e-01 2.946360000003199753e-01 -4.753470033333406786e-01 -8.530554400000024406e-01 2.188439066666235666e-01 1.267639786666724389e+00
9.999999999999905631e-01 -3.789561257387142721e-14 7.579122514774339715e-14 -1.894780628693547063e-14 -5.018221882692616795e-12 1.000000000060218497e+00 -4.014596062991918684e-11 2.760033405528167191e-11 -2.793442758085643419e-15 -2.960467120491839676e-15 1.000000000000011102e+00 -1.396452398161363238e-16 9.999999999999905631e-01 -3.789561257387142721e-14 7.579122514774339715e-14 -1.894780628693547063e-14 2.078148040297446361e-07 9.999994016323743296e-01 2.351516089997250829e-07 -5.381559237312739077e-07 1.666666617738474285e-07 -6.666666381932393507e-07 1.000000799999973156e+00 -7.666666442457460934e-07 7.724826666667046204e-01 4.691093333332007065e-01 -4.275039999998840323e-01 1.719673333332039367e-01 -3.501534333333291005e-01 8.766334666666842912e-01 3.300722666666296434e-01 2.062553333333433658e-01 5.295729999999669868e-01 -1.056306666666452093e-01 8.415706666667044367e-01 -1.965269999999554040e-01 7.469710000000052696e-01 -2.593506666667359517e-01 6.120506666667578921e-01 5.101299999994517165e-02 -4.652902333333465701e-01 4.537924000000392866e-01 7.599565333333042627e-01 2.949384333333727182e-01 -4.748536666666628436e-01 -8.525554666666339543e-01 2.184053333332736657e-01 1.266821566666688881e+00
9.977322783686665142e-01 -1.930590332001408393e-03 3.174136433337084676e-03 -2.766910769670322297e-03 -3.417594887333341713e-03 9.971581417746667730e-01 4.487408422666746242e-03 -3.879292922666749324e-03 6.261333333257984579e-04 6.994666666173543490e-04 9.983944000001698793e-01 1.479366666500652383e-03 3.272198666666653599e-01 -9.994293333333992280e-02 5.884538666666945250e-01 -3.567664666666939266e-01 -4.074385066666671995e-01 8.793777599999952344e-01 2.451537066666799602e-01 -1.272010033333463297e-01 -3.777680666666705100e-01 -3.176841333333442208e-01 8.347268000000710453e-01 1.973710666665970670e-01 8.618589800000020507e-01 1.060183333333464262e-01 -3.399081333338024868e-02 -1.815879999995413316e-02 8.885216000000041303e-01 6.631210666666795817e-01 3.335493333332551491e-01 3.654510000007655385e-02 2.138210666666739701e-01 -5.727354666666215621e-01 8.140879999998368310e-01 2.546443333334927894e-01 2.466106000000022613e-01 -3.081803999999834787e-01 3.793659999999482446e-01 -9.565279999994949489e-02 -1.765588666666660922e-01 9.363540000000050156e-01 2.695606666666524598e-01 -1.077624333333194878e-01 -2.582231333333270817e-01 -2.077755999999695291e-01 9.594129333332001019e-01 4.664663333346359686e-02
1.210547999999997959e+00 -6.667733333332138967e-02 1.279066666666781593e-01 9.022483333333100597e-02 2.209747466666677623e-02 7.530957599999997809e-01 1.230951839999996356e-01 -4.252815866666654482e-02 -7.859185333333322809e-01 -3.425474666666716295e-01 7.929373333333260554e-01 -4.649758999999987208e-01 5.881602000000011321e-01 2.959654666666702294e-01 6.345694666666679140e-01 -3.429411666666656866e-01 -3.241044666666668683e-01 8.684619999999988460e-01 3.119651999999994985e-01 -7.140843333333345144e-02 9.149666666671251933e-03 -1.622814666666737571e-01 9.637417333333262448e-01 9.707946000000045039e-01 9.999719333333279003e-01 1.666666667985195163e-05 -6.533333319680558826e-06 -3.100000000566535750e-05 -9.689820666669568539e-05 9.998496628133335395e-01 1.512035333334463445e-04 -1.068248566667016393e-04 4.490396093331842052e-04 3.259640266708686639e-05 9.998780845146668650e-01 4.957693759998489484e-04 2.282660666666631588e-01 -8.302302666666563358e-01 3.394201333333435322e-01 -3.002684000000037101e-01 2.703269333333349067e-01 6.506133333333341540e-01 5.685541333333332670e-01 -1.921899666666652684e-01 -1.065511866666663865e+00 -2.098602666666735950e-01 4.307573333333250543e-01 -4.082766666666378524e-02
1.000000000000000000e+00 0.000000000000000000e+00 0.000000000000000000e+00 0.000000000000000000e+00 -4.333333264189408790e-07 1.000000800000022450e+00 1.333333079500718803e-07 2.333333035675671877e-07 2.825164022159938164e-10 -6.459632024566369775e-10 1.000000000643386455e+00 -1.005856960223393909e-10 1.000000000000000000e+00 0.000000000000000000e+00 0.000000000000000000e+00 0.000000000000000000e+00 -4.333333264189408790e-07 1.000000800000022450e+00 1.333333079500718803e-07 2.333333035675671877e-07 2.718219526181532381e-08 4.440572982285652626e-08 9.999999775575079131e-01 -8.765371118518903254e-08 7.727596666666818326e-01 4.691813333333601510e-01 -4.274440000000431783e-01 1.713839999999514363e-01 -3.496976000000044382e-01 8.767450666666541936e-01 3.301557333333473010e-01 2.053058333333511176e-01 5.296951999999860439e-01 -1.056634666666564776e-01 8.416202666666837695e-01 -1.967655333333145351e-01 7.469990000000480412e-01 -2.592773333333062702e-01 6.120413333332406225e-01 5.088433333322188445e-02 -4.652618000000048326e-01 4.539061333333015424e-01 7.599538666666951769e-01 2.947792666666994021e-01 -4.749068666666695915e-01 -8.524970666667089914e-01 2.183581333333656782e-01 1.266921633333370378e+00
1.000000000000000000e+00 0.000000000000000000e+00 0.000000000000000000e+00 0.000000000000000000e+00 1.529876703789689243e-16 9.999999999999976685e-01 1.628327102783566805e-15 2.590520390792076958e-16 -3.401086751262457594e-13 -2.721877365701477961e-12 1.000000000004082734e+00 1.190577584436772056e-12 1.000000000000000000e+00 0.000000000000000000e+00 0.000000000000000000e+00 0.000000000000000000e+00 1.529876703789689243e-16 9.999999999999976685e-01 1.628327102783566805e-15 2.590520390792076958e-16 -1.226273032176367157e-08 3.270568686655919512e-08 1.000000016345234943e+00 1.430540903978647365e-08 7.727340000000122444e-01 4.691146666666741183e-01 -4.274426666666918950e-01 1.714526666666414956e-01 -3.497427666666738655e-01 8.766445333333323653e-01 3.301657333333447575e-01 2.054173000000140137e-01 5.296193333333603093e-01 -1.057546666666650398e-01 8.416357333332945556e-01 -1.966024000000518857e-01 7.469330000000073966e-01 -2.596400000000171349e-01 6.121719999999963857e-01 5.114299999999018936e-02 -4.653396666666709813e-01 4.534117333333285704e-01 7.601133333333403019e-01 2.951089000000093887e-01 -4.748186800000091523e-01 -8.523761066666684094e-01 2.183324266666806235e-01 1.266724613333351179e+00
9.999998666666638503e-01 -2.666666583579756500e-07 -2.666666585326993300e-07 1.666666693544987830e-07 0.000000000000000000e+00 1.000000000000000000e+00 0.000000000000000000e+00 0.000000000000000000e+00 7.737918050417758229e-17 0.000000000000000000e+00 1.000000000000000222e+00 -8.847089727481745764e-17 1.001154933333334496e+00 2.198133333332775129e-03 2.218933333332747445e-03 -1.441133333334699510e-03 5.818103586665938085e-04 1.001101289149333162e+00 1.112294445333399931e-03 -7.258422253332508451e-04 1.367122506664817543e-04 2.326723306670040162e-04 1.000238736458667121e+00 -1.699473106664816800e-04 8.492976666666721686e-01 4.742177333333258415e-01 -2.506134666666757771e-01 8.107616666666093985e-02 -2.349437333333350419e-01 8.785770666666679052e-01 6.127754666666679340e-01 7.147103333333512665e-02 -2.363894000000049400e-01 -5.925353333333308603e-01 4.460766666666693414e-01 8.303120333333386949e-01 6.085906666666738296e-01 -1.433962666666744323e-01 5.036981333333262478e-01 2.586012666666591131e-01 -4.937745933333343995e-01 7.201733466666668804e-01 7.010209466666668110e-01 3.649477233333345838e-01 5.023671999999992366e-01 -2.605103999999969777e-01 7.770672000000031776e-01 -4.064799999999926805e-02
8.939163333333156602e-01 1.000266666667106417e-02 4.482173333333046572e-01 -3.245176666667013987e-01 -3.051383666666681593e-01 7.460344000000098674e-01 5.918857333333289450e-01 -4.435830666666721322e-01 -3.288372000000199247e-01 -6.660351999999398753e-01 6.701215999999522444e-01 2.017223999999462336e-01 9.299756666667587934e-01 3.568506666665344773e-01 8.829466666685002740e-02 7.439966666687680696e-02 -3.628689666666763958e-01 8.527960000000154306e-01 3.755873333333155095e-01 -1.227083666666892725e-01 5.915643333335365850e-02 -3.809778666666910896e-01 9.221769333333718066e-01 9.289841333333784812e-01 9.999999999999963363e-01 -2.618242323285694435e-14 0.000000000000000000e+00 0.000000000000000000e+00 -1.189904102947536242e-16 9.999999999999991118e-01 0.000000000000000000e+00 0.000000000000000000e+00 -4.431459875356146624e-09 1.396896904545887739e-09 9.999999822741606481e-01 -8.147932038562348924e-09 1.896430999999993983e-01 -8.345997333333071699e-01 5.176211999999908997e-01 -2.835191000000080175e-01 1.745679333333462757e-01 5.472986666666551647e-01 8.185325333333575148e-01 -3.032071666666389942e-01 -9.664006666667345202e-01 -6.529599999987940884e-02 2.497893333331845656e-01 1.360453333331722303e-01
1.181008199999983077e+00 4.993560000020862144e-02 1.669939999999685565e-01 1.914459999977843538e-02 2.820486666666733311e-01 9.201418666664922252e-01 1.882058666667161539e-01 1.564730000001770815e-01 -2.715034406666677266e-02 -3.961993758666636500e-01 7.974401433333326850e-01 3.093469517999968832e-01 2.012327999999962980e-01 1.345658666666790237e-01 5.653893333333419591e-01 -6.699368000000160972e-01 -2.788966666666654048e-01 8.733933333333133708e-01 3.154493333333348026e-01 -2.847399999997931100e-02 -1.123886666666937782e-02 -5.335806666665982023e-01 8.473145333333124141e-01 1.076592999999930411e+00 1.000632333333324464e+00 4.425333334638609619e-04 -4.718666666940766661e-04 2.982999998633022046e-04 -4.267199999997105253e-03 9.968477333333026769e-01 3.920266666667044861e-03 -1.857799999966913999e-03 -1.524982752666427695e-03 -8.413378893375693520e-04 1.000153602732000824e+00 -9.309321899956148191e-04 5.340680000000040950e-01 -6.391093333333003335e-01 4.089973333333078442e-01 -6.198400000002782934e-02 5.814561733333297733e-01 6.865564000000378142e-01 5.881841866666623897e-01 1.024942399999593523e-01 -1.206390666666656619e+00 -6.937520000013495947e-02 4.727698666666920180e-01 -2.258659999998577916e-01
8.938649999999608298e-01 9.986666666708218093e-03 4.482519999999212135e-01 -3.246323333334393269e-01 -3.051152666666445135e-01 7.460821333332885441e-01 5.918461333333787655e-01 -4.435639333332569434e-01 -3.285733333333426542e-01 -6.658703999999839862e-01 6.699114666666490248e-01 2.022451666666365833e-01 9.299500000000162636e-01 3.567893333334143935e-01 8.832800000000078089e-02 7.438833333330240050e-02 -3.628753333333682995e-01 8.527946666666160747e-01 3.756026666666295033e-01 -1.227276666666947819e-01 5.885613333331180669e-02 -3.811466666666109560e-01 9.224837333332804867e-01 9.283111666665833095e-01 1.000000000000000000e+00 0.000000000000000000e+00 0.000000000000000000e+00 0.000000000000000000e+00 -3.333331344917048303e-08 1.000000266666610571e+00 -9.333332817718146719e-07 -2.666665860721533322e-07 -1.201653431569495616e-08 -1.922645735192069579e-08 1.000000009613229768e+00 -9.613225671519693996e-09 1.898270000000461810e-01 -8.344720000001404348e-01 5.174440000001060413e-01 -2.831409999998045768e-01 1.745908666666652342e-01 5.473354666666652157e-01 8.185122666666642122e-01 -3.031894666666682392e-01 -9.662506666666935695e-01 -6.522666666660764667e-02 2.496373333332722599e-01 1.363996666665704682e-01
1.000000000000002887e+00 -5.333334300106523658e-07 5.333333602900822461e-07 5.000000918483274152e-07 6.666667291773560661e-08 1.000000133333145858e+00 4.000000558927272210e-07 -2.333331564260055055e-07 -4.990229999877082494e-08 -4.411211839683607012e-08 1.000000092092759196e+00 7.949640843986857401e-08 1.000242000000002296e+00 -2.472000001223938399e-04 1.832000000359100306e-04 -3.649999988253361947e-05 1.559333333383519833e-04 9.998329333332718338e-01 1.201333333466317207e-04 -1.586666661161196623e-05 1.786659201238935792e-04 -2.148281549588257431e-04 1.000143019318737281e+00 4.905287398355784851e-06 1.207618999999985565e+00 2.586972000003218697e-01 -2.539708000000889809e-01 -1.829019000003002382e-01 3.588019333333373750e-01 5.300838666666114474e-01 6.104260000000121256e-01 -3.686593666666166946e-01 6.076123933333357208e-01 -4.565106266667711132e-01 6.955870533333664563e-01 1.894379333343294489e-02 3.141138666666706269e-01 -1.440573333335407880e-01 4.452802666667355913e-01 5.361349666668653313e-01 -1.066298599999995211e+00 6.784750666665930741e-01 5.659329333333519285e-01 9.119074000000669811e-01 -3.828826719999995909e-01 -5.062987653333256288e-01 4.711983173333300079e-01 8.395460739999920374e-01
8.932513333332795513e-01 9.645333333419880972e-03 4.486933333334189311e-01 -3.258636666669193493e-01 -3.059303333332802355e-01 7.455719999997018066e-01 5.925253333333180272e-01 -4.452169999995932992e-01 -3.281310666666636955e-01 -6.657167999999912267e-01 6.698042666666881306e-01 2.030578999999809731e-01 9.307673333334690602e-01 3.572879999994899025e-01 8.767466666654402663e-02 7.604200000085489797e-02 -3.629286666665649808e-01 8.527759999998731910e-01 3.756106666664134064e-01 -1.228269999994892614e-01 6.010233333335682909e-02 -3.801533333333007025e-01 9.209199999999102548e-01 9.310586666667474143e-01 1.000000000000000000e+00 0.000000000000000000e+00 0.000000000000000000e+00 0.000000000000000000e+00 -3.999999738049268234e-07 9.999999999999817923e-01 -3.789561258803190329e-14 -7.999999030635714463e-07 -4.399999999439011150e-06 -1.066666625487555812e-06 1.000001066666679428e+00 -8.566666715621070109e-06 1.891430000000629275e-01 -8.350040000003650098e-01 5.182640000000069413e-01 -2.846319999995251537e-01 1.743817999999968116e-01 5.472114666666996197e-01 8.186629333333336200e-01 -3.035990333333721258e-01 -9.666346666667252618e-01 -6.559466666613388008e-02 2.502453333333203300e-01 1.355063333327065633e-01
8.938523333332952792e-01 9.988000000173210755e-03 4.482266666666797073e-01 -3.246556666669135893e-01 -3.051351333333562343e-01 7.460674666668845045e-01 5.918186666666351847e-01 -4.435864000002502916e-01 -3.285702666666893701e-01 -6.658783999998816316e-01 6.699466666666750170e-01 2.022575333331710912e-01 9.298626666667747509e-01 3.567999999993883287e-01 8.837333333334146390e-02 7.419966666747426776e-02 -3.628190000000456328e-01 8.528013333332103985e-01 3.755866666667769804e-01 -1.226203333333284184e-01 6.009953333336072456e-02 -3.810269333334441733e-01 9.224127999999797156e-01 9.306782666668335091e-01 1.000000000000004663e+00 1.894780628693453978e-14 -3.789561257387200150e-14 1.878707578868094571e-27 3.528915596741550160e-14 9.999999999997604139e-01 1.894780628693600075e-14 2.987240084924911378e-13 1.884514624207391891e-15 -2.299669099570428553e-14 1.000000000000004441e+00 2.510514224736997751e-14 1.893690000000113338e-01 -8.345266666670934086e-01 5.174586666667360113e-01 -2.840013333329096668e-01 1.747659033333450740e-01 5.473410799999233189e-01 8.184934666666661141e-01 -3.028440366665685057e-01 -9.669643333333876045e-01 -6.528933333294852093e-02 2.496826666666719929e-01 1.350339999995159024e-01
8.939780000000250304e-01 1.008800000005584917e-02 4.480799999999361405e-01 -3.243409999999351534e-01 -3.066044000000024417e-01 7.467551999999924028e-01 5.915082666666847677e-01 -4.464703000000094235e-01 -3.326893333333430514e-01 -6.645893333333499076e-01 6.697541333333429936e-01 1.939147666666456160e-01 9.317473333334149732e-01 3.560133333334983274e-01 8.872533333320710425e-02 7.788933333352190957e-02 -3.629178666666688091e-01 8.528197333333283892e-01 3.755632000000076465e-01 -1.227952666666728282e-01 6.338046666666696805e-02 -3.829501333333275026e-01 9.228677333333201727e-01 9.375502666666707396e-01 1.000000000000004663e+00 1.894780628693630998e-14 -3.789561257387233598e-14 1.894780628693636047e-14 -2.122297298029299183e-10 9.999999991510803987e-01 -1.696234264159090380e-09 1.056639035527347881e-10 1.172789156848566973e-15 3.540558650858484127e-15 9.999999999999955591e-01 3.383867260472202278e-15 1.865377000000173480e-01 -8.332195999999640890e-01 5.171213333333032347e-01 -2.897801999999591316e-01 1.735352333333452512e-01 5.477305333333568615e-01 8.183351999999819437e-01 -3.052490666666392571e-01 -9.680419999999487768e-01 -6.453599999991017910e-02 2.495679999999468324e-01 1.326790000001114300e-01
8.938460000000949535e-01 1.014933333331368218e-02 4.474746666661231220e-01 -3.239526666659445775e-01 -3.051142999999836292e-01 7.464952000000529830e-01 5.902043999997741430e-01 -4.420891999997597632e-01 -3.284900000000041120e-01 -6.654666666667466979e-01 6.689306666670006285e-01 2.031893333330174745e-01 9.299560000001098059e-01 3.563200000000867340e-01 9.025599999900481285e-02 7.266300000116797386e-02 -3.628866666666368257e-01 8.528266666667028151e-01 3.754399999996557713e-01 -1.226016666662800569e-01 5.865433333335758059e-02 -3.818373333333848207e-01 9.241720000000281932e-01 9.266673333333654838e-01 9.999999999999972244e-01 -2.099915959683403800e-14 0.000000000000000000e+00 0.000000000000000000e+00 2.333333411143487152e-07 9.999997333333365823e-01 1.333332887061323577e-07 4.000000580392484168e-07 -2.333333369711800949e-07 2.666665800323268272e-07 1.000001466666988525e+00 -2.000000301540418927e-06 1.899233666666652887e-01 -8.339543999999901036e-01 5.159017333332950317e-01 -2.816890666666341803e-01 1.745785999999929228e-01 5.475621333333261509e-01 8.175810666667147064e-01 -3.023582666667257168e-01 -9.661370000000023550e-01 -6.502666666670629814e-02 2.494226666669862869e-01 1.366613333330249647e-01
