   0.987313   -0.113748    0.110787
   0.151882    0.880012   -0.450012
 -0.0463061     0.46113    0.886124
   -11.2856      10.397     32.5621
   0.974259    0.160178    0.158626
    0.10386    0.305598   -0.946479
  -0.200081    0.938591    0.281096
  -0.129032     51.9807     108.856
   0.986599   0.0801809    0.142106
  0.0371446    0.737694   -0.674113
  -0.158882    0.670357     0.72483
   -3.27432     21.5482     48.4132
   0.986229    0.124877   -0.108438
  -0.108842 -0.00360055   -0.994053
  -0.124525    0.992166   0.0100409
    5.83248     66.5866     74.8293
   0.992552  -0.0465255    0.112586
  0.0805145    0.944103   -0.319667
   -0.09142    0.326351    0.940817
   -6.21573     5.23223     23.2059
      0.968   -0.086737    0.235483
   0.224087     0.72116   -0.655525
  -0.112963    0.687317    0.717519
   -15.8566     18.2526     47.3884
          1           0           0
          0           1           0
          0           0           1
          0           0           0
          1           0           0
          0           1           0
          0           0           1
          0           0           0
          1           0           0
          0           1           0
          0           0           1
          0           0           0
          1           0           0
          0           1           0
          0           0           1
          0           0           0
          1           0           0
          0           1           0
          0           0           1
          0           0           0
          1           0           0
          0           1           0
          0           0           1
          0           0           0
          1           0           0
          0           1           0
          0           0           1
          0           0           0
          1           0           0
          0           1           0
          0           0           1
          0           0           0
          1           0           0
          0           1           0
          0           0           1
          0           0           0
