         1          0          0
         0          1          0
         0          0          1
         0          0          0
         1          0          0
         0          1          0
         0          0          1
         0          0          0
  0.992689 -0.0762757 -0.0935434
   0.11066   0.265696   0.957685
 -0.048194  -0.961035   0.272194
0.00105555   0.565917   0.212164
         1          0          0
         0          1          0
         0          0          1
         0          0          0
  0.977436    0.03566    -0.2082
 -0.198766    0.48887  -0.849411
 0.0714929   0.871628   0.484927
0.00809027  -0.311509   0.474616
         1          0          0
         0          1          0
         0          0          1
         0          0          0
         1          0          0
         0          1          0
         0          0          1
         0          0          0
         1          0          0
         0          1          0
         0          0          1
         0          0          0
         1          0          0
         0          1          0
         0          0          1
         0          0          0
  0.987646  -0.141413 -0.0675042
  0.155269   0.825127   0.543191
-0.0211147  -0.546962   0.836891
-0.0139766   0.345546   0.002673
  0.943892 -0.0997004  -0.314845
-0.0818381   0.852996  -0.515462
  0.319953   0.512306   0.796977
-0.0981235  -0.149179   0.344279
