#####################################################
# (C) Songrun (songruner@gmail.com)
#
# Running time: 0.956 (m)
# Repeat      : 9
#
#####################################################
*BONEANIMATION, BONEINDEX=0, NFRAMES=11
0 0.9999999660801665 -2.6638723431976485e-10 -3.6591120633477914e-08 3.3621894213187176e-08 1.7274025907593193e-09 0.9999999999590654 -1.357413524031431e-10 -7.626855787548625e-10 3.6551294047004745e-08 -1.712128071262864e-09 0.9999999660896086 -1.3961026137238042e-09 0 0 0 1
1 1.0000005645136827 1.947754023356313e-06 -4.6676931084871365e-06 8.158197082929267e-07 3.64459257311614e-06 1.000014470213865 -2.1005249681738114e-05 3.8547837596361514e-08 3.5068575202322483e-06 2.1229927542665283e-05 1.0000149880898705 -2.0120463858241955e-05 0 0 0 1
2 1.000001460409148 8.088014842047575e-06 -2.7650469155522314e-06 -2.7441649605042945e-06 9.207051826845558e-07 1.0000199398346385 -2.5064462777814323e-05 2.5733651574022173e-06 8.497868585574664e-06 2.374150391781793e-05 1.0000205583608994 -2.273031663653502e-05 0 0 0 1
3 1.0000030065740837 4.144798896130869e-05 5.95930883714969e-06 -2.667459469683428e-05 -2.3377054445295267e-05 1.0001674087609278 -0.00026375135944362027 4.2139142669719853e-05 3.4741365491440523e-05 0.0002615211855551969 1.0001653923750136 -0.0002348518818484635 0 0 0 1
4 1.000003146477744 5.017495331398683e-06 3.2076988473267454e-05 -1.894005451275743e-05 -3.11349892440603e-05 1.0000971298845727 -0.00014980558011636058 4.623643982015757e-05 -9.20439534607886e-06 0.00015292457006559068 1.0000975448832399 -0.00010580244686828055 0 0 0 1
5 0.9634992836888489 -0.26587973340168075 0.031625413957967814 0.14740943944085835 0.219969275373608 0.8533141564703148 0.47282256329018835 -0.246014053245038 -0.15266210182416415 -0.44861523138536596 0.8806327833259382 0.37288528789930486 0 0 0 1
6 0.9751432282308847 0.16233989013637573 0.15085467962746735 -0.11741072908287678 -0.2214580990005716 0.688480195882377 0.6907589774218438 -0.08391956756590035 0.008227070076835385 -0.7069918065807604 0.7073044982673068 0.39641086096251926 0 0 0 1
7 1.0000187044781823 -7.166732937136794e-05 -8.157871694227173e-05 4.039006848504528e-05 0.00010806297951749394 1.0000997281240132 -0.00020763095365423923 1.918314356310659e-05 1.0662345660907274e-05 0.0002228273195963304 1.000088822714063 -8.688999471890765e-05 0 0 0 1
8 1.000000611343011 -3.934694431353275e-06 2.3197838621077937e-06 -7.394641146100597e-07 4.4090303299784694e-06 1.0000057390347752 1.2123847935058274e-05 -7.687330919763091e-06 1.1931760065964775e-06 -1.2285984573465192e-05 1.000005149584204 -1.1253472580376872e-06 0 0 0 1
9 1.0000273755416236 0.00018589201092944485 -1.3682085615511312e-05 -4.2841260744956935e-05 -0.00013465813732433524 1.0001680175307621 -0.00041409232325452516 0.0002183268780124592 0.00012888066281100188 0.00039376316028640057 1.000149683261965 -0.0002050687780294977 0 0 0 1
10 1.0000023787499372 -8.517675530437564e-06 -2.4204557209549227e-05 1.0474455815541461e-05 2.2672831999363124e-05 1.000037687626527 -9.266471053834269e-05 2.2871087416907743e-05 1.2014744079126734e-05 9.501713052720989e-05 1.0000380405733464 -3.646911947673484e-05 0 0 0 1
#####################################################
*BONEANIMATION, BONEINDEX=1, NFRAMES=11
0 0.07467101123786957 -0.007267013136463839 -0.9982013715159879 0.9172012470756885 0.0471233384526519 0.9988834435521072 -0.003702995458897818 -0.020805972256600455 0.997114927452903 -0.04670665608204292 0.0749285721027112 -0.038085512349134466 0 0 0 1
1 1.0000128734435358 4.44175263832787e-05 -0.00010644433501755951 1.8604347870639602e-05 8.311305474367411e-05 1.000329985767359 -0.00047901389021759444 8.790635639200945e-07 7.99720778679805e-05 0.00048413755301571215 1.0003417956627023 -0.00045883680564801077 0 0 0 1
2 0.9999999897272476 -5.6892391020468835e-08 1.944978255796065e-08 1.9302895597032854e-08 -6.47638762410474e-09 0.9999998597400097 1.7630744342939098e-07 -1.8101462413190605e-08 -5.977536788118187e-08 -1.6700153898652204e-07 0.9999998553891963 1.5988868573568737e-07 0 0 0 1
3 1.00000090606943 1.2490879878472583e-05 1.7959136910804425e-06 -8.038729176311488e-06 -7.044973382469566e-06 1.000050450764338 -7.948483463587896e-05 1.2699167859696325e-05 1.046975339554293e-05 7.881274330326371e-05 1.0000498431007347 -7.077560863394394e-05 0 0 0 1
4 0.9999999997581026 -3.857363976844663e-10 -2.4660236283557957e-09 1.456078778383496e-09 2.393604365061308e-09 0.9999999925328235 1.151679483030188e-08 -3.5545778369339143e-09 7.076180739452875e-10 -1.1756577614208119e-08 0.9999999925009148 8.133910073260253e-09 0 0 0 1
5 1.000017803092673 0.00012968188058302965 -1.5425181542853134e-05 -7.189842218432996e-05 -0.00010728922034024257 1.0000715454908893 -0.00023061749914218832 0.0001199924667687341 7.446038930831317e-05 0.00021881046035368557 1.0000582209292141 -0.00018187345367721985 0 0 0 1
6 1.000000155470308 -1.01537853405137e-06 -9.435426087320287e-07 7.343625395769826e-07 1.3851419991689484e-06 1.0000019484460794 -4.320452830663957e-06 5.24887182277306e-07 -5.1457410416445165e-08 4.421983430064058e-06 1.00000183070673 -2.4794095811464523e-06 0 0 0 1
7 1.0000001492447512 -5.71840203900803e-07 -6.509240757929247e-07 3.222760663890156e-07 8.622444395284257e-07 1.000000795739864 -1.656706450955947e-06 1.530640645402634e-07 8.507583541469965e-08 1.7779596507561113e-06 1.0000007087245961 -6.933032490850921e-07 0 0 0 1
8 0.9999999999139306 5.539844277757666e-10 -3.266134845220092e-10 1.0411269199192552e-10 -6.207685199210999e-10 0.9999999991919715 -1.7069746588438406e-09 1.0823361790146535e-09 -1.6799296589237178e-10 1.7298026969148061e-09 0.9999999992749684 1.5844305468332154e-10 0 0 0 1
9 1.0000001894197852 1.2862439552618898e-06 -9.467055539806243e-08 -2.9643184982445364e-07 -9.317410377511492e-07 1.0000011625649339 -2.8652320510358376e-06 1.5106707692558174e-06 8.917649159945196e-07 2.7245683245219476e-06 1.0000010357044908 -1.4189339007861235e-06 0 0 0 1
10 0.9999999999987724 4.396897776426378e-12 1.2494618187308681e-11 -5.407020317593769e-12 -1.170393643112888e-11 0.999999999980546 4.7834326777351777e-11 -1.1806302463446272e-11 -6.202123016552097e-12 -4.904868178279287e-11 0.9999999999803615 1.8825736108896152e-11 0 0 0 1
#####################################################
*BONEANIMATION, BONEINDEX=2, NFRAMES=11
0 1.0000038989999736 3.062055192390445e-08 4.2060577031821644e-06 -3.864752625259982e-06 -1.9856061758173615e-07 1.0000000047047586 1.5603076710226163e-08 8.766880351014639e-08 -4.201479824217369e-06 1.9680486952784737e-07 1.0000038979147066 1.6047850383109352e-07 0 0 0 1
1 1.000007163942479 2.4717908865080906e-05 -5.92352070546559e-05 1.0353133382376596e-05 4.6251583100939686e-05 1.000183633776767 -0.0002665664355402664 4.891900749292135e-07 4.450366090706995e-05 0.000269417702605218 1.0001902058653218 -0.00025533808992617146 0 0 0 1
2 1.000002542555548 1.4081140914525697e-05 -4.8139149115772675e-06 -4.777559667760133e-06 1.6029371448116926e-06 1.0000347150230124 -4.3636941723268485e-05 4.4801991729015445e-06 1.4794691573068175e-05 4.133368554792155e-05 1.0000357918701268 -3.9573220109279106e-05 0 0 0 1
3 0.9897371141700023 -0.14148195480574732 -0.0203419920893921 0.09105324277365381 0.07979714923220316 0.42855324610034184 0.9003104578042957 -0.14384119539144166 -0.11858901783990758 -0.8926977998862281 0.4354361426549921 0.8016626178125047 0 0 0 1
4 0.9813809987101794 -0.029690580898722396 -0.18981271697335403 0.11207608250665965 0.1842385205916665 0.425242575216792 0.8864611527769437 -0.2736000068319391 0.054466188127170106 -0.9049174974871084 0.42278685760886314 0.6260765383024721 0 0 0 1
5 1.0000078812543731 5.740889559370521e-05 -6.828576457486302e-06 -3.182872575556439e-05 -4.7495884707704494e-05 1.0000316724865355 -0.00010209210315909045 5.311948720815307e-05 3.2962883453273306e-05 9.686524298405108e-05 1.0000257738338734 -8.05135926970485e-05 0 0 0 1
6 1.000005354646217 -3.497126201386369e-05 -3.2497117762264605e-05 2.5292621342612454e-05 4.770650761701939e-05 1.0000671076017338 -0.00014880331117370083 1.807795473432114e-05 -1.7722755819324192e-06 0.00015230018751949403 1.000063052470177 -8.539483470379472e-05 0 0 0 1
7 1.0000001331932071 -5.10337750864176e-07 -5.809160087064114e-07 2.876146898631027e-07 7.695084831838006e-07 1.000000710156596 -1.4785246617576853e-06 1.3660174626086569e-07 7.592577473160278e-08 1.5867368595573472e-06 1.0000006324999782 -6.187372247924705e-07 0 0 0 1
8 1.0000000818536974 -5.26822529763743e-07 3.1059957110619874e-07 -9.90080328564305e-08 5.90332121807452e-07 1.0000007684085417 1.6232813883354513e-06 -1.0292690305058194e-06 1.5975624365061059e-07 -1.6449901222848062e-06 1.000000689486067 -1.506745440048307e-07 0 0 0 1
9 1.0000085265611134 5.789911350734256e-05 -4.261509809421436e-06 -1.3343612811908719e-05 -4.194148386820265e-05 1.0000523318137033 -0.0001289758409023095 6.800148445650772e-05 4.014199474037736e-05 0.00012264398990829983 1.0000466213051926 -6.38720319211597e-05 0 0 0 1
10 1.0000014170490144 -5.07407841634621e-06 -1.4418936348976202e-05 6.239755199246785e-06 1.3506469819617173e-05 1.0000224509576165 -5.520144621853906e-05 1.362457287854002e-05 7.157322839105099e-06 5.660281017613039e-05 1.0000226612121426 -2.1725078789509855e-05 0 0 0 1
#####################################################
*BONEANIMATION, BONEINDEX=3, NFRAMES=11
0 0.9999999999278812 -5.665624219775012e-13 -7.779882293945661e-11 7.148520664301827e-11 3.6730982838628634e-12 0.9999999999999082 -2.885918500700191e-13 -1.62155879002146e-12 7.771350230001417e-11 -3.640077822497645e-12 0.9999999999279017 -2.968318299489958e-12 0 0 0 1
1 1.000000063440947 2.1889170355796073e-07 -5.245627959366006e-07 9.168311994583317e-08 4.095851260516037e-07 1.000001626185714 -2.3606034601220127e-06 4.3320674687459884e-09 3.941062411798313e-07 2.3858531161546903e-06 1.0000016843854451 -2.2611698179131334e-06 0 0 0 1
2 1.000000112797313 6.246922985668479e-07 -2.13563346124733e-07 -2.1195049097408325e-07 7.111231223278988e-08 1.0000015400888065 -1.9358986317816185e-06 1.9875846259207602e-07 6.563480858499948e-07 1.8337175368629555e-06 1.0000015878617878 -1.755616677728833e-06 0 0 0 1
3 1.0000000847115598 1.1678154894223525e-06 1.6790617205679828e-07 -7.515685474177025e-07 -6.586588870219345e-07 1.000004716816159 -7.431311641770133e-06 1.1872890518620227e-06 9.788533957451329e-07 7.3684755027836335e-06 1.0000046600035883 -6.6170560308886905e-06 0 0 0 1
4 1.0000001182466614 1.8856071066445518e-07 1.2054739153694038e-06 -7.117794642210601e-07 -1.170072976766981e-06 1.0000036502037093 -5.629790320239858e-06 1.737595229311939e-06 -3.4590711360570417e-07 5.747003973946563e-06 1.0000036657996225 -3.97612419205523e-06 0 0 0 1
5 0.9635104191914202 -0.2657986198029849 0.031615765794478425 0.14736446831815633 0.21990216796643647 0.8533589068410716 0.4726783163437876 -0.24593900019404707 -0.1526155282387878 -0.44847836952161324 0.8806691994317725 0.3727715294446258 0 0 0 1
6 0.9751507981798512 0.16229045070413645 0.15080873793251395 -0.11737497249969948 -0.22139065554800935 0.6885750669718789 0.6905486118017288 -0.08389401047225727 0.008224564582509562 -0.706776497370647 0.7073936365524963 0.39629013691938364 0 0 0 1
7 0.9423559457885005 0.2208666491299532 0.2514118777610198 -0.12447539433482535 -0.3330319183144182 0.6926547037891679 0.6398836595610632 -0.059119220371643334 -0.032859555094897 -0.6867163021885722 0.7262633421201466 0.26778034210004414 0 0 0 1
8 0.9647904423736038 0.2266139447633822 -0.13360513279071035 0.04258853716689563 -0.25393274449443176 0.6694672654372106 -0.6982582902748922 0.4427424835390412 -0.06871952228275649 0.7075963529462744 0.7034159551585022 0.06481300793049348 0 0 0 1
9 1.000003709375804 2.518829899866848e-05 -1.8539175604538431e-06 -5.804975048370048e-06 -1.824612799974229e-05 1.0000227663135215 -5.6109357250325176e-05 2.9583211539757626e-05 1.7463282331587476e-05 5.335476315765364e-05 1.0000202820268516 -2.7786743876344333e-05 0 0 0 1
10 0.9999999997154506 1.0188975704816805e-09 2.895386751536333e-09 -1.25297064564045e-09 -2.712159443210571e-09 0.9999999954917483 1.1084696681373796e-08 -2.735874891218737e-09 -1.4372223133829465e-09 -1.1366096737408515e-08 0.999999995449526 4.362492742049362e-09 0 0 0 1
#####################################################
*BONEANIMATION, BONEINDEX=4, NFRAMES=11
0 1.0000234016871965 1.837836817019517e-07 2.524463897574103e-05 -2.3196135581049493e-05 -1.1917551919100877e-06 1.0000000282378487 9.364922367248972e-08 5.261856707138718e-07 -2.5217162669621818e-05 1.181217241580032e-06 1.0000233951734503 9.63187425822784e-07 0 0 0 1
1 0.9753905162167394 -0.08491064508702001 0.20348402732302007 -0.035564951669945104 -0.15888284801229743 0.3691835935651284 0.9157056174861269 -0.0016804595024218576 -0.1528784079986138 -0.9255002537217658 0.34660723883080524 0.877134147927529 0 0 0 1
2 0.9432694049348789 -0.31418448405680305 0.10741014396288864 0.10659897009610636 -0.03576542432734819 0.22542344681041682 0.9736462481470666 -0.09996413459310531 -0.3301055338385779 -0.9222550038281904 0.20139636992203447 0.8829747403274238 0 0 0 1
3 1.000000018177528 2.505915185357921e-07 3.602954662266025e-08 -1.6127265413043435e-07 -1.4133596633846002e-07 1.0000010121411602 -1.5946214838025163e-06 2.5477018335273716e-07 2.1004376209166065e-07 1.5811380158214927e-06 1.0000009999502355 -1.4198973501411416e-06 0 0 0 1
4 1.0000000198783843 3.1698844410021215e-08 2.026516019333624e-07 -1.196568808186499e-07 -1.9670036823307702e-07 1.0000006136338755 -9.464211645146547e-07 2.921062432527377e-07 -5.8150267537391415e-08 9.661258916493498e-07 1.000000616255693 -6.684241993654139e-07 0 0 0 1
5 1.000000661895341 4.821400092488992e-06 -5.734877639301805e-07 -2.6730878500622057e-06 -3.988870723878324e-06 1.000002659966333 -8.57405234053199e-06 4.461160555274679e-06 2.7683383852505905e-06 8.13508231919946e-06 1.000002164576825 -6.7618134658442575e-06 0 0 0 1
6 1.0000003552118506 -2.3198930693899e-06 -2.1557654464668397e-06 1.6778398486058665e-06 3.164712681885673e-06 1.0000044517255395 -9.871184235704655e-06 1.1992395894423746e-06 -1.1756767135783636e-07 1.0103156968199745e-05 1.0000041827197574 -5.6648480440124604e-06 0 0 0 1
7 1.0000000317803681 -1.2176837901889392e-07 -1.3860859919209711e-07 6.862587473462078e-08 1.8360742564532684e-07 1.0000001694458587 -3.527811752584986e-07 3.259365624012217e-08 1.8116156425690422e-08 3.78600985700972e-07 1.000000150916717 -1.4763287416522108e-07 0 0 0 1
8 0.999999999823942 1.1331638856415527e-09 -6.680811997367142e-10 2.1296038977408616e-10 -1.2697693001217925e-09 0.9999999983471966 -3.491581752890216e-09 2.2138965521945053e-09 -3.4362617265526474e-10 3.5382759500102168e-09 0.9999999985169595 3.2409200757116396e-10 0 0 0 1
9 1.0000000065500685 4.447786207395499e-08 -3.27367439883694e-09 -1.0250508759510057e-08 -3.22192763545226e-08 1.0000000402010856 -9.907871353909137e-08 5.223846226420914e-08 3.083691624966578e-08 9.421461145964205e-08 1.0000000358142938 -4.906623377737285e-08 0 0 0 1
10 1.000000002645641 -9.473341043043926e-09 -2.69202582621475e-08 1.1649667978549938e-08 2.5216676623543433e-08 1.0000000419161006 -1.0306149859223845e-07 2.5437175896897424e-08 1.3362773411233764e-08 1.0567785526521822e-07 1.000000042308645 -4.0560878891704455e-08 0 0 0 1
#####################################################
*BONEANIMATION, BONEINDEX=5, NFRAMES=11
0 1.0000155118546676 1.2182137747000776e-07 1.6733458901907472e-05 -1.5375604372980245e-05 -7.899572874326549e-07 1.0000000187175124 6.207557328254988e-08 3.487832130983845e-07 -1.671524617741227e-05 7.829721862823852e-07 1.000015507537018 6.384506912680138e-07 0 0 0 1
1 1.0000068639101005 2.3682700526803796e-05 -5.675438310639991e-05 9.919534809643346e-06 4.4314525045347636e-05 1.0001759430284136 -0.0002554023925671889 4.687023529566605e-07 4.263980741097198e-05 0.00025813424599333 1.0001822398719666 -0.0002446443002041554 0 0 0 1
2 1.0000155864055629 8.632038469962716e-05 -2.951032090381476e-05 -2.9287455537149905e-05 9.82634516834063e-06 1.000212810464689 -0.0002675037214322218 2.7464572542932816e-05 9.069460179732258e-05 0.0002533842718573445 1.0002194117662335 -0.00024259224478846708 0 0 0 1
3 0.9897346254346325 -0.1415162639806666 -0.02034692499384454 0.09107532305687846 0.07981649992858579 0.428414671066773 0.90052878182322 -0.14387607667888255 -0.11861777550983206 -0.892914277846321 0.4352992367141508 0.8018570198690677 0 0 0 1
4 0.9999999995197457 -7.658295629597855e-10 -4.8959699350259456e-09 2.8908554612627757e-09 4.752190958454139e-09 0.9999999851748884 2.2865101680091815e-08 -7.057153156991847e-09 1.4048838346998604e-09 -2.3341159186007765e-08 0.9999999851115415 1.6148822667982898e-08 0 0 0 1
5 1.0000167207999195 0.00012179820766357319 -1.4487447717157279e-05 -6.752754445364662e-05 -0.0001007668510074472 1.0000671960686995 -0.0002165977075986869 0.00011269783658181265 6.993376344417712e-05 0.00020550844705002902 1.000054681539124 -0.0001708169297045259 0 0 0 1
6 1.00000298667835 -1.950603398824524e-05 -1.8126022542176712e-05 1.4107547258848663e-05 2.6609413142683613e-05 1.0000374308241955 -8.299850443402312e-05 1.0083399316501013e-05 -9.885278868092956e-07 8.494896847041633e-05 1.0000351689803424 -4.763095330988232e-05 0 0 0 1
7 1.0000001013383473 -3.8828394566953195e-07 -4.419825098272989e-07 2.1882795547475964e-07 5.854706800756393e-07 1.000000540313557 -1.1249165645654813e-06 1.0393169020458254e-07 5.7767153906727875e-08 1.2072484304598285e-06 1.0000004812295133 -4.707582979997238e-07 0 0 0 1
8 1.0000000641519045 -4.1289116139292537e-07 2.4342887859282736e-07 -7.759641882862378e-08 4.6266608120723585e-07 1.0000006022314478 1.2722283117203026e-06 -8.066778873494496e-07 1.2520713761621227e-07 -1.289242285006098e-06 1.0000005403768577 -1.1808945886773725e-07 0 0 0 1
9 0.9999999898491074 -6.892903527122574e-08 5.073337777227599e-09 1.5885603487156286e-08 4.9931438421413343e-08 0.9999999376988491 1.535460518869991e-07 -8.095593217322117e-08 -4.778914207761997e-08 -1.4600796757746615e-07 0.9999999444972208 7.603980894943518e-08 0 0 0 1
10 1.0000000029530765 -1.0574186408429664e-08 -3.004851483780213e-08 1.3003412479596632e-08 2.814696932126881e-08 1.0000000467869423 -1.1503771418092112e-07 2.8393091495992895e-08 1.4915588535113766e-08 1.17958103368343e-07 1.0000000472251025 -4.527423769565275e-08 0 0 0 1
#####################################################
*BONEANIMATION, BONEINDEX=6, NFRAMES=11
0 0.9999999539667966 -3.6151878582760255e-10 -4.9658454071010993e-08 4.562886490866447e-08 2.3442887457647554e-09 0.9999999999444489 -1.84216250110128e-10 -1.0350540754350268e-09 4.9604404972480864e-08 -2.3235596450371654e-09 0.9999999539796103 -1.8946754547222167e-09 0 0 0 1
1 1.0000010879333305 3.7537203878765246e-06 -8.99559932904942e-06 1.572251441980116e-06 7.023875336954061e-06 1.0000278870617882 -4.048141245596715e-05 7.428956744887603e-08 6.758431718299068e-06 4.091441264891804e-05 1.0000288851147758 -3.8776249204147684e-05 0 0 0 1
2 1.0000018059714082 1.0001802284699546e-05 -3.4193127853143074e-06 -3.393489738525747e-06 1.1385625990436611e-06 1.0000246580016905 -3.0995220207968854e-05 3.1822752570671506e-06 1.0508635690454488e-05 2.9359222598376866e-05 1.0000254228837402 -2.8108768011340934e-05 0 0 0 1
3 1.0000001773480496 2.4448823785980234e-06 3.515202915607002e-07 -1.573447787478477e-06 -1.3789365879979254e-06 1.0000098748996005 -1.555783687401391e-05 2.4856512930993002e-06 2.0492804216655502e-06 1.54262861531973e-05 1.0000097559595358 -1.3853150463594144e-05 0 0 0 1
4 1.0000001922247568 3.0652904786480917e-07 1.959648805950967e-06 -1.1570866523388443e-06 -1.9021001471507953e-06 1.0000059338632283 -9.151929160962358e-06 2.824678637131095e-06 -5.623153296963404e-07 9.342474633321218e-06 1.0000059592163413 -6.463687787887362e-06 0 0 0 1
5 0.963508572360076 -0.2658120725533704 0.03161736594953489 0.14737192681214492 0.21991329777959 0.8533514849589565 0.4727022398066225 -0.2459514477981095 -0.15262325250239708 -0.4485010681630244 0.8806631597936639 0.3727903963685406 0 0 0 1
6 0.9751495437291954 0.16229864353720147 0.15081635113963288 -0.117380897885645 -0.2214018319091273 0.6885593454523593 0.6905834724449474 -0.08389824565442587 0.008224979779364122 -0.7068121772386374 0.7073788650420403 0.3963101426493759 0 0 0 1
7 1.000010120243678 -3.8776320293903294e-05 -4.4138974970520106e-05 2.1853447672876697e-05 5.846854825544007e-05 1.0000539588919113 -0.00011234078948461901 1.0379230335121233e-05 5.768968008982613e-06 0.00012056293419479558 1.0000480584115545 -4.7012694558510454e-05 0 0 0 1
8 1.0000000689376791 -4.4369311712200155e-07 2.615888350654405e-07 -8.338516334967933e-08 4.971812791083885e-07 1.0000006471583156 1.3671373915585816e-06 -8.668565950609164e-07 1.3454767349048435e-07 -1.3854206180469175e-06 1.000000580689331 -1.2689901117586555e-07 0 0 0 1
9 0.957758971807328 -0.2868352262108399 0.021111741720032655 0.06610495338400668 0.20778029721345043 0.7407454672072477 0.6389530384819624 -0.3368828984612817 -0.1988655342782333 -0.6075847186195668 0.769035624007526 0.3164253753602022 0 0 0 1
10 0.9829341389964735 0.06110834284118591 0.1736507072856748 -0.07514686780023438 -0.16266165411524466 0.7296177349788017 0.6648042509534273 -0.1640839975693294 -0.08619735486720892 -0.6816812130611046 0.7270855892863639 0.2616403322915004 0 0 0 1
#####################################################
*BONEANIMATION, BONEINDEX=7, NFRAMES=11
0 1.0002422174721142 1.9022397147899252e-06 0.00026129281131964666 -0.0002400899249725974 -1.23351759818216e-05 1.0000002922738607 9.693095216983891e-07 5.4462467577540835e-06 -0.0002610084197826601 1.2226103692938514e-05 1.000242150052049 9.969401842405134e-06 0 0 0 1
1 0.999993410758066 -2.273500688076968e-05 5.4483283651561576e-05 -9.522591897672024e-06 -4.254122247089598e-05 0.9998310975576039 0.00024518213815188927 -4.4994662696531355e-07 -4.093352081115456e-05 -0.00024780467295879016 0.999825052690323 0.0002348545446575201 0 0 0 1
2 0.9999894025458196 -5.869065307648885e-05 2.006455384056128e-05 1.991302400245875e-05 -6.681094127341473e-06 0.9998553066555743 0.00018188019163566105 -1.8673615793282985e-05 -6.166475541689517e-05 -0.00017228014502448236 0.9998508183217895 0.0001649424678483169 0 0 0 1
3 0.999998355349214 -2.2672804906715555e-05 -3.2598504783923864e-06 1.4591489157587262e-05 1.2787674577546815e-05 0.9999084243585447 0.00014427679765499635 -2.3050878574258638e-05 -1.9004159712565638e-05 -0.00014305685191626227 0.9999095273583629 0.00012846825702747533 0 0 0 1
4 1.0000000174217918 2.778146685356725e-08 1.7760769731658965e-07 -1.0486955377697615e-07 -1.723919234915966e-07 1.0000005378003363 -8.294614110906928e-07 2.5600743706194473e-07 -5.0963994440832855e-08 8.467310066984091e-07 1.000000540098146 -5.858196122365822e-07 0 0 0 1
5 0.9635168735224137 -0.26575160495020217 0.03161017355108927 0.14733840227316147 0.2198632713459001 0.853384844934399 0.47259470830446465 -0.2458954981401379 -0.1525885333785518 -0.4483990420046575 0.8806903068401755 0.3727055930654551 0 0 0 1
6 1.0000170720694201 -0.00011149790083603284 -0.0001036096556158092 8.063976030406317e-05 0.00015210132975333746 1.0002139572978597 -0.0004744254532975112 5.7637439663232176e-05 -5.650496885439317e-06 0.00048557444677221895 1.0002010284348468 -0.00027226197349802805 0 0 0 1
7 1.0000048013250273 -1.8396564647211316e-05 -2.0940757151720335e-05 1.0367883281132972e-05 2.773910519784234e-05 1.0000255995988236 -5.3297594526768854e-05 4.924195498722146e-06 2.7369588480709653e-06 5.719840861992398e-05 1.0000228002468605 -2.2304129637162884e-05 0 0 0 1
8 0.9999999720641286 1.797994478025533e-07 -1.0600463769619428e-07 3.379048660150097e-08 -2.014746590152383e-07 0.9999997377495733 -5.540102799989066e-07 3.512795921367662e-07 -5.4523265027861534e-08 5.614192618713654e-07 0.9999997646850599 5.142376851771657e-08 0 0 0 1
9 1.000030245590599 0.00020538091028533823 -1.5116514067835957e-05 -4.7332734126612555e-05 -0.00014877568262732996 1.0001856324714513 -0.0004575057199449478 0.0002412162455067493 0.0001423924982785693 0.0004350452496162255 1.0001653760397942 -0.00022656816768096277 0 0 0 1
10 0.9999999983396096 5.945420666203516e-09 1.689501711969743e-08 -7.31127248500274e-09 -1.58258580112286e-08 0.9999999736936693 6.4680872005618e-08 -1.596424226840698e-08 -8.386408636984477e-09 -6.632288512831153e-08 0.999999973447307 2.5455801081625262e-08 0 0 0 1
#####################################################
*BONEANIMATION, BONEINDEX=8, NFRAMES=11
0 1.0000000393150916 3.0875861242729563e-10 4.241127055104599e-08 -3.8969762861107426e-08 -2.0021614869497606e-09 1.000000000047435 1.5733175547961997e-10 8.839977517355324e-10 -4.2365110641817694e-08 1.9844579746824964e-09 1.000000039304149 1.6181654696745262e-09 0 0 0 1
1 1.0000000358159336 1.235765106008535e-07 -2.9614480065442983e-07 5.17602077188678e-08 2.3123352714538026e-07 1.0000009180720562 -1.3326916177558434e-06 2.4456924261934306e-09 2.224948378766467e-07 1.3469464492654737e-06 1.0000009509290329 -1.2765558101424102e-06 0 0 0 1
2 1.000000081348711 4.50524148081638e-07 -1.5402053904576413e-07 -1.5285735807148149e-07 5.1285751321520495e-08 1.000001110702339 -1.3961578904861383e-06 1.4334335036395723e-07 4.7335410229346064e-07 1.3224655288843201e-06 1.0000011451559119 -1.2661396815369375e-06 0 0 0 1
3 0.9999999929785569 -9.679612008109406e-08 -1.391715228173454e-08 6.229487462330874e-08 5.4593919404308244e-08 0.9999996090396925 6.159552952966774e-07 -9.841021533438243e-08 -8.113371657500479e-08 -6.107470281735417e-07 0.9999996137486841 5.484645104469887e-07 0 0 0 1
4 0.9999999920890187 -1.2615154766290604e-08 -8.064903848394034e-08 4.7619719270239336e-08 7.828063248831174e-08 0.9999997557927937 3.766462054535791e-07 -1.162492051891284e-07 2.3141998990294094e-08 -3.8448807471863633e-07 0.9999997547493857 2.6601205473791856e-07 0 0 0 1
5 0.9635107849177236 -0.26579595576726567 0.03161544891725223 0.14736299131948855 0.21989996393982925 0.8533603765895239 0.4726735788025641 -0.24593653520652475 -0.15261399861000777 -0.4484738745306438 0.8806703954557223 0.37276779324512904 0 0 0 1
6 0.9751510000514683 0.16228913227805758 0.15080751278234555 -0.11737401896100337 -0.2213888569997114 0.6885775969466958 0.690543001876471 -0.08389332892845242 0.008224497767238636 -0.7067707556122009 0.7073960136477521 0.3962869175109154 0 0 0 1
7 0.9999977242046862 8.719846171671708e-06 9.925776066385672e-06 -4.914305962579885e-06 -1.3148146673039318e-05 0.9999878659647592 2.5262696296685094e-05 -2.3340350815909475e-06 -1.2972998269253702e-06 -2.7111655571759874e-05 0.9999891928384967 1.0572005325778372e-05 0 0 0 1
8 0.999999996433083 2.2957236771314893e-08 -1.3534933538533744e-08 4.31445266232261e-09 -2.5724781315544787e-08 0.9999999665152168 -7.073739854979166e-08 4.4852244696080845e-08 -6.96166489733141e-09 7.168339589969097e-08 0.9999999699544109 6.565913602749052e-09 0 0 0 1
9 0.9577717555075758 -0.28674841924355643 0.02110535252475494 0.0660849475757889 0.20771741519682843 0.7408239272347817 0.6387596676180001 -0.3367809452140066 -0.19880535019918577 -0.6074008409714551 0.7691055223854041 0.3163296133174106 0 0 0 1
10 0.9999999642558045 1.2799052848642967e-07 3.637088614050904e-07 -1.5739401336596626e-07 -3.4069245069719145e-07 0.9999994336883091 1.392422760419787e-06 -3.4367152821138114e-07 -1.805390965232967e-07 -1.427771311159065e-06 0.9999994283847651 5.480018415091048e-07 0 0 0 1
#####################################################
*BONEANIMATION, BONEINDEX=9, NFRAMES=11
0 1.0000000360654295 2.8323747687519774e-10 3.8905688171109176e-08 -3.574864437805303e-08 -1.836668917648554e-09 1.0000000000435136 1.4432712360304412e-10 8.109291528210494e-10 -3.886334326574925e-08 1.8204292101531294e-09 1.0000000360553916 1.4844129883617718e-09 0 0 0 1
1 1.000000004032506 1.391344881668255e-08 -3.334287002748626e-08 5.827669010555203e-09 2.6034525774792927e-08 1.0000001033655082 -1.5004742040525265e-07 2.753599073475159e-10 2.5050638938206582e-08 1.516523681077686e-07 1.0000001070648665 -1.4372710352428264e-07 0 0 0 1
2 1.0000000090120438 4.991036172199981e-08 -1.7062838569142924e-08 -1.693397803665536e-08 5.681583121509848e-09 1.0000001230468005 -1.5467038940591982e-07 1.5879988910644238e-08 5.243952978795097e-08 1.4650653737402486e-07 1.0000001268636656 -1.4026659777427453e-07 0 0 0 1
3 1.000000028333958 3.906058986223593e-07 5.6160533756441366e-08 -2.513814129183334e-07 -2.2030538967057756e-07 1.000001577660368 -2.4855931332057324e-06 3.9711933189079396e-07 3.274026707661415e-07 2.4645759721664273e-06 1.000001558657942 -2.213244421095384e-06 0 0 0 1
4 1.0000000522842232 8.337445088447623e-08 5.330152044579622e-07 -3.147220954341848e-07 -5.173622415113183e-07 1.0000016139827272 -2.4892814356747284e-06 7.682992262288135e-07 -1.529471094527217e-07 2.5411089025206834e-06 1.0000016208786509 -1.7580924996235536e-06 0 0 0 1
5 0.9635107064056749 -0.2657965276673451 0.03161551694265802 0.1473633083931859 0.21990043708776136 0.8533600610722617 0.47267459583104554 -0.24593706437606616 -0.15261432698203914 -0.44847483948981226 0.8806701387000839 0.37276859531124756 0 0 0 1
6 0.9751509585772119 0.16228940314694956 0.15080776448782526 -0.11737421486426575 -0.22138922650907747 0.68857707716672 0.6905441544281864 -0.0838934689507246 0.008224511494347567 -0.7067719352488702 0.7073955252766797 0.3962875789341219 0 0 0 1
7 0.9423689108855082 0.22081697258358685 0.2513553310897507 -0.1244473977689223 -0.3329570139520041 0.6927238308072932 0.6397397391891627 -0.05910592348547466 -0.032852164439862934 -0.6865618483841587 0.7263249100020831 0.26772011389160827 0 0 0 1
8 0.9999999990192757 6.312116024309589e-09 -3.721443937731994e-09 1.1862631688584757e-09 -7.073055106887605e-09 0.9999999907933226 -1.9449320515230184e-08 1.2332171145379434e-08 -1.9141170176650846e-09 1.9709422954816702e-08 0.9999999917389364 1.805304704338706e-09 0 0 0 1
9 0.9999995209870235 -3.2527095367856917e-06 2.3940700916895777e-07 7.496297268778235e-07 2.356227173337666e-06 0.9999970600553417 7.245723160242967e-06 -3.820249802964637e-06 -2.255133821533334e-06 -6.890006623530565e-06 0.9999973808655271 3.5882616290019986e-06 0 0 0 1
10 0.9999999994297204 2.042021879714029e-09 5.802784511579895e-09 -2.5111389981291588e-09 -5.435569752978986e-09 0.9999999909647941 2.2215375726497566e-08 -5.483099290576332e-09 -2.880406749922182e-09 -2.2779343820944487e-08 0.9999999908801767 8.743082417772552e-09 0 0 0 1
#####################################################
*BONEANIMATION, BONEINDEX=10, NFRAMES=11
0 0.9999680783475842 -2.5069469405209974e-07 -3.443557654586593e-05 3.164126463106598e-05 1.6256432559241113e-06 0.9999999614814495 -1.277445485310582e-07 -7.177566277490749e-07 3.439809680511052e-05 -1.6112687042865725e-06 0.999968087232823 -1.3138597212813269e-06 0 0 0 1
1 0.9753853500364001 -0.08492847007307466 0.20352674399235715 -0.03557241769221948 -0.15891620171662085 0.3690511685477913 0.9158978482699721 -0.0016808122752357425 -0.15291050121246044 -0.9256945406583365 0.3464700744405912 0.8773182815416221 0 0 0 1
2 1.0000003386020664 1.8752406109392994e-06 -6.41087877255829e-07 -6.362463072845034e-07 2.1346940905046796e-07 1.0000046231353938 -5.811302204873636e-06 5.966456471141746e-07 1.9702669429022546e-06 5.504568571082502e-06 1.0000047665433347 -5.270120503483855e-06 0 0 0 1
3 1.0000023486058975 3.237737990450032e-05 4.655154834381971e-06 -2.0837041987832594e-05 -1.8261145879248236e-05 1.0001307724979605 -0.0002060311773630641 3.2917279348392003e-05 2.7138455136355155e-05 0.00020428906178548978 1.0001291973843196 -0.00018345615289075412 0 0 0 1
4 1.000002421885558 3.862032555698898e-06 2.4690082519306447e-05 -1.457841060203708e-05 -2.396501324655395e-05 1.000074762157526 -0.00011530733747044941 3.558879960036815e-05 -7.084744904419914e-06 0.00011770806530960604 1.0000750815874908 -8.143754349320548e-05 0 0 0 1
5 1.0000022163298066 1.6144263397119274e-05 -1.920300605286196e-06 -8.950726657873387e-06 -1.3356572445374915e-05 1.0000089067897888 -2.870986781994267e-05 1.4938015862275833e-05 9.26966922621536e-06 2.723999444009806e-05 1.00000724799804 -2.2641659173441853e-05 0 0 0 1
6 1.0000012167672196 -7.946722057942945e-06 -7.384507955024433e-06 5.747388580050472e-06 1.084062554699422e-05 1.0000152492483347 -3.3813436722068824e-05 4.1079581742063664e-06 -4.027244271008132e-07 3.4608052152218516e-05 1.0000143277773437 -1.9404762010788446e-05 0 0 0 1
7 1.000000191471474 -7.336344239432246e-07 -8.350939757553744e-07 4.1345959012929756e-07 1.1062044926873904e-06 1.0000010208833734 -2.1254484635080395e-06 1.9637140943017106e-07 1.0914685794581602e-07 2.281008567209253e-06 1.0000009092483475 -8.894637457158849e-07 0 0 0 1
8 1.0000000002823868 -1.8174538228554749e-09 1.0715190453675083e-09 -3.415619375876644e-10 2.036551739748038e-09 1.0000000026508846 5.600062039090581e-09 -3.5508140663886856e-09 5.511335884195168e-10 -5.674953840184571e-09 1.00000000237862 -5.198031449715756e-10 0 0 0 1
9 1.0000001211632161 8.227517234241088e-07 -6.055644599482768e-08 -1.8961396423301802e-07 -5.95992339931517e-07 1.0000007436398821 -1.832758551409408e-06 9.66307343135131e-07 5.704214341498148e-07 1.7427823668925146e-06 1.0000006624930289 -9.07627443189063e-07 0 0 0 1
10 0.9999999998378964 5.804510943077656e-10 1.6494596348504142e-09 -7.137991491282247e-10 -1.5450777046677189e-09 0.999999997431715 6.3147901283033825e-09 -1.5585881543711544e-09 -8.187646324819831e-10 -6.4750996578433195e-09 0.9999999974076605 2.4852486214810288e-09 0 0 0 1
#####################################################
*VERTEXWEIGHTS, NVERTICES=6669  #(vtx0Based bone0 w0 bone1 w1 ... )
0  0 5.735037023382045e-05 1 0.5113406337245786 2 4.7158855223661256e-08 3 8.878688592811601e-07 4 0.00013380573565827114 5 0.48762082946151514 6 9.231042860657901e-08 7 0.000410914082640379 8 2.416949299886839e-06 9 1.3478353451563951e-06 10 0.000431674502585494
1  0 5.733773847152457e-05 1 0.5114467703621939 2 4.7100210898154415e-08 3 8.87675840208213e-07 4 0.0001337766793475803 5 0.4875151630649162 6 9.229036802838042e-08 7 0.00041092946920195245 8 2.4174723745259974e-06 9 1.3481131267978341e-06 10 0.0004312300339482378
2  0 5.678922528281477e-05 1 0.5160446068528515 2 4.680460331807357e-08 3 8.792829792603207e-07 4 0.00013251332920608677 5 0.4829204612365264 6 9.141820130065259e-08 7 0.0004115903939787835 8 2.44018432270926e-06 9 1.3602040019565498e-06 10 0.00042922106804585414
3  0 1.5713850676793428e-05 1 0.6193211929852558 2 4.945102876878493e-05 3 1.6986544254526947e-09 4 2.1286006665066637e-06 5 9.223702144824097e-05 6 2.6185076051898903e-09 7 0.0003026419471074335 8 4.103213593589089e-06 9 2.895602967255273e-06 10 0.38020963143235337
4  0 1.64062352064967e-05 1 0.603442523971566 2 5.151739219044771e-05 3 2.039656568642023e-09 4 2.2278108305975874e-06 5 9.233697002933305e-05 6 2.737691198739789e-09 7 0.000295184913640785 8 4.07296981210295e-06 9 2.9066729279360326e-06 10 0.39609281828644843
5  0 1.690345134662541e-05 1 0.5920397962991051 2 5.3001256530404994e-05 3 2.17556073156544e-09 4 2.299067449078318e-06 5 9.245756267303729e-05 6 2.823284675490534e-09 7 0.00028983004854073874 8 4.051235660020719e-06 9 2.9146222791792686e-06 10 0.4074987414575704
6  0 0.12533043014450215 1 4.563396674350795e-05 2 8.848868574699853e-05 3 0.007763112864156832 4 0.5853565057257971 5 4.2845587495121684e-05 6 0.00015447849171928985 7 0.10069728499904163 8 0.00013684383815940407 9 0.030542313584939935 10 0.1498420621116976
7  0 0.09462809612847034 1 4.1097797728317786e-05 2 8.274844701125494e-05 3 0.007303844045792138 4 0.6938856081858779 5 1.5938831314468715e-05 6 0.00011486192336879197 7 0.0773959471373365 8 0.00010437355053370678 9 0.024815823902410893 10 0.10161166005015522
8  0 0.1420152632456262 1 5.178752632500894e-05 2 0.00011897045749015289 3 0.011146350692174359 4 0.5440943129357368 5 2.4047621504361127e-05 6 0.00016952751188424597 7 0.11525236693586469 8 0.0001786032544529824 9 0.03711738183818743 10 0.14983138798075327
9  0 2.094453096975618e-05 1 0.49943359407370147 2 6.505222431672786e-05 3 3.29457557068924e-09 4 2.8777575243540965e-06 5 9.343694495590749e-05 6 3.5188316011014464e-09 7 0.0002463403685624005 8 3.87484345537939e-06 9 2.9791830559906807e-06 10 0.5001308932600504
10  0 2.0945627716428827e-05 1 0.49943278964612003 2 6.50523423488536e-05 3 3.2954570738930045e-09 4 2.8777625729961565e-06 5 9.343695110228256e-05 6 3.5189867825247134e-09 7 0.00024633999094644116 8 3.874842376128118e-06 9 2.979183939540858e-06 10 0.5001316968384331
11  0 2.094547895060972e-05 1 0.49943373916334655 2 6.505221479664869e-05 3 3.2958615281408754e-09 4 2.877756637799378e-06 5 9.343694344447762e-05 6 3.5189643005084648e-09 7 0.0002463404367775493 8 3.8748441802440026e-06 9 2.9791832450512534e-06 10 0.500130747163795
12  0 2.0941537949153988e-05 1 0.49943373458725127 2 6.505215124143204e-05 3 3.2823019163741307e-09 4 2.87775659751216e-06 5 9.343694340162301e-05 6 3.5184096885965133e-09 7 0.00024634043437334746 8 3.874842245059351e-06 9 2.9791820489386e-06 10 0.5001307557641799
13  0 2.0941539453186997e-05 1 0.4994337560662665 2 6.505214564621331e-05 3 3.282712338070759e-09 4 2.877756463168235e-06 5 9.343694317474893e-05 6 3.518409633085362e-09 7 0.0002463404444548109 8 3.874842286887004e-06 9 2.9791820347763176e-06 10 0.5001307342790975
14  0 2.094121819812972e-05 1 0.49944112345269254 2 6.505118894727102e-05 3 3.2824225421057562e-09 4 2.8777104253904784e-06 5 9.343686525872807e-05 6 3.518354468878826e-09 7 0.00024634390438510456 8 3.8748563213064635e-06 9 2.9791768985480693e-06 10 0.5001233648260957
15  0 0.16023632544186608 1 0.0027828049773271357 2 0.013936120921163038 3 0.006230953422250843 4 0.017788330234400483 5 0.21436398102951776 6 0.0005719791406021413 7 0.38702623647288237 8 0.0003620463313747796 9 0.0040064340664509104 10 0.19269478796216422
16  0 0.1299769834402501 1 0.009600885333380771 2 0.00789719084848018 3 0.004942523857248068 4 0.012577409693691713 5 0.2402957966464086 6 0.0001783137031555193 7 0.37526049394923033 8 0.00033703682883922184 9 0.0032459580166961377 10 0.21568740768261907
17  0 0.16644622982595733 1 0.0031462475359949615 2 0.008400558450046891 3 0.0071479977545045315 4 0.023414592773125326 5 0.16916921918084324 6 0.00031032944922559924 7 0.3661430718126446 8 0.00034953346183739034 9 0.005694929570018298 10 0.24977729018580158
18  0 0.1563130075321492 1 3.0162386981724687e-05 2 0.13765024611949134 3 0.000733340865200327 4 5.505817883995345e-05 5 0.36697447581500486 6 0.004159729974665322 7 0.3009679597225351 8 0.015096412674253478 9 7.359283870009281e-05 10 0.017946013892178286
19  0 0.1540315741787302 1 3.133912764607949e-05 2 0.1124436734411652 3 0.0010226750584512584 4 5.184801951801238e-05 5 0.37242913887154894 6 0.003519376021374046 7 0.3198814783911419 8 0.012486264555852297 9 7.453437590575554e-05 10 0.024028097958666186
20  0 0.12984514481951526 1 8.643148845605131e-05 2 0.1258584686900887 3 0.0006062983028840147 4 7.491965299688541e-05 5 0.43107823334768686 6 0.0027619467884861942 7 0.282127891655368 8 0.01120311718633988 9 6.376159716882032e-05 10 0.016293786471009153
21  0 4.5858072183442566e-05 1 0.6076205108081818 2 4.957266433458507e-08 3 7.11980852843852e-07 4 0.00010732854185507845 5 0.39132353779401857 6 7.403170883268917e-08 7 0.0004247269330805853 8 2.892795361621181e-06 9 1.6012978946260137e-06 10 0.000472708172198244
22  0 4.3076850321496774e-05 1 0.6309280682118145 2 4.8975107205806445e-08 3 6.694240470977997e-07 4 0.00010092197273751935 5 0.36802316978218924 6 6.960887501128443e-08 7 0.00042807448500730566 8 3.0079555333704933e-06 9 1.6626184538640065e-06 10 0.00047123011591337916
23  0 4.547094348276298e-05 1 0.6108750467031784 2 4.961657507074335e-08 3 7.060705159017688e-07 4 0.00010643830444640595 5 0.38808615679197345 6 7.34172595079352e-08 7 0.00042519963314840287 8 2.908829275095892e-06 9 1.6098065500971814e-06 10 0.00045633988359483624
