#####################################################
# (C) Songrun (songruner@gmail.com)
#
# Running time: 0.513 (m)
# Repeat      : 5
#
#####################################################
*BONEANIMATION, BONEINDEX=0, NFRAMES=11
0 0.999330982106226 -5.2540900388970205e-06 -0.0007217050230183819 0.0006631414923098378 3.407043010867847e-05 0.9999991927236078 -2.6772858658799872e-06 -1.5042831150929165e-05 0.000720919518048535 -3.376916648723492e-05 0.9993311683241335 -2.7536032659250184e-05 0 0 0 1
1 0.9988817065798624 -0.003858472470883074 0.009246632349638226 -0.001616127009824676 -0.0072198850276390045 0.9713347162076591 0.041611094967918205 -7.636270719511601e-05 -0.006947033885451516 -0.04205617855241836 0.9703088113503111 0.03985834708453076 0 0 0 1
2 0.997671407738489 -0.012896172822117089 0.004408810268120873 0.004375514421554117 -0.0014680454210413702 0.968206344995423 0.039964768856759564 -0.004103177658808193 -0.013549676161442295 -0.03785533824541212 0.9672201176300157 0.03624302098498195 0 0 0 1
3 0.9998485906376415 -0.0020872971713064015 -0.0003001074066669705 0.0013433174311217287 0.0011772551778732269 0.9915693899295878 0.013282368585115167 -0.0021221032793201575 -0.0017495554244010211 -0.013170058295365633 0.991670933978285 0.011827007315523802 0 0 0 1
4 0.9997244722977159 -0.0004393671501023331 -0.002808886521763974 0.0016585242684728097 0.0027263984496482124 0.9914946247569723 0.013118029307024916 -0.004048787582829052 0.0008060015375247359 -0.013391149984733466 0.9914582845570059 0.009264805741531774 0 0 0 1
5 0.9657340299109635 -0.24960132054284223 0.029689156768850977 0.13838433743775447 0.20650171756098806 0.8622949565146559 0.4438741331269012 -0.23095191113829527 -0.14331540702498816 -0.42114888839704334 0.8879410080257697 0.3500554896753032 0 0 0 1
6 0.9766802501014117 0.1523015809015223 0.14152655994996155 -0.110150620645983 -0.20776420726229947 0.7077430654327179 0.6480458018967984 -0.07873038966653129 0.007718348077216527 -0.6632748718520045 0.7254033645137672 0.3718987413408207 0 0 0 1
7 0.9912780875970787 0.033418530198631176 0.038040217761930034 -0.01883391965673078 -0.050389849545596735 0.9534966999169474 0.09681847162026731 -0.008945114434849964 -0.004971859891831315 -0.10390454861783244 0.958581900871564 0.04051687062905002 0 0 0 1
8 0.9999998925970565 6.912613327442196e-07 -4.075480096801809e-07 1.299117271731133e-07 -7.745943772369257e-07 0.9999989917456342 -2.129961406020786e-06 1.3505380687048318e-06 -2.0962147148379656e-07 2.1584461562390578e-06 0.9999990953024465 1.9770507192831688e-07 0 0 0 1
9 0.999975045367187 -0.0001694529715293297 1.2472133970004712e-05 3.905266773440632e-05 0.00012274987717916103 0.9998468408098112 0.00037747278278459084 -0.00019901951707897159 -0.00011748332366049927 -0.00035894139428380156 0.9998635537191615 0.00018693387430244318 0 0 0 1
10 0.9999971390835003 1.024418670061717e-05 2.9110759405802725e-05 -1.2597601373549525e-05 -2.7268557390264583e-05 0.9999546731874146 0.00011144761172531686 -2.7506998677082062e-05 -1.445010215147223e-05 -0.00011427686126353614 0.9999542486991668 4.386131725741052e-05 0 0 0 1
#####################################################
*BONEANIMATION, BONEINDEX=1, NFRAMES=11
0 0.080982485449406 -0.007217446369873023 -0.9913928501243998 0.9109452104789626 0.04680192008251818 0.9988910593485559 -0.003677738106509525 -0.020664059100373562 0.9903138164675269 -0.04638807981462988 0.08123828954581602 -0.03782573908800895 0 0 0 1
1 1.0000033316894372 1.149540160757731e-05 -2.7548143255909374e-05 4.814866288917891e-06 2.1509931347085676e-05 1.0000854013996168 -0.00012397036692560204 2.2750453545513196e-07 2.069703622293445e-05 0.00012529638767372342 1.0000884578392915 -0.00011874847121706722 0 0 0 1
2 0.9999847982760808 -8.418994690009493e-05 2.878198884933344e-05 2.856462393088354e-05 -9.583825197533643e-06 0.9997924418225828 0.0002609015724539879 -2.678673075969494e-05 -8.845620575037919e-05 -0.00024713059918857194 0.9997860034450362 0.0002366049256872088 0 0 0 1
3 0.9999986848048176 -1.8131000233841815e-05 -2.6068388992574014e-06 1.166852951884137e-05 1.0226054152082456e-05 0.9999267687441642 0.00011537534340305688 -1.8433338377830955e-05 -1.5197256167030077e-05 -0.00011439977657023981 0.999927650791623 0.00010273356154175128 0 0 0 1
4 0.9999981978345356 -2.8738028766111395e-06 -1.837230244555385e-05 1.0848038622283257e-05 1.783276629937179e-05 0.999944368230912 8.580211412976407e-05 -2.6482219709880045e-05 5.27187691787322e-06 -8.758853577998937e-05 0.9999441305377366 6.0599035192204775e-05 0 0 0 1
5 0.9997906945330245 -0.0015246298534076358 0.00018134909957144736 0.0008452875635545087 0.001261366256751828 0.9991588617407712 0.0027112987745769312 -0.0014107144051048598 -0.0008754078204730106 -0.00257248706290103 0.9993155145007427 0.00213823007325227 0 0 0 1
6 0.9998510671122527 0.0009726825695391544 0.000903867295239634 -0.0007034831030121105 -0.0013268977365952506 0.998133484732086 0.004138780779797874 -0.0005028160395207336 4.929366192987436e-05 -0.004236042087316566 0.9982462732204711 0.0023751521237954654 0 0 0 1
7 0.9999358413169114 0.00024582784019220455 0.0002798251304671831 -0.00013854295099301195 -0.00037066944021102444 0.9996579201492942 0.0007121999569593973 -6.580056479804555e-05 -3.657316978580155e-05 -0.0007643253793938737 0.999695327059777 0.0002980434728541738 0 0 0 1
8 1.0000000239017917 -1.5383545323710557e-07 9.069700531230684e-08 -2.8910960987206524e-08 1.7238064880034654e-07 1.0000002243800687 4.7400825502197375e-07 -3.0055295433678575e-07 4.664981611592067e-08 -4.803473401537861e-07 1.0000002013342193 -4.399790336315906e-08 0 0 0 1
9 0.999999993479147 -4.427946373453118e-08 3.2590718132032015e-09 1.02047852572687e-08 3.207555861889366e-08 0.9999999599782367 9.863676160570822e-08 -5.2005446546377065e-08 -3.0699364564346077e-08 -9.379435642054013e-08 0.9999999643454557 4.8847368053217544e-08 0 0 0 1
10 0.9999999911091869 3.183565568110058e-08 9.046692923432575e-08 -3.914931576923936e-08 -8.47419545993433e-08 0.9999998591387649 3.463435309519758e-07 -8.548295388211002e-08 -4.4906295661173434e-08 -3.5513593361902185e-07 0.9999998578195889 1.363069451476573e-07 0 0 0 1
#####################################################
*BONEANIMATION, BONEINDEX=2, NFRAMES=11
0 1.006960082254892 5.466056915082434e-05 0.0075082092283647595 -0.006898947511065012 -0.0003544494074420191 1.0000083984451043 2.7852961807555993e-05 0.00015649707299528453 -0.007500037280727678 0.00035131523180413453 1.0069581449495382 0.0002864692470343107 0 0 0 1
1 1.0002064763551863 0.0007124099257260208 -0.0017072540273726858 0.00029839397111716074 0.0013330450832823373 1.005292621070004 -0.007682873805417878 1.4099245484227728e-05 0.0012826671517545372 0.007765051912367288 1.0054820392422827 -0.00735925480882163 0 0 0 1
2 0.999987597722203 -6.868609867572914e-05 2.348169346796502e-05 2.3304356995003904e-05 -7.81893310837934e-06 0.9998306643253744 0.0002128557127070302 -2.185386854255955e-05 -7.21667123018202e-05 -0.00020162070825132522 0.9998254115956625 0.0001930333712193838 0 0 0 1
3 0.9896325117135487 -0.14292398195694903 -0.020549323864972303 0.09198128514106982 0.080610466067833 0.42272888683331883 0.9094866960492872 -0.14530726864085752 -0.11979771320882783 -0.9017964476043868 0.42968193596484255 0.8098334072433991 0 0 0 1
4 0.9811913391729634 -0.0299930193456224 -0.19174621445254156 0.11321772794780391 0.18611523739343497 0.4193878988300742 0.8954909503143366 -0.2763869904015884 0.055020999412336104 -0.9141352976859727 0.4169071664397841 0.6324539687923175 0 0 0 1
5 0.9998098308184061 -0.0013852366861003412 0.00016476879627938534 0.0007680049952602172 0.0011460426342540103 0.9992357649483499 0.0024634113789183953 -0.0012817362477809263 -0.0007953714309791443 -0.0023372908815108284 0.9993780953307743 0.001942736943115489 0 0 0 1
6 0.99987083960263 0.000843548185339979 0.0007838689008776017 -0.0006100879295537279 -0.0011507373658054543 0.9983812853067742 0.0035893117915873907 -0.00043606164125921734 4.2749382349283657e-05 -0.0036736605833007363 0.9984790998741196 0.0020598243730048094 0 0 0 1
7 0.9999519940670244 0.00018393760987281405 0.0002093756575342401 -0.00010366303202456045 -0.00027734877722562085 0.9997440430259034 0.0005328947190529343 -4.923445045024264e-05 -2.736541732055453e-05 -0.0005718969150967784 0.9997720322792831 0.00022300730459223414 0 0 0 1
8 1.0000004667746503 -3.0042309801109335e-06 1.7712090906556177e-06 -5.645981004751693e-07 3.3663975033300375e-06 1.0000043818869204 9.256840702825953e-06 -5.869456474356938e-06 9.110177133925257e-07 -9.380635808436955e-06 1.000003931827661 -8.592288816781229e-07 0 0 0 1
9 1.0000034034800218 2.3111131616848635e-05 -1.7010331959483802e-06 -5.326264484181026e-06 -1.674145069183522e-05 1.0000208888765474 -5.148226723906968e-05 2.714361519930153e-05 1.6023162836418386e-05 4.895483231248665e-05 1.0000186094579884 -2.5495294261927703e-05 0 0 0 1
10 1.0000013989334438 -5.009211340316171e-06 -1.4234604503147313e-05 6.159986098005707e-06 1.3333802956242216e-05 1.0000221639443196 -5.44957503039456e-05 1.3450396184326585e-05 7.065823542744959e-06 5.5879199208803965e-05 1.0000223715109495 -2.144734513585128e-05 0 0 0 1
#####################################################
*BONEANIMATION, BONEINDEX=3, NFRAMES=11
0 1.0000032427847318 2.5467006179672597e-08 3.4981635779751663e-06 -3.2143013307672774e-06 -1.6514217532521969e-07 1.0000000039129302 1.2977024706336757e-08 7.29138393013723e-08 -3.494356171529489e-06 1.6368192633058054e-07 1.0000032418821185 1.3346941407470225e-07 0 0 0 1
1 0.9999727313833379 -9.408550994803588e-05 0.00022547112270012576 -3.940785764511203e-05 -0.00017605064432038575 0.9993010218775042 0.001014650517554616 -1.8620384884635455e-06 -0.0001693974054942718 -0.0010255034953416675 0.9992760060759422 0.0009719112782151373 0 0 0 1
2 0.9999407927308256 -0.0003279007614217129 0.00011209932309542547 0.00011125273600387769 -3.732682695874699e-05 0.9991916079422791 0.001016152491047341 -0.0001043282450638363 -0.00034451687269066236 -0.0009625176713868241 0.9991665319210031 0.0009215225587561951 0 0 0 1
3 1.0000053773949868 7.413162019630909e-05 1.065849587444977e-05 -4.7708730206565825e-05 -4.181092894675435e-05 1.0002994182104759 -0.00047173134558595176 7.536778015234877e-05 6.213651798931547e-05 0.0004677425777873667 1.0002958118122303 -0.00042004331075853885 0 0 0 1
4 1.0000081251792823 1.2956725717293283e-05 8.283271115061899e-05 -4.89090821583979e-05 -8.040017761890873e-05 1.0002508194208912 -0.00038684436841258246 0.00011939679647435253 -2.3768597281303375e-05 0.0003948985657002968 1.0002518910758873 -0.00027321466065222816 0 0 0 1
5 0.9635319915318409 -0.2656414818424307 0.03159707481345683 0.1472773476550512 0.2197721636111794 0.853445599850725 0.47239887280610676 -0.24579360307746356 -0.15252530319219382 -0.44821323279369685 0.8807397468207938 0.3725511499786489 0 0 0 1
6 0.9752100733734348 0.16190332366674176 0.15044899933005315 -0.11709498667692962 -0.2208625511018309 0.6893179388486339 0.6889013797119546 -0.08369389001175963 0.008204945736749545 -0.7050905553430038 0.7080916186833783 0.39534482790096204 0 0 0 1
7 0.9422555910992203 0.22125116413759727 0.25184957009926956 -0.12469209820294076 -0.3336117060330294 0.692119634871396 0.6409976569491552 -0.05922214323284786 -0.03291676152297596 -0.6879118322752805 0.7257867837374675 0.2682465309098764 0 0 0 1
8 0.9647774320142879 0.2266976813691821 -0.1336545015104907 0.04260427414880142 -0.2540265757286377 0.6693451295760351 -0.698516305196526 0.4429060822657378 -0.0687449149811368 0.7078578183955165 0.7033063637506329 0.06483695712435905 0 0 0 1
9 1.0001945148194826 0.0013208414812587999 -9.721701401119122e-05 -0.0003044053050935622 -0.0009568031066940971 1.0011938357280619 -0.002942301365673375 0.0015513049512521915 0.0009157517029457808 0.002797854051377724 1.001063562981902 -0.0014571005347561936 0 0 0 1
10 0.9999999810916991 6.770563487634718e-08 1.9239813811751383e-07 -8.325976707905525e-08 -1.8022270045943423e-07 0.99999970042711 7.365769025477475e-07 -1.817986007672523e-07 -9.550327113860835e-08 -7.552759110421303e-07 0.9999996976215901 2.8988717391820185e-07 0 0 0 1
#####################################################
*BONEANIMATION, BONEINDEX=4, NFRAMES=11
0 1.000821832543695 6.4542103009913865e-06 0.0008865542766256507 -0.0008146138758422516 -4.18526746473382e-05 1.0000009916715376 3.288821829055275e-06 1.8478860287930027e-05 -0.0008855893494513212 4.148259747788034e-05 1.0008216037905677 3.3825713742855965e-05 0 0 0 1
1 0.9753133586947126 -0.08517686338831887 0.2041220058949632 -0.03567645760668186 -0.1593809895805309 0.36720581007307673 0.9185766072628171 -0.001685728206642369 -0.15335772399063052 -0.9284019523856376 0.34455867223728587 0.8798842055043288 0 0 0 1
2 0.9430904423068114 -0.31517561205220423 0.10774898055754506 0.10693524775749487 -0.03587825011957231 0.22297996361692884 0.9767177176279764 -0.10027948196816332 -0.331146886459814 -0.9251643542244615 0.19887709078775306 0.8857601770016689 0 0 0 1
3 1.0000004477890703 6.173124598524149e-06 8.875594906900854e-07 -3.97282475705571e-06 -3.481700160958348e-06 1.000024933299926 -3.928224373878075e-05 6.2760627159638704e-06 5.174262570385724e-06 3.895008911300457e-05 1.0000246329861622 -3.4978052377787616e-05 0 0 0 1
4 1.0000006795745604 1.083675928639262e-06 6.927970625930646e-06 -4.090662732448777e-06 -6.724518141685426e-06 1.0000209780599514 -3.235492819114033e-05 9.986121271593484e-06 -1.9879603298804567e-06 3.302856595376047e-05 1.0000210676911359 -2.28511552653049e-05 0 0 0 1
5 1.0000820227598397 0.0005974729189803657 -7.106720075909095e-05 -0.00033125182931830616 -0.0004943050128793508 1.0003296257972933 -0.001062505492368887 0.0005528316604728606 0.000343055374802656 0.0010081078702981194 1.0002682366138402 -0.0008379309643337246 0 0 0 1
6 1.0000557812561632 -0.0003643080879965274 -0.00033853404640244583 0.0002634822420203957 0.0004969756758522181 1.000699083781049 -0.0015501370742556086 0.00018832449116332195 -1.846242575984612e-05 0.0015865652802174168 1.0006568400318112 -0.0008895883981264313 0 0 0 1
7 1.000020639982854 -7.908333154263425e-05 -9.002033109604263e-05 4.456955777550932e-05 0.0001192451359862956 1.0001100478051101 -0.00022911621920822245 2.116817963967229e-05 1.176566539201531e-05 0.000245885076881211 1.0000980139235878 -9.588121003485661e-05 0 0 0 1
8 1.0000000162906488 -1.0484900747273485e-07 6.181599096141688e-08 -1.9704726708820453e-08 1.174887813669423e-07 1.0000001529298148 3.23067888587103e-07 -2.048466610296562e-07 3.179492643994031e-08 -3.2738839322865587e-07 1.0000001372225502 -2.9987472976132634e-08 0 0 0 1
9 1.0000005065142965 3.439455649373313e-06 -2.5315195865786844e-07 -7.926678266519452e-07 -2.4915040127346244e-06 1.0000031087341654 -7.661718077700552e-06 4.039579809093918e-06 2.3846066413008016e-06 7.285578973711959e-06 1.0000027695054674 -3.7942726189010845e-06 0 0 0 1
10 1.0000000175975523 -6.301218749300147e-08 -1.790608354888812e-07 7.748808593215084e-08 1.6772941577661293e-07 1.0000002788060882 -6.855163821248289e-07 1.691960726819125e-07 8.888285351824066e-08 7.029191499349774e-07 1.0000002814171212 -2.6979179769404116e-07 0 0 0 1
#####################################################
*BONEANIMATION, BONEINDEX=5, NFRAMES=11
0 0.9307034847152308 -0.0005442158334969388 -0.07475381992631608 0.06868784076700207 0.0035289969113730443 0.9999163827439755 -0.0002773118366822607 -0.0015581283975799158 0.07467245774212311 -0.003497792186777081 0.9307227730663187 -0.0028521675216945843 0 0 0 1
1 1.0232354626007905 0.08016982947324969 -0.19212290466405055 0.033579253904876184 0.15001194277014493 1.5955960372340035 -0.8645790304186678 0.0015866344155999919 0.1443427486250992 0.8738268027793499 1.6169118864696685 -0.8281611215230726 0 0 0 1
2 1.0466932934632052 0.2585960591248953 -0.08840614781543103 -0.08773849433201741 0.029437474647251344 1.6375313050441922 -0.8013797482979784 0.08227755529434082 0.27170020951939367 0.7590811182612912 1.6573072892538467 -0.726750682297274 0 0 0 1
3 0.7874909638863568 -2.9296042401018894 -0.4212126299712486 1.8853992120123482 1.652324263257983 -10.832695098929284 18.642330311401622 -2.9784559910743713 -2.455570323228236 -18.48469837207878 -10.690174005279015 16.59967313498901 0 0 0 1
4 1.005528491836905 0.008815947299030397 0.056360598508695715 -0.03327846094459619 -0.05470546681211169 1.1706612337393945 -0.26321461449936634 0.08123934150943056 -0.016172504194044753 0.26869480913928934 1.1713904036093328 -0.18589928521982946 0 0 0 1
5 1.6877447537695316 5.009693240589589 -0.5958845396340301 -2.777481618917933 -4.1446505827193985 3.7638476593124155 -8.908900159511477 4.63538504369481 2.876452032721497 8.452786767698022 3.2491113966050493 -7.025886788754556 0 0 0 1
6 1.4678861001024828 -3.0557700248648523 -2.8395806337490783 2.2100556198946872 4.168568921175258 6.8638260674855 -13.002353123676274 1.5796419404502162 -0.15486048507324301 13.30790829388676 6.509490858076727 -7.461754627544323 0 0 0 1
7 1.1749505850092312 -0.6703336537110536 -0.7630388891658456 0.3777847230909613 1.0107569589411107 1.93279766850945 -1.942056680595495 0.17942773683751298 0.09972925162242077 2.0841944663096745 1.8307949378237396 -0.8127174284529648 0 0 0 1
8 1.0000025516185924 -1.642259638774679e-05 9.682295471609426e-06 -3.0863694526718152e-06 1.8402375798105136e-05 1.0000239535377966 5.060242028757933e-05 -3.208532078360915e-05 4.980068546328251e-06 -5.127914490356267e-05 1.0000214932936675 -4.696965453783106e-06 0 0 0 1
9 1.000581020808738 0.0039453877483249244 -0.0002903897412753014 -0.00090926653824994 -0.002857995685530114 1.0035660182708053 -0.008788730460632624 0.004633788108140857 0.0027353740782475634 0.008357262587927544 1.0031768902006126 -0.004352397073739155 0 0 0 1
10 1.000057462500621 -0.00020575804454045846 -0.0005846997038875656 0.000253027194864067 0.0005476984371750714 1.0009104047588675 -0.0022384639530181397 0.0005524876131560684 0.00029023531579300266 0.0022952904117227654 1.0009189307525683 -0.000880969776672097 0 0 0 1
#####################################################
*BONEANIMATION, BONEINDEX=6, NFRAMES=11
0 0.9999956175539395 -3.441726499067363e-08 -4.727576593421823e-06 4.343952303031973e-06 2.2318061097814645e-07 0.9999999947118777 -1.7537738415153437e-08 -9.853906259016387e-08 4.722431090287138e-06 -2.2120716364551485e-07 0.9999956187737729 -1.803766072044216e-07 0 0 0 1
1 1.000006591636399 2.274326856449571e-05 -5.450308235502993e-05 9.526052316339781e-06 4.2556681543716446e-05 1.00016896381993 -0.0002452712349927666 4.5011013326127277e-07 4.094839566073927e-05 0.0002478947228033157 1.0001750108838565 -0.00023493988854947356 0 0 0 1
2 1.000013047361521 7.225869115715447e-05 -2.4703054458769143e-05 -2.4516494125946357e-05 8.225621829573669e-06 1.000178143386368 -0.00022392704640540606 2.2990560943986216e-05 7.592034307654302e-05 0.00021210767199355413 1.0001836693280233 -0.00020307367899596862 0 0 0 1
3 0.9999983557989962 -2.266660430505149e-05 -3.258958968307881e-06 1.4587498649500097e-05 1.2784177380069026e-05 0.9999084494028246 0.00014423734056287496 -2.3044574576285698e-05 -1.899896241893892e-05 -0.00014301772845734528 0.9999095521009924 0.00012843312328500445 0 0 0 1
4 0.9999968184614464 -5.073404652061828e-06 -3.2434418329441855e-05 1.91511011628483e-05 3.148192252106635e-05 0.9999017878093192 0.00015147484489128754 -4.6751646665354335e-05 9.306958768085481e-06 -0.00015462858935461066 0.999901368186365 0.00010698139025339809 0 0 0 1
5 0.9635070624215836 -0.26582307129762517 0.031618674209610315 0.14737802475238432 0.2199223973291224 0.8533454169519741 0.472721799230671 -0.24596162475150163 -0.15262956773144398 -0.44851962619351315 0.8806582218863184 0.3728058216507368 0 0 0 1
6 0.9751386495849337 0.16236979333086732 0.15088246723297263 -0.11743235627422334 -0.22149889183713567 0.6884228135761384 0.6908862160200178 -0.08393502564677295 0.008228585512606575 -0.7071220352847372 0.7072505834192198 0.3964838802990731 0 0 0 1
7 1.0000777847219413 -0.0002980368248436359 -0.0003392544690248578 0.00016796674122080205 0.00044939231838319466 1.0004147308639608 -0.0008634571806846875 7.977530693843108e-05 4.4340589694475026e-05 0.0009266530147446772 1.0003693794634891 -0.0003613420280039782 0 0 0 1
8 1.000000046732515 -3.0077738133460485e-07 1.773297843843391e-07 -5.652639200898896e-08 3.3703674318444343e-07 1.0000004387054378 9.267757121039777e-07 -5.876378211810973e-07 9.12092059466435e-08 -9.391698212596333e-07 1.0000003936464419 -8.602421537780292e-08 0 0 0 1
9 0.9576035811226931 -0.2878903975474614 0.021189404791697224 0.06634813150735278 0.20854465177627937 0.7397917560626791 0.6413035340628567 -0.33812217852792537 -0.19959709439511403 -0.6098198205912657 0.7681859829346795 0.3175893990077523 0 0 0 1
10 0.982871214662829 0.06133365826785028 0.17429098292372194 -0.07542394532833731 -0.16326141150179596 0.7286207958936745 0.6672554817753978 -0.16468899934490056 -0.0865151771625986 -0.6841946717187731 0.7260793138085194 0.2626050385879234 0 0 0 1
#####################################################
*BONEANIMATION, BONEINDEX=7, NFRAMES=11
0 1.014788328391993 0.00011613920886098441 0.01595295280121206 -0.014658433279439831 -0.0007531109609971321 1.000017844467877 5.9180154891450834e-05 0.00033251476391882133 -0.01593558958037139 0.0007464516692122797 1.0147842121320516 0.0006086711541910973 0 0 0 1
1 1.0055478146546801 0.019141747356467183 -0.0458722205926232 0.008017549730229528 0.03581759781486204 1.1422074731373921 -0.20643119086957348 0.0003788327270999746 0.03446399281467405 0.20863923500913886 1.147296951354304 -0.1977358697505113 0 0 0 1
2 1.0124587705043306 0.06899896569729659 -0.023588653211458827 -0.023410508966122606 0.007854548558374351 1.1701070031637693 -0.21382527618727054 0.02195341349989328 0.07249543361185799 0.20253909598475464 1.175383659199169 -0.19391264340226377 0 0 0 1
3 1.0000507968689603 0.0007002747996535247 0.0001006841081218489 -0.00045067437348218775 -0.000394961553706474 1.0028284155505853 -0.004456149381950714 0.0007119520254222286 0.0005869646120097508 0.00441847000081938 1.0027943481741997 -0.003967885020030065 0 0 0 1
4 1.000101462101409 0.0001617953983242184 0.0010343625223926747 -0.0006107456931757765 -0.0010039865817200056 1.0031320743369707 -0.004830667874155724 0.0014909517007391064 -0.00029680721415646953 0.004931243597284071 1.0031454564870126 -0.003411731930797135 0 0 0 1
5 0.9545200407400449 -0.3312866339409887 0.03940532361410624 0.18367243106007008 0.2740821192974025 0.817229170768242 0.5891377783469918 -0.3065339601442995 -0.19021725799339964 -0.5589753985339911 0.8512682297784923 0.46461575048915094 0 0 0 1
6 1.0199312197113444 -0.13017104748266134 -0.12096171586830848 0.09414492998351776 0.17757454865964592 1.2497898648294021 -0.5538800080098472 0.06729028832758523 -0.006596815660742879 0.5668961827371315 1.2346957363467537 -0.31785913469355304 0 0 0 1
7 1.0780973121845845 -0.2992345331051177 -0.34061781692823767 0.16864174221677689 0.4511982727065419 1.4163975257287098 -0.8669271203444073 0.08009589666495345 0.044518779388363135 0.9303769168887278 1.37086387345986 -0.36279413826706447 0 0 0 1
8 1.0000015424250361 -9.927276696533593e-06 5.8528398269447335e-06 -1.8656759758475458e-06 1.1124031310000976e-05 1.0000144796469437 3.0588599745293155e-05 -1.939521923036147e-05 3.010395996856305e-06 -3.099767223958827e-05 1.0000129924567553 -2.8392633291633024e-06 0 0 0 1
9 1.0001031952743402 0.0007007414621759134 -5.157620616338737e-05 -0.00016149509355352018 -0.0005076094425504538 1.000633361539254 -0.0015609689659200204 0.0008230084497230228 0.00048583058331925014 0.001484335831918232 1.0005642483898538 -0.0007730305064992046 0 0 0 1
10 1.0000505687893164 -0.00018107348430581975 -0.000514553940729752 0.0002226718080476208 0.0004819916741999348 1.0008011845280955 -0.001969917960536513 0.0004862062981468261 0.0002554161127280392 0.0020199270131660563 1.0008086876679592 -0.0007752808274656478 0 0 0 1
#####################################################
*BONEANIMATION, BONEINDEX=8, NFRAMES=11
0 1.0059625382101496 4.682641960617774e-05 0.0064321056525536435 -0.005910165517892696 -0.0003036484423603967 1.0000071947497176 2.3860975051813492e-05 0.00013406734911250093 -0.006425104937862691 0.00030096346806495443 1.0059608785663703 0.000245411443273438 0 0 0 1
1 1.1379091168644129 0.47583086989839135 -1.1403043944880102 0.1993024770175864 0.8903637901248543 4.535032846735117 -5.131523851841219 0.009417129101385728 0.8567155012438101 5.1864120260573685 4.661548509186604 -4.915373145477869 0 0 0 1
2 1.2716448570015457 1.5044192493617672 -0.51431530312386 -0.5104311342941036 0.17125668373211667 4.7089287850128745 -4.66214034145775 0.47866134694439166 1.5806545027787329 4.416062062213402 4.823978377882777 -4.227975165726587 0 0 0 1
3 0.9826192484690978 -0.23960733299764259 -0.034450262431632676 0.15420358512671503 0.13514078268564036 0.03222405401416506 1.524724393019277 -0.24360283437033808 -0.20083690762149292 -1.5118319456165277 0.043880611127916636 1.357658947260742 0 0 0 1
4 0.9684463536871705 -0.05031666703911608 -0.3216758645550518 0.189935486468665 0.3122292665142533 0.025957825826139924 1.5022868976372132 -0.4636702964021482 0.09230392164548742 -1.5335648896276137 0.02179611792148073 1.061012744284953 0 0 0 1
5 0.8206123953265722 -1.306701164425278 0.1554272855459646 0.7244632138758911 1.081068137804374 0.2790929940667235 2.3237491105966654 -1.209068648171894 -0.750278118851102 -2.2047789717938224 0.4133540039828647 1.8325941344275334 0 0 0 1
6 0.6792887255491973 2.0945693810701336 1.9463829418228509 -1.5148767067633346 -2.8573344047906226 -3.0193438763177882 8.912428132060892 -1.0827613382546881 0.10614870482160361 -9.121870105292775 -2.776465755836359 5.114639729016885 0 0 0 1
7 1.36667969243601 -1.4049552218376782 -1.5992565282435744 0.7918006450947696 2.1184499086557946 2.955054692592337 -4.070365047916147 0.3760633744356857 0.2090229724573552 4.36827225152145 2.741266725472954 -1.7033779949166414 0 0 0 1
8 1.0000177361595173 -0.00011415255808806812 6.730109966319314e-05 -2.1453183155726967e-05 0.0001279138951313548 1.0001664997148378 0.00035173462128783306 -0.0002230232880071903 3.461618069225923e-05 -0.00035643849660073335 1.0001493986940768 -3.264834677367372e-05 0 0 0 1
9 0.11374456643331099 -6.018065578521902 0.44294366429938803 1.3869424260940073 4.3594208112924635 -4.439397386738692 13.405819563995248 -7.068111549633344 -4.172380925467292 -12.74768350269716 -3.8458440038441766 6.638893990748414 0 0 0 1
10 1.0001665416552599 -0.0005963417002430339 -0.0016946157139342399 0.0007333403072030762 0.001587376172700784 1.0026385958470063 -0.00648766565920917 0.0016012564822345775 0.0008411793671362633 0.006652363895319473 1.0026633064511135 -0.002553285416628054 0 0 0 1
#####################################################
*BONEANIMATION, BONEINDEX=9, NFRAMES=11
0 1.0018863350454812 1.4814213886596948e-05 0.0020348894851515698 -0.0018697661881663108 -9.606356859218936e-05 1.0000022761629417 7.5487639445020755e-06 4.241414145601981e-05 -0.002032674707988791 9.521413821012535e-05 1.0018858099932118 7.763945314777192e-05 0 0 0 1
1 0.999037944500746 -0.003319401323916893 0.0079547758587836 -0.0013903362474430312 -0.006211187484198279 0.9753395724114183 0.03579756620487873 -6.569399503926802e-05 -0.005976456654979253 -0.036180466705217434 0.9744569977740737 0.034289696526265484 0 0 0 1
2 0.998073237228185 -0.01067076709961293 0.0036480115617570415 0.0036204613552733907 -0.0012147147061118645 0.9736927619938959 0.03306831775152472 -0.0033951199142110743 -0.011211499767276863 -0.03132289737937533 0.9728767212453195 0.029988806853910872 0 0 0 1
3 1.0030267780553128 0.0417265166077416 0.005999354984301401 -0.026853846145962583 -0.023534146649723156 1.1685337363324695 -0.26552375051131427 0.04242231482183733 0.03497482508767007 0.26327859000668763 1.1665038004456507 -0.23643007040640754 0 0 0 1
4 1.005486652115142 0.008749228057516501 0.05593406052517381 -0.03302660897705759 -0.054291454893875254 1.169369666573133 -0.26122260174802475 0.08062452076893223 -0.01605011040281512 0.26666132218021077 1.170093318072905 -0.18449239621662297 0 0 0 1
5 0.9540958162477646 -0.334376784116356 0.03977288558371538 0.18538567674190892 0.276638681567774 0.8155243349791135 0.5946330927441272 -0.3093932242185173 -0.1919915520123091 -0.5641893665871465 0.849880900925634 0.4689495578202011 0 0 0 1
6 0.9457160843003662 0.3545289385406052 0.3294467514871455 -0.2564095683449264 -0.4836353203389313 0.31968177756298943 1.5085266279719285 -0.18326928265709547 0.017966837474076052 -1.543976988856041 0.3607915746540846 0.8657091097261911 0 0 0 1
7 0.8596045993299282 0.5379333935375664 0.6123280500355814 -0.30316696318900477 -0.8111183407767154 0.25144290081919607 1.5584733585304278 -0.1439882524731092 -0.08003133135746648 -1.6725369461122948 0.33329866736782887 0.6521943838780861 0 0 0 1
8 0.9999992108947049 5.078798963289999e-06 -2.9943153347644635e-06 9.544806194869762e-07 -5.691059130282644e-06 0.9999925922064865 -1.5649140586701527e-05 9.922602374645706e-06 -1.5401198673308664e-06 1.5858422247397308e-05 0.9999933530536248 1.4525683219007018e-06 0 0 0 1
9 0.999956571681633 -0.00029489745054844807 2.170514023719589e-05 6.796299910249645e-05 0.00021362048424746621 0.9997334584675197 0.0006569124181766556 -0.0003463518383066688 -0.00020445514951302965 -0.0006246624129109535 0.9997625437902173 0.000325319305146711 0 0 0 1
10 0.9999834763441297 5.91668494035226e-05 0.00016813359304302007 -7.275935172746696e-05 -0.00015749367672734417 0.9997382081396412 0.0006436825344970296 -0.0001588708304352711 -8.345875010323453e-05 -0.0006600232930416908 0.9997357564435876 0.00025332767047539506 0 0 0 1
#####################################################
*BONEANIMATION, BONEINDEX=10, NFRAMES=11
0 0.9979620575680543 -1.6004852982114213e-05 -0.00219843639974987 0.0020200419123894697 0.000103784331985695 0.9999975408986481 -8.155468662399828e-06 -4.582302533969688e-05 0.0021960436178486975 -0.00010286663169511816 0.9979626248195106 -8.387944460973816e-05 0 0 0 1
1 0.9290830835294982 -0.24468620220261306 0.5863779954037082 -0.10248718457762171 -0.45785119916851225 -0.8178176672602423 2.6387802100508417 -0.004842564241285617 -0.4405482612177294 -2.667005320577307 -0.8828757349955549 2.527629171332495 0 0 0 1
2 1.0045454856222185 0.025173736558998884 -0.008606136856194824 -0.008541142312345266 0.0028656710169514253 1.0620622184870412 -0.0780124907380199 0.008009532352145354 0.026449395712417015 0.07389481557717811 1.063987365445479 -0.0707475213742062 0 0 0 1
3 1.0003362984034063 0.004636138051238088 0.0006665746433394859 -0.0029836695717919276 -0.002614825335454837 1.0187253988937903 -0.029501738063237887 0.004713446603175908 0.0038859730120453517 0.02925228340244132 1.0184998573491888 -0.026269205650986144 0 0 0 1
4 1.0005545380398766 0.0008842878454188748 0.005653277013946575 -0.0033380120739593157 -0.005487258230914909 1.0171182573535285 -0.02640186884556297 0.008148751328688707 -0.0016221908325554737 0.026951562411806407 1.0171913970889794 -0.018646717455993583 0 0 0 1
5 1.0675502589161885 0.4920518457432132 -0.058527752797546934 -0.2728041202270448 -0.4070873946261332 1.271464993325156 -0.8750317747027803 0.4552873114067332 0.28252498983867047 0.8302323377848442 1.2209076206533078 -0.6900822857534231 0 0 0 1
6 1.0459477511211797 -0.30008534246965923 -0.278854926913713 0.217033772887547 0.40936537178532606 1.5758444645132395 -1.2768682061413972 0.1551253493627699 -0.015207741852326394 1.3068745963965163 1.5410477351130285 -0.73276561214067 0 0 0 1
7 1.0172088376313473 -0.06593669295207885 -0.07505554982490953 0.03716041280417674 0.09942208761549767 1.0917537007345837 -0.19102844432029015 0.01764922814995828 0.009809767130388856 0.2050096840829653 1.0817203051318667 -0.07994212917706986 0 0 0 1
8 1.0000002790096347 -1.7957474400046025e-06 1.0587215867174232e-06 -3.374825705282358e-07 2.012228666470328e-06 1.0000026192267732 5.5331790747292775e-06 -3.5084058143952657e-06 5.445512470270836e-07 -5.607176295815974e-06 1.0000023502085913 -5.135950181100329e-07 0 0 0 1
9 1.000209635749827 0.0014235192725291779 -0.00010477433895456816 -0.00032806875360076593 -0.0010311817744370969 1.0012866405176117 -0.0031710260156531805 0.0016718982005120286 0.0009869391721043057 0.0030153498511144294 1.0011462408046448 -0.0015703706483090815 0 0 0 1
10 1.0000117286865622 -4.1997330187600566e-05 -0.00011934321488889232 5.164544925997678e-05 0.00011179087632090523 1.0001858229618583 -0.00045689348359503196 0.000112768396327418 5.9240008898116085e-05 0.0004684923474692834 1.0001875632047392 -0.0001798149796703001 0 0 0 1
#####################################################
*VERTEXWEIGHTS, NVERTICES=6669  #(vtx0Based bone0 w0 bone1 w1 ... )
0  0 0.46333143506520347 1 0.5127581938250135 2 1.7406508940512322e-05 3 6.279544076115418e-07 4 3.456412738267467e-05 5 0.023219948246160242 6 9.91436105032828e-07 7 0.000178314361280206 8 2.234603069408694e-06 9 6.897348750653509e-05 10 0.00038731038493066555
1  0 0.46322938704748917 1 0.5128655151559781 2 1.740238102562741e-05 3 6.279717158080844e-07 4 3.456084326189379e-05 5 0.023214915275147907 6 9.913758344387569e-07 7 0.00017830415394386873 8 2.2341291286600683e-06 9 6.895985413659517e-05 10 0.0003871018123376632
2  0 0.45880360841046264 1 0.5175147262887572 2 1.7229045601432902e-05 3 6.287241417352041e-07 4 3.442148505013176e-05 5 0.02299606699585434 6 9.90852318180635e-07 7 0.00017787001183144913 8 2.214474991081355e-06 9 6.83791534270145e-05 10 0.00038386455756467264
3  0 0.24792332475439813 1 0.6231292469044499 2 0.00013412635489221114 3 7.035325406690163e-07 4 9.537903405139325e-05 5 1.779424603904657e-05 6 4.695361969718481e-05 7 0.00034518479511654043 8 2.108787941800536e-05 9 0.0002733039295404263 10 0.1280128949498563
4  0 0.25854854328376364 1 0.6071226431019515 2 0.0001397738968383494 3 7.035126533133651e-07 4 9.85390954560128e-05 5 1.859786795782841e-05 6 4.887710725588745e-05 7 0.0003540852228477373 8 2.196309383830741e-05 9 0.0002844201739878108 10 0.13336185364344946
5  0 0.266178697940933 1 0.5956280432486415 2 0.00014382947045710193 3 7.033893436730887e-07 4 0.00010080839250123375 5 1.9177284555279075e-05 6 5.025838890763967e-05 7 0.00036047682502865497 8 2.2591596145066445e-05 9 0.00029240294791103155 10 0.1372030105155757
6  0 0.2253703321535251 1 0.0015394817253193693 2 0.011149716056861915 3 0.007760332458401006 4 0.5919228372970166 5 8.086162654315394e-06 6 0.00029598934799124343 7 0.06861559681098042 8 5.916720658767595e-06 9 0.04296233540450063 10 0.05036937586209049
7  0 0.16264179604929796 1 0.0014289170670933604 2 0.008882745753778995 3 0.007301354216314157 4 0.6982880330115621 5 4.889001727562646e-06 6 0.00022307315470027067 7 0.05314416157921409 8 4.238650130398026e-06 9 0.03392783862544285 10 0.03415295289073793
8  0 0.24145491838432823 1 0.001695934907942842 2 0.013194436127761174 3 0.011142294304321357 4 0.5521811351962957 5 7.075259607110598e-06 6 0.0003298787110379148 7 0.07913094620675085 8 7.105520276993668e-06 9 0.05050043335859917 10 0.05035584202307836
9  0 0.32814629843660587 1 0.5022757095587329 2 0.00017676611261646658 3 7.024030927865743e-07 4 0.00011923802904967307 5 2.388296296594681e-05 6 6.147633859297785e-05 7 0.00041238510184048865 8 2.7695925180120555e-05 9 0.0003572337795900958 10 0.16839861135173248
10  0 0.32814683735424144 1 0.5022748986487386 2 0.00017676635863234091 3 7.024039320319142e-07 4 0.00011923812602823713 5 2.3883003677918797e-05 6 6.147643563400584e-05 7 0.00041238550062044216 8 2.7695969429790022e-05 9 0.0003572342293587001 10 0.16839888196970637
11  0 0.3281462019211806 1 0.5022758558163418 2 0.00017676602235530692 3 7.024043603143237e-07 4 0.00011923794344703698 5 2.3882955548051518e-05 6 6.147632065374442e-05 7 0.00041238497363055987 8 2.7695917104811254e-05 9 0.00035723357608098 10 0.1683985621492966
12  0 0.3281462026451199 1 0.5022758512073942 2 0.00017676615841333287 3 7.023908931563794e-07 4 0.00011923817865033826 5 2.3882955969434065e-05 6 6.147632271198689e-05 7 0.00041238516986350643 8 2.7695917676528624e-05 9 0.00035723400029762445 10 0.16839856505300985
13  0 0.3281461882754694 1 0.5022758728594399 2 0.00017676614787921763 3 7.023913038556318e-07 4 0.00011923817423026284 5 2.3882954878008504e-05 6 6.147632010920778e-05 7 0.0004123851577018875 8 2.769591649265943e-05 9 0.0003572339849995422 10 0.16839855781749602
14  0 0.3281412583749607 1 0.5022832996051783 2 0.00017676352957282648 3 7.02391181606199e-07 4 0.00011923670803593023 5 2.3882580512571416e-05 6 6.147542765304326e-05 7 0.0004123810281113638 8 2.7695510412129335e-05 9 0.000357228827310499 10 0.16839607601707085
15  0 0.40383578559882655 1 0.006279792732613032 2 0.05402508774586983 3 0.006234456184879028 4 0.06512344150952776 5 0.010215489605854134 6 0.00117138380581977 7 0.2509460502350541 8 5.039576589166688e-06 9 0.1368467543383482 10 0.06531671866661805
16  0 0.40942018344833686 1 0.012874682448903607 2 0.04799729561395022 3 0.004946796507228637 4 0.059967533398133585 5 0.011451621373040372 6 0.0007743552556299799 7 0.24440984812877709 8 6.984330656204917e-06 9 0.13505395925471597 10 0.07309674024062715
17  0 0.4134532840757976 1 0.006470120910809007 2 0.04595320004304289 3 0.007150569219402145 4 0.06738514959608782 5 0.008065709059867691 6 0.0008809744685581572 7 0.2372022989181382 8 8.23149382204796e-06 9 0.1289749842317982 10 0.08445547798267597
18  0 0.4584286922839518 1 0.0029680491720365243 2 0.16562224995895264 3 0.0007383780617449126 4 0.039110177438638864 5 0.017476124049090585 6 0.0045997231681465245 7 0.19756171497670394 8 0.0006999469278460299 9 0.10582401559260446 10 0.006970928370283333
19  0 0.458317778629177 1 0.0029757407708313477 2 0.1430769898928099 3 0.001027748778818352 4 0.041259537153840994 5 0.01773609979113018 6 0.003991702878389583 7 0.20941536530610488 8 0.0005754742063202456 9 0.11267366136029186 10 0.008949901232285291
20  0 0.491480279943422 1 0.0024629444572779047 2 0.15291106089982412 3 0.0006111727382550891 4 0.03680076380729486 5 0.020529148170611175 6 0.0031818195859709686 7 0.18504965046701444 8 0.0005169022803370276 9 0.10006923973130327 10 0.006387017918688898
21  0 0.37063010757295284 1 0.6101141281221756 2 1.3801063881629938e-05 3 6.437344572118864e-07 4 3.165995280023093e-05 5 0.018633257279828244 6 9.905321139425105e-07 7 0.00016926205477754697 8 1.8272662907162923e-06 9 5.686115505807582e-05 10 0.00034746126566381763
22  0 0.348192198771378 1 0.633682143282965 2 1.2924924370300017e-05 3 6.475544640643927e-07 4 3.0954981886502364e-05 5 0.017523447846270027 6 9.889320388006828e-07 7 0.00016706534198950712 8 1.728077440119524e-06 9 5.392243924377815e-05 10 0.0003339778479536995
23  0 0.3675017454474567 1 0.6134049825176977 2 1.3675792314857271e-05 3 6.442681586144028e-07 4 3.155878792084066e-05 5 0.018479058216725165 6 9.883526180115565e-07 7 0.00016894778402277988 8 1.8125943599029987e-06 9 5.644153481473846e-05 10 0.00034014470391052765
24  0 0.002207223109121831 1 0.003932786623354112 2 0.02911521796133522 3 0.03297203213351546 4 0.1388963417630007 5 5.773165475675412e-07 6 0.3553378190983194 7 0.1867505260342639 8 0.022020828736904845 9 0.2226290242715686 10 0.006137622952068211
25  0 0.0006950331978204105 1 0.004567623366947937 2 0.03479603361392398 3 0.028243556028659793 4 0.15976909467872763 5 5.529048073315071e-07 6 0.26322660960171573 7 0.21630872314285704 8 0.025278853742106148 9 0.2600725109230626 10 0.007041408799371103
26  0 0.0033067167578035295 1 0.004036137264880113 2 0.031548969727305566 3 0.03862601748929949 4 0.1397211492249023 5 5.959152534953244e-07 6 0.3323829608311985 7 0.19090605677439593 8 0.02207532429538505 9 0.23123952792067057 10 0.006156543798905262
