         1          0          0
         0          1          0
         0          0          1
         0          0          0
         1          0          0
         0          1          0
         0          0          1
         0          0          0
         1          0          0
         0          1          0
         0          0          1
         0          0          0
         1          0          0
         0          1          0
         0          0          1
         0          0          0
         1          0          0
         0          1          0
         0          0          1
         0          0          0
         1          0          0
         0          1          0
         0          0          1
         0          0          0
         1          0          0
         0          1          0
         0          0          1
         0          0          0
         1          0          0
         0          1          0
         0          0          1
         0          0          0
  0.965808  -0.210922   0.150753
  0.145115   0.921663   0.359833
  -0.21484  -0.325653   0.920757
  -27.4451   -18.4378   -33.9079
  0.950841  -0.306912 -0.0412971
  0.250761   0.684815   0.684213
 -0.181712  -0.660933   0.728112
  -30.6658   -21.7547   -55.6809
  0.951364  -0.268243  -0.151502
  0.249676   0.383272    0.88925
 -0.180468  -0.883826   0.431604
  -30.5641   -29.4675   -78.7816
         1          0          0
         0          1          0
         0          0          1
         0          0          0
         1          0          0
         0          1          0
         0          0          1
         0          0          0
         1          0          0
         0          1          0
         0          0          1
         0          0          0
         1          0          0
         0          1          0
         0          0          1
         0          0          0
