    0.99951  -0.0189389   0.0249251
  0.0186252    0.999745   0.0127566
 -0.0251603  -0.0122861    0.999608
 0.00326756  0.00627047 -0.00618226
   0.747045   -0.465194   -0.474888
  -0.259339     0.45382    -0.85252
   0.612101    0.760028    0.218381
  0.0508375    0.294705      1.2669
   0.680526    0.308228    -0.66474
  -0.538453    0.825657   -0.168398
   0.496943    0.472531    0.727848
  0.0207552   -0.149094    0.220275
   0.189878    0.174566   -0.966164
  -0.834403    0.547296  -0.0650982
   0.517414    0.818531    0.249579
  -0.283088   -0.303209    0.136478
