         1          0          0
         0          1          0
         0          0          1
         0          0          0
         1          0          0
         0          1          0
         0          0          1
         0          0          0
         1          0          0
         0          1          0
         0          0          1
         0          0          0
         1          0          0
         0          1          0
         0          0          1
         0          0          0
         1          0          0
         0          1          0
         0          0          1
         0          0          0
         1          0          0
         0          1          0
         0          0          1
         0          0          0
         1          0          0
         0          1          0
         0          0          1
         0          0          0
  0.994555 -0.0475895  0.0927169
 0.0385635   0.994555  0.0968197
-0.0968197  -0.092717   0.990974
   -10.285   -6.55851   -8.19818
         1          0          0
         0          1          0
         0          0          1
         0          0          0
         1          0          0
         0          1          0
         0          0          1
         0          0          0
         1          0          0
         0          1          0
         0          0          1
         0          0          0
  0.978807  0.0996646  -0.178894
 -0.010836   0.897562   0.440756
  0.204497  -0.429476    0.87962
   8.72684   -15.6879   -41.1554
  0.831727   0.304786  -0.464042
  0.315999   0.427347   0.847065
   0.45648  -0.851164   0.259124
   13.3721   -26.5241   -100.932
         1          0          0
         0          1          0
         0          0          1
         0          0          0
         1          0          0
         0          1          0
         0          0          1
         0          0          0
