#####################################################
*BONEANIMATION, BONEINDEX=0, NFRAMES=6
0 1.0 0.0 0.0 -0.0 1.0 0.0 -0.0 -0.0 1.0 -0.0 0.0 -0.0 0 0 0 1
1 1.0 0.0 -0.0 -0.0 1.0 -0.0 0.0 0.0 1.0 -0.0 -0.0 -0.0 0 0 0 1
2 1.0 0.0 -0.0 0.0 1.0 -0.0 0.0 0.0 1.0 0.0 0.0 0.0 0 0 0 1
3 1.0 -0.0 1e-06 1e-06 1.0 -2e-06 -1e-06 2e-06 1.0 1e-06 -2e-06 1e-06 0 0 0 1
4 0.999999 0.0 -3e-06 1e-06 1.0 1e-06 2e-06 -1e-06 0.999999 4e-06 -2e-06 3e-06 0 0 0 1
5 0.943908 -0.044077 0.327154 0.07766 0.987853 -0.090973 -0.319951 0.11132 0.935663 0.401907 -0.150495 0.124151 0 0 0 1
#####################################################
*BONEANIMATION, BONEINDEX=1, NFRAMES=6
0 1.0 -0.0 -0.0 -0.0 1.0 -0.0 0.0 0.0 1.0 -0.0 -0.0 0.0 0 0 0 1
1 1.0 0.0 0.0 -0.0 1.0 -0.0 -0.0 0.0 1.0 -0.0 -0.0 -0.0 0 0 0 1
2 1.0 -0.0 0.0 -0.0 1.0 0.0 -0.0 -0.0 1.0 -0.0 -0.0 -0.0 0 0 0 1
3 0.988234 -0.050072 0.144524 0.095241 0.940807 -0.325288 -0.119681 0.335225 0.934506 0.130736 -0.430876 0.189157 0 0 0 1
4 0.985646 -0.121566 -0.117145 0.017096 0.762197 -0.647119 0.167955 0.635828 0.753335 0.189775 0.606484 -0.508889 0 0 0 1
5 1.0 -0.0 0.0 0.0 1.0 -0.0 0.0 0.0 1.0 -0.0 -0.0 0.0 0 0 0 1
#####################################################
*BONEANIMATION, BONEINDEX=2, NFRAMES=6
0 1.0 -0.0 -0.0 0.0 1.0 -0.0 0.0 0.0 1.0 0.0 -0.0 0.0 0 0 0 1
1 1.0 -0.0 -0.0 -0.0 1.0 -0.0 -0.0 0.0 1.0 0.0 -0.0 0.0 0 0 0 1
2 1.0 0.0 -0.0 0.0 1.0 -0.0 0.0 0.0 1.0 0.0 0.0 0.0 0 0 0 1
3 0.978497 -0.153464 0.137815 0.003979 0.682077 0.73127 -0.206224 -0.714997 0.668021 0.000352 -1.938936 -0.161825 0 0 0 1
4 1.0 0.0 0.0 -0.0 1.0 -0.0 -0.0 0.0 1.0 -0.0 0.0 -0.0 0 0 0 1
5 1.0 -0.0 0.0 0.0 1.0 -0.0 0.0 0.0 1.0 -0.0 -0.0 0.0 0 0 0 1
#####################################################
*BONEANIMATION, BONEINDEX=3, NFRAMES=6
0 1.0 -0.0 0.0 0.0 1.0 -0.0 -0.0 0.0 1.0 0.0 0.0 0.0 0 0 0 1
1 1.0 -0.0 0.0 0.0 1.0 0.0 -0.0 -0.0 1.0 0.0 0.0 0.0 0 0 0 1
2 1.0 -0.0 0.0 -0.0 1.0 0.0 -0.0 -0.0 1.0 -0.0 -0.0 -0.0 0 0 0 1
3 0.988234 -0.050072 0.144524 0.095241 0.940807 -0.325288 -0.119681 0.335225 0.934506 0.130736 -0.430876 0.189157 0 0 0 1
4 0.84512 0.267749 0.462692 0.004896 0.861615 -0.507538 -0.534555 0.431196 0.726857 -1.824414 1.165839 -0.924649 0 0 0 1
5 1.0 -0.0 0.0 0.0 1.0 -0.0 0.0 0.0 1.0 -0.0 -0.0 0.0 0 0 0 1
#####################################################
*BONEANIMATION, BONEINDEX=4, NFRAMES=6
0 0.972544 -0.154564 0.173977 0.227903 0.783858 -0.577605 -0.047096 0.601396 0.797562 0.885167 -0.609624 0.81869 0 0 0 1
1 1.0 -0.0 0.0 -0.0 1.0 -0.0 -0.0 0.0 1.0 0.0 -0.0 0.0 0 0 0 1
2 1.0 -0.0 0.0 -0.0 1.0 0.0 -0.0 -0.0 1.0 -0.0 -0.0 -0.0 0 0 0 1
3 1.0 0.0 -0.0 0.0 1.0 -0.0 0.0 0.0 1.0 -0.0 0.0 0.0 0 0 0 1
4 1.0 0.0 0.0 -0.0 1.0 -0.0 -0.0 0.0 1.0 -0.0 0.0 -0.0 0 0 0 1
5 1.0 -0.0 0.0 0.0 1.0 -0.0 0.0 0.0 1.0 -0.0 -0.0 0.0 0 0 0 1
#####################################################
*BONEANIMATION, BONEINDEX=5, NFRAMES=6
0 1.0 0.0 0.0 -0.0 1.0 0.0 -0.0 -0.0 1.0 -0.0 -0.0 -0.0 0 0 0 1
1 0.981057 0.082809 -0.175127 -0.188001 0.625009 -0.757645 0.046717 0.776217 0.628737 -0.091244 -1.359427 0.539802 0 0 0 1
2 1.0 0.0 0.0 -0.0 1.0 -0.0 0.0 0.0 1.0 0.0 0.0 0.0 0 0 0 1
3 1.0 0.0 -0.0 -0.0 1.0 -0.0 0.0 0.0 1.0 -0.0 0.0 -0.0 0 0 0 1
4 1.0 -0.0 0.0 -0.0 1.0 -0.0 -0.0 0.0 1.0 -0.0 0.0 -0.0 0 0 0 1
5 1.0 -0.0 -2e-06 -2e-06 1.000004 6e-06 1e-06 -6e-06 1.000004 1e-06 1.1e-05 -1.4e-05 0 0 0 1
#####################################################
*BONEANIMATION, BONEINDEX=6, NFRAMES=6
0 1.0 0.0 0.0 -0.0 1.0 0.0 -0.0 0.0 1.0 -0.0 -0.0 -0.0 0 0 0 1
1 1.0 0.0 0.0 -0.0 1.0 0.0 -0.0 -0.0 1.0 -0.0 0.0 -0.0 0 0 0 1
2 1.0 -0.0 0.0 -0.0 1.0 0.0 -0.0 -0.0 1.0 -0.0 -0.0 -0.0 0 0 0 1
3 1.0 0.0 -1e-06 -1e-06 1.000001 3e-06 1e-06 -3e-06 1.000001 -1e-06 4e-06 -2e-06 0 0 0 1
4 1.000001 -1e-06 4e-06 -1e-06 1.0 -2e-06 -4e-06 2e-06 1.000002 -6e-06 3e-06 -5e-06 0 0 0 1
5 0.958263 0.020015 0.285186 0.2467 0.446193 -0.860268 -0.144468 0.894718 0.422633 -0.141056 -1.501689 1.939146 0 0 0 1
#####################################################
*BONEANIMATION, BONEINDEX=7, NFRAMES=6
0 1.0 0.0 0.0 -0.0 1.0 0.0 -0.0 -0.0 1.0 -0.0 0.0 -0.0 0 0 0 1
1 1.0 0.0 -0.0 -0.0 1.0 -0.0 0.0 -0.0 1.0 -0.0 -0.0 -0.0 0 0 0 1
2 1.0 0.0 -0.0 0.0 1.0 -0.0 0.0 0.0 1.0 0.0 0.0 0.0 0 0 0 1
3 1.000001 5e-06 -1.3e-05 -9e-06 1.000005 2.9e-05 1.1e-05 -3e-05 1.000006 -1.2e-05 3.9e-05 -1.7e-05 0 0 0 1
4 1.000014 -6e-06 4.7e-05 -1e-05 1.000005 -2.7e-05 -4.7e-05 2.8e-05 1.000018 -6.6e-05 3.3e-05 -5.8e-05 0 0 0 1
5 0.838949 -0.222902 0.496497 0.483793 -0.112502 -0.868037 0.249277 0.968431 0.013429 -1.625934 -0.94351 3.151381 0 0 0 1
#####################################################
*BONEANIMATION, BONEINDEX=8, NFRAMES=6
0 0.906259 -0.152766 -0.394153 0.050202 0.964712 -0.258476 0.419731 0.214459 0.881949 -0.425327 0.547421 1.322942 0 0 0 1
1 1.0 0.0 -0.0 -0.0 1.0 -0.0 0.0 0.0 1.0 -0.0 -0.0 -0.0 0 0 0 1
2 1.0 -0.0 0.0 -0.0 1.0 0.0 -0.0 -0.0 1.0 -0.0 0.0 -0.0 0 0 0 1
3 1.0 -0.0 0.0 0.0 1.0 -0.0 -0.0 0.0 1.0 -0.0 0.0 0.0 0 0 0 1
4 1.0 0.0 0.0 0.0 1.0 -0.0 -0.0 0.0 1.0 -0.0 0.0 -0.0 0 0 0 1
5 1.0 -0.0 0.0 0.0 1.0 -0.0 0.0 0.0 1.0 -0.0 -0.0 0.0 0 0 0 1
#####################################################
*BONEANIMATION, BONEINDEX=9, NFRAMES=6
0 0.923671 -0.283196 -0.258882 0.106156 0.836618 -0.538173 0.368715 0.469786 0.802715 -0.527293 -0.578773 0.432138 0 0 0 1
1 1.0 0.0 0.0 0.0 1.0 0.0 -0.0 -0.0 1.0 0.0 0.0 -0.0 0 0 0 1
2 1.0 -0.0 0.0 -0.0 1.0 0.0 -0.0 -0.0 1.0 -0.0 -0.0 -0.0 0 0 0 1
3 1.000001 4e-06 -1.3e-05 -8e-06 1.000005 2.9e-05 1.1e-05 -3e-05 1.000006 -1.2e-05 3.8e-05 -1.7e-05 0 0 0 1
4 1.000013 -6e-06 4.6e-05 -1e-05 1.000005 -2.6e-05 -4.5e-05 2.7e-05 1.000018 -6.4e-05 3.2e-05 -5.6e-05 0 0 0 1
5 1.000102 -4.9e-05 -0.000699 -0.000604 1.001357 0.002109 0.000355 -0.002193 1.001415 0.000344 0.003682 -0.004751 0 0 0 1
#####################################################
*BONEANIMATION, BONEINDEX=10, NFRAMES=6
0 1.0 -0.0 0.0 0.0 1.0 -0.0 -0.0 0.0 1.0 0.0 -0.0 0.0 0 0 0 1
1 1.0 -0.0 0.0 -0.0 1.0 0.0 -0.0 0.0 1.0 0.0 -0.0 0.0 0 0 0 1
2 1.0 -0.0 0.0 -0.0 1.0 0.0 -0.0 -0.0 1.0 -0.0 -0.0 -0.0 0 0 0 1
3 0.790067 0.612445 0.026561 -0.383942 0.460586 0.80028 0.477894 -0.642473 0.599037 1.5096 -1.947125 -0.286135 0 0 0 1
4 1.0 0.0 0.0 0.0 1.0 -0.0 -0.0 0.0 1.0 -0.0 0.0 -0.0 0 0 0 1
5 1.0 -0.0 0.0 0.0 1.0 -0.0 0.0 0.0 1.0 -0.0 -0.0 0.0 0 0 0 1
#####################################################
*BONEANIMATION, BONEINDEX=11, NFRAMES=6
0 1.0 -0.0 -0.0 0.0 1.0 -0.0 0.0 0.0 1.0 0.0 -0.0 0.0 0 0 0 1
1 1.0 -0.0 0.0 0.0 1.0 0.0 -0.0 0.0 1.0 0.0 -0.0 0.0 0 0 0 1
2 0.827698 -0.466827 0.311429 -0.116804 0.39949 0.909266 -0.548883 -0.788974 0.276129 -0.932468 -0.851895 -0.317609 0 0 0 1
3 0.988234 -0.050072 0.144524 0.095241 0.940807 -0.325288 -0.119681 0.335225 0.934506 0.130736 -0.430876 0.189157 0 0 0 1
4 1.0 0.0 0.0 0.0 1.0 -0.0 -0.0 0.0 1.0 -0.0 0.0 -0.0 0 0 0 1
5 1.0 -0.0 0.0 0.0 1.0 -0.0 0.0 0.0 1.0 -0.0 -0.0 0.0 0 0 0 1
#####################################################
*BONEANIMATION, BONEINDEX=12, NFRAMES=6
0 1.0 0.0 0.0 -0.0 1.0 0.0 -0.0 -0.0 1.0 0.0 0.0 -0.0 0 0 0 1
1 0.69913 -0.591252 0.402042 0.125904 0.655319 0.744785 -0.703822 -0.470083 0.532595 1.731389 0.67473 3.728512 0 0 0 1
2 1.0 0.0 -0.0 0.0 1.0 -0.0 0.0 0.0 1.0 -0.0 0.0 0.0 0 0 0 1
3 1.0 0.0 -0.0 -0.0 1.0 -0.0 0.0 0.0 1.0 -0.0 0.0 -0.0 0 0 0 1
4 1.0 0.0 0.0 -0.0 1.0 -0.0 -0.0 0.0 1.0 -0.0 0.0 -0.0 0 0 0 1
5 1.0 -0.0 0.0 0.0 1.0 -0.0 0.0 0.0 1.0 -0.0 -0.0 0.0 0 0 0 1
#####################################################
*BONEANIMATION, BONEINDEX=13, NFRAMES=6
0 1.0 -0.0 -0.0 0.0 1.0 -0.0 0.0 0.0 1.0 -0.0 -0.0 0.0 0 0 0 1
1 0.963816 -0.215014 -0.157567 0.259296 0.893333 0.367044 0.06184 -0.39462 0.916761 0.769371 1.057717 2.300986 0 0 0 1
2 1.0 -0.0 0.0 -0.0 1.0 0.0 -0.0 -0.0 1.0 -0.0 -0.0 -0.0 0 0 0 1
3 1.0 -0.0 0.0 0.0 1.0 -0.0 -0.0 0.0 1.0 -0.0 0.0 0.0 0 0 0 1
4 1.0 0.0 -0.0 0.0 1.0 -0.0 0.0 0.0 1.0 -0.0 0.0 -0.0 0 0 0 1
5 1.0 0.0 -0.0 -0.0 1.000001 1e-06 -0.0 -1e-06 1.000001 1e-06 1e-06 -3e-06 0 0 0 1
#####################################################
*BONEANIMATION, BONEINDEX=14, NFRAMES=6
0 1.0 0.0 0.0 0.0 1.0 0.0 -0.0 -0.0 1.0 0.0 0.0 -0.0 0 0 0 1
1 1.0 0.0 -0.0 -0.0 1.0 -0.0 0.0 0.0 1.0 -0.0 -0.0 -0.0 0 0 0 1
2 1.0 2e-06 -1e-06 0.0 1.000007 -9e-06 2e-06 9e-06 1.000007 1e-06 1.6e-05 2e-06 0 0 0 1
3 0.988234 -0.050072 0.144524 0.095241 0.940807 -0.325288 -0.119681 0.335225 0.934506 0.130736 -0.430876 0.189157 0 0 0 1
4 0.84865 0.068342 -0.524524 0.110206 0.947013 0.3017 0.51735 -0.313843 0.796151 0.735458 -0.367101 0.648914 0 0 0 1
5 1.0 -0.0 0.0 0.0 1.0 -0.0 -0.0 0.0 1.0 -0.0 -0.0 0.0 0 0 0 1
#####################################################
*BONEANIMATION, BONEINDEX=15, NFRAMES=6
0 1.0 0.0 0.0 -0.0 1.0 -0.0 -0.0 0.0 1.0 -0.0 -0.0 -0.0 0 0 0 1
1 1.0 0.0 -0.0 -0.0 1.0 -0.0 0.0 0.0 1.0 -0.0 -0.0 -0.0 0 0 0 1
2 0.976776 -0.199489 0.078186 -0.038432 0.195865 0.979878 -0.210789 -0.960126 0.183649 -0.073873 -1.814212 -0.256203 0 0 0 1
3 0.988234 -0.050072 0.144524 0.095241 0.940807 -0.325288 -0.119681 0.335225 0.934506 0.130736 -0.430877 0.189157 0 0 0 1
4 1.0 0.0 0.0 -0.0 1.0 0.0 -0.0 -0.0 1.0 -0.0 -0.0 0.0 0 0 0 1
5 1.0 0.0 -0.0 -0.0 1.000001 1e-06 -0.0 -1e-06 1.000001 1e-06 1e-06 -3e-06 0 0 0 1
#####################################################
*BONEANIMATION, BONEINDEX=16, NFRAMES=6
0 1.0 0.0 0.0 0.0 1.0 0.0 -0.0 -0.0 1.0 0.0 0.0 -0.0 0 0 0 1
1 1.0 0.0 -0.0 -0.0 1.0 -0.0 0.0 0.0 1.0 -0.0 -0.0 -0.0 0 0 0 1
2 0.919979 -0.156442 0.359394 -0.194604 0.613612 0.765252 -0.340246 -0.773955 0.534066 -0.443649 -0.98834 -0.225731 0 0 0 1
3 0.988234 -0.050072 0.144524 0.095241 0.940807 -0.325288 -0.119681 0.335225 0.934506 0.130736 -0.430876 0.189157 0 0 0 1
4 1.0 -0.0 0.0 -0.0 1.0 -0.0 -0.0 0.0 1.0 -0.0 0.0 -0.0 0 0 0 1
5 1.0 -0.0 0.0 0.0 1.0 -0.0 0.0 0.0 1.0 -0.0 -0.0 0.0 0 0 0 1
#####################################################
*BONEANIMATION, BONEINDEX=17, NFRAMES=6
0 0.992902 -0.059591 -0.102932 -0.059814 0.497848 -0.865203 0.102803 0.865219 0.49075 -0.123695 -1.261078 0.886902 0 0 0 1
1 1.0 0.0 -0.0 -0.0 1.0 -0.0 0.0 0.0 1.0 -0.0 -0.0 -0.0 0 0 0 1
2 1.0 0.0 -0.0 0.0 1.0 -0.0 0.0 0.0 1.0 0.0 0.0 0.0 0 0 0 1
3 1.0 -0.0 0.0 0.0 1.0 -0.0 -0.0 0.0 1.0 0.0 0.0 0.0 0 0 0 1
4 1.0 0.0 -0.0 0.0 1.0 0.0 0.0 -0.0 1.0 0.0 -0.0 0.0 0 0 0 1
5 1.000001 1e-06 -2e-06 -2e-06 1.000004 4e-06 -0.0 -5e-06 1.000004 5e-06 6e-06 -1.3e-05 0 0 0 1
#####################################################
*BONEANIMATION, BONEINDEX=18, NFRAMES=6
0 1.0 0.0 0.0 0.0 1.0 0.0 -0.0 -0.0 1.0 0.0 0.0 -0.0 0 0 0 1
1 1.0 0.0 0.0 0.0 1.0 0.0 -0.0 -0.0 1.0 0.0 0.0 -0.0 0 0 0 1
2 1.0 -0.0 0.0 -0.0 1.0 0.0 -0.0 -0.0 1.0 -0.0 -0.0 -0.0 0 0 0 1
3 0.983431 -0.105971 0.147084 0.068831 0.968865 0.237828 -0.167707 -0.223764 0.960106 0.068506 -1.03105 0.4255 0 0 0 1
4 1.0 -0.0 0.0 -0.0 1.0 -0.0 -0.0 0.0 1.0 -0.0 0.0 -0.0 0 0 0 1
5 1.0 -0.0 0.0 0.0 1.0 -0.0 0.0 0.0 1.0 -0.0 -0.0 0.0 0 0 0 1
#####################################################
*BONEANIMATION, BONEINDEX=19, NFRAMES=6
0 1.0 -0.0 -0.0 0.0 1.0 -0.0 0.0 0.0 1.0 0.0 -0.0 0.0 0 0 0 1
1 0.987678 -0.029627 -0.153719 -0.033345 0.919534 -0.391712 0.152955 0.392011 0.907215 -0.194624 -0.50036 0.246431 0 0 0 1
2 1.0 -0.0 0.0 -0.0 1.0 0.0 -0.0 -0.0 1.0 -0.0 -0.0 -0.0 0 0 0 1
3 1.0 1e-06 -3e-06 -2e-06 1.000001 7e-06 3e-06 -7e-06 1.000001 -3e-06 9e-06 -4e-06 0 0 0 1
4 1.000003 -1e-06 1.1e-05 -2e-06 1.000001 -6e-06 -1.1e-05 6e-06 1.000004 -1.5e-05 8e-06 -1.3e-05 0 0 0 1
5 1.000023 -1.1e-05 -0.000157 -0.000136 1.000306 0.000475 8e-05 -0.000494 1.000319 7.8e-05 0.000829 -0.00107 0 0 0 1
#####################################################
*BONEANIMATION, BONEINDEX=20, NFRAMES=6
0 1.0 0.0 0.0 -0.0 1.0 0.0 -0.0 -0.0 1.0 -0.0 -0.0 -0.0 0 0 0 1
1 1.0 0.0 -0.0 -0.0 1.0 -0.0 0.0 0.0 1.0 -0.0 -0.0 -0.0 0 0 0 1
2 1.0 0.0 -0.0 -0.0 1.0 -0.0 0.0 0.0 1.0 0.0 0.0 0.0 0 0 0 1
3 0.988215 -0.05015 0.14475 0.09539 0.940714 -0.325797 -0.119868 0.335749 0.934403 0.130941 -0.431551 0.189453 0 0 0 1
4 1.0 0.0 -0.0 0.0 1.0 0.0 0.0 -0.0 1.0 0.0 -0.0 0.0 0 0 0 1
5 1.000066 -3e-05 -0.000447 -0.000387 1.000869 0.001346 0.000224 -0.001401 1.000906 0.000228 0.002347 -0.003041 0 0 0 1
#####################################################
