         1          0          0
         0          1          0
         0          0          1
         0          0          0
         1          0          0
         0          1          0
         0          0          1
         0          0          0
         1          0          0
         0          1          0
         0          0          1
         0          0          0
         1          0          0
         0          1          0
         0          0          1
         0          0          0
         1          0          0
         0          1          0
         0          0          1
         0          0          0
         1          0          0
         0          1          0
         0          0          1
         0          0          0
         1          0          0
         0          1          0
         0          0          1
         0          0          0
         1          0          0
         0          1          0
         0          0          1
         0          0          0
  0.988234 -0.0500721   0.144524
 0.0952406   0.940807  -0.325288
 -0.119681   0.335225   0.934506
  0.130736  -0.430876   0.189157
  0.983431  -0.105971   0.147084
 0.0688314   0.968865   0.237828
 -0.167707  -0.223763   0.960106
 0.0685065   -1.03105     0.4255
  0.978497  -0.153464   0.137815
0.00397928   0.682077    0.73127
 -0.206224  -0.714997   0.668021
0.00035181   -1.93894  -0.161825
  0.790067   0.612445   0.026561
 -0.383942   0.460586    0.80028
  0.477894  -0.642473   0.599037
    1.5096   -1.94713  -0.286135
  0.988234 -0.0500721   0.144524
 0.0952406   0.940807  -0.325288
 -0.119681   0.335225   0.934506
  0.130736  -0.430876   0.189157
  0.988234 -0.0500721   0.144524
 0.0952406   0.940807  -0.325288
 -0.119681   0.335225   0.934506
  0.130736  -0.430876   0.189157
  0.988234 -0.0500721   0.144524
 0.0952406   0.940807  -0.325288
 -0.119681   0.335225   0.934506
  0.130736  -0.430876   0.189157
  0.988234 -0.0500721   0.144524
 0.0952406   0.940807  -0.325288
 -0.119681   0.335225   0.934506
  0.130736  -0.430876   0.189157
  0.988234 -0.0500721   0.144524
 0.0952406   0.940807  -0.325288
 -0.119681   0.335225   0.934506
  0.130736  -0.430876   0.189157
  0.988234 -0.0500721   0.144524
 0.0952406   0.940807  -0.325288
 -0.119681   0.335225   0.934506
  0.130736  -0.430876   0.189157
         1          0          0
         0          1          0
         0          0          1
         0          0          0
         1          0          0
         0          1          0
         0          0          1
         0          0          0
         1          0          0
         0          1          0
         0          0          1
         0          0          0
