         1          0          0
         0          1          0
         0          0          1
         0          0          0
  0.351629  -0.403743     0.8446
  -0.38437   0.760391   0.523512
  -0.85359  -0.508721   0.112189
  0.583534   0.363369   -0.76014
   0.94864  -0.292809  -0.119772
-0.0875216   0.120913  -0.988797
   0.30401   0.948495  0.0890754
         0          0          0
  0.658598   -0.58811  -0.469443
 -0.660411  -0.152699  -0.735214
  0.360703   0.794235  -0.488961
 -0.261038  -0.265771  -0.314703
