         1          0          0
         0          1          0
         0          0          1
         0          0          0
  0.917057  0.0459381   0.396101
 -0.374817  -0.239694   0.895578
  0.136084  -0.969761  -0.202594
 0.0746486 -0.0413443  -0.356491
  0.987723 -0.0907549  -0.127148
 -0.155722  -0.507458  -0.847489
 0.0123917   0.856884   -0.51536
         0          0          0
  0.923469 -0.0726176  -0.376738
  0.317457  -0.406822   0.856573
 -0.215468  -0.910616  -0.352635
-0.0578288  0.0163236  -0.224632
