  0.464183  -0.885267  0.0289347
 -0.705808  -0.389427  -0.591761
  0.535135   0.254263  -0.805594
         0          0          0
  0.294291   0.207984  -0.932811
 -0.841916  -0.405492  -0.356025
 -0.452295   0.890123  0.0557724
  0.152903  -0.983926   0.865571
  0.691756  -0.638911  -0.336551
  0.241767   0.644064  -0.725762
  0.680458   0.420683   0.600003
         0          0          0
 -0.120449  -0.942508  -0.311722
 0.0194049   0.311712  -0.949978
   0.99253  -0.120473 -0.0192562
 -0.730984  -0.273237  0.0223459
