  0.987685 -0.0296105  -0.153631
-0.0333257    0.91958  -0.391488
  0.152868   0.391786   0.907268
 -0.194513  -0.500074    0.24629
  0.981057  0.0828085  -0.175126
 -0.187999   0.625011  -0.757639
 0.0467165   0.776211    0.62874
-0.0912429   -1.35942   0.539798
  0.963816  -0.215014  -0.157567
  0.259295   0.893333   0.367044
 0.0618401  -0.394619   0.916761
  0.769371    1.05772    2.30098
   0.69913  -0.591252   0.402042
  0.125904   0.655319   0.744785
 -0.703822  -0.470083   0.532595
   1.73139    0.67473    3.72851
         1          0          0
         0          1          0
         0          0          1
         0          0          0
         1          0          0
         0          1          0
         0          0          1
         0          0          0
         1          0          0
         0          1          0
         0          0          1
         0          0          0
         1          0          0
         0          1          0
         0          0          1
         0          0          0
         1          0          0
         0          1          0
         0          0          1
         0          0          0
         1          0          0
         0          1          0
         0          0          1
         0          0          0
         1          0          0
         0          1          0
         0          0          1
         0          0          0
         1          0          0
         0          1          0
         0          0          1
         0          0          0
         1          0          0
         0          1          0
         0          0          1
         0          0          0
         1          0          0
         0          1          0
         0          0          1
         0          0          0
         1          0          0
         0          1          0
         0          0          1
         0          0          0
         1          0          0
         0          1          0
         0          0          1
         0          0          0
         1          0          0
         0          1          0
         0          0          1
         0          0          0
         1          0          0
         0          1          0
         0          0          1
         0          0          0
         1          0          0
         0          1          0
         0          0          1
         0          0          0
         1          0          0
         0          1          0
         0          0          1
         0          0          0
         1          0          0
         0          1          0
         0          0          1
         0          0          0
