   0.24667  -0.708996  -0.660665
-0.0294016  -0.686893   0.726164
 -0.968653  -0.159698  -0.190282
  0.499028   0.923295   0.232059
  0.176775   0.607089  -0.774722
  0.963605  0.0536249   0.261896
  0.200539  -0.792823  -0.575514
 -0.519166  -0.314877    0.75946
  0.878137   -0.12944  -0.460566
  0.425967   0.649782   0.629552
  0.217778  -0.749018   0.625735
 -0.321873   0.549618  -0.127643
  0.599154   0.751212  -0.276939
  0.286507   0.121821   0.950302
  0.747615  -0.648722  -0.142238
 -0.768146    1.55604   0.261232
