   0.910593 -0.00706566   -0.413243
   0.134266    0.950681    0.279605
   0.390887   -0.310091    0.866632
  -0.208777    0.172891    0.112585
   0.994985   0.0553023   -0.083348
 -0.0723564   -0.177398   -0.981476
 -0.0690637    0.982584   -0.172507
  0.0569499   0.0787186      1.0637
          1           0           0
          0           1           0
          0           0           1
          0           0           0
          1           0           0
          0           1           0
          0           0           1
          0           0           0
          1           0           0
          0           1           0
          0           0           1
          0           0           0
   0.997038  -0.0522862   0.0564013
   0.076884    0.696218   -0.713701
-0.00195079    0.715924    0.698176
 -0.0393067   -0.139223     0.49793
          1           0           0
          0           1           0
          0           0           1
          0           0           0
          1           0           0
          0           1           0
          0           0           1
          0           0           0
          1           0           0
          0           1           0
          0           0           1
          0           0           0
          1           0           0
          0           1           0
          0           0           1
          0           0           0
          1           0           0
          0           1           0
          0           0           1
          0           0           0
