   0.704774   -0.418565    0.572797
  -0.132045    0.715899    0.685604
  -0.697035   -0.558831    0.449277
          0           0           0
   0.768354    0.492156    0.409163
  -0.458076  -0.0236065      0.8886
   0.446988   -0.870187    0.207306
  -0.057222   -0.819649    0.147271
    0.90684    0.334829    0.255989
  -0.269525 -0.00625391    0.962973
   0.324032   -0.942258   0.0845735
          0           0           0
  0.0210511    0.999065  -0.0377745
   -0.59875    0.042856    0.799789
    0.80066  0.00578099    0.599092
   -0.79721    0.597812   -0.264387
