#####################################################
# (C) Songrun (songruner@gmail.com)
#
# Running time: 3.333 (m)
# Repeat      : 10
#
#####################################################
*BONEANIMATION, BONEINDEX=0, NFRAMES=6
0 1.0004111583131892 1.9463873727892933e-05 0.004872171475136529 -0.008992162573736917 0.00012343030557739054 0.9976908485634197 0.0006982435264927811 -0.00019940023649100969 -0.0033449293995651552 -0.0007542552284412474 0.9986690936645735 0.005372940694818307 0 0 0 1
1 0.9999992343399995 -7.598969808698779e-06 1.8882891934697554e-06 -3.688054340478253e-06 3.3471334156508215e-06 0.9999848428899638 3.1374585500509866e-05 -5.494786731615809e-05 -7.078606935744815e-06 -3.062390529113678e-05 0.9999849936031387 2.1818720088495613e-05 0 0 0 1
2 1.0007608207844432 -0.0010824383684975378 -0.003651304835277605 0.005229807867606568 0.0028111867962079505 1.0014586175103675 -0.0043960050554852775 0.005347760651636224 0.0025529224805224023 0.005079881028944952 1.0017951747475373 -0.004011948983829075 0 0 0 1
3 0.9879864548742866 0.09723329341070298 -0.12219484866313121 0.13346821653639052 -0.05112806281436125 0.9395695659609764 0.34218283064315036 -0.43997723521037946 0.14755270268956786 -0.3320370256914002 0.9331362225993715 0.19314904826089555 0 0 0 1
4 0.9184525744672308 -0.19831731864333332 -0.34673755132993406 -0.45211343227316325 -0.15942700633071366 0.6062393216134336 -0.7887221804933151 -1.0071971116620342 0.36625089487632767 0.7798524792866128 0.5251756983914029 -0.23003749402772655 0 0 0 1
5 0.9999841509889851 1.887722618283596e-05 0.00018545337323195871 0.00020954707220291469 -0.00013423135291628328 0.9997374213326631 0.0007020722680765382 0.0006696704621398236 -0.00012934932211700403 -0.0007145398351451199 0.9997276360927424 -0.0005619074495622073 0 0 0 1
#####################################################
*BONEANIMATION, BONEINDEX=1, NFRAMES=6
0 1.0000000000000013 3.0531133177191805e-16 -2.5326962749261384e-16 -2.886579864025407e-15 -2.7755575615628914e-16 1.0000000000000013 -3.885780586188048e-16 4.440892098500626e-16 -9.159339953157541e-16 3.1086244689504383e-15 0.9999999999999981 -1.2212453270876722e-15 0 0 0 1
1 0.6991303145724425 0.12590440173948556 -0.7038216285881382 1.7313891781078934 -0.5912519608064424 0.6553190408420536 -0.4700830496331291 0.6747304437727903 0.4020421894383414 0.744785228325905 0.5325946315718517 3.728511842108808 0 0 0 1
2 0.9999999999999994 -1.2247147740396258e-15 -6.071532165918825e-16 -7.186091999233923e-16 1.1518563880486e-15 1.000000000000002 7.771561172376096e-16 -3.524958103184872e-15 1.0408340855860843e-17 -1.2351231148954867e-15 1.0000000000000013 2.1510571102112408e-15 0 0 0 1
3 1.0000000000000064 -1.6479873021779667e-16 -8.673617379884035e-17 8.881784197001252e-16 3.165870343657673e-17 1.0000000000000087 8.534839501805891e-16 -2.6645352591003757e-15 -3.0531133177191805e-16 -5.828670879282072e-16 1.0000000000000062 -4.1772141301521515e-15 0 0 0 1
4 1.0000000000000022 -3.191891195797325e-16 -2.7755575615628914e-17 1.1102230246251565e-16 3.400058012914542e-16 0.9999999999999996 2.914335439641036e-16 1.6653345369377348e-16 4.510281037539698e-16 2.220446049250313e-16 1.0 2.0816681711721685e-17 0 0 0 1
5 1.0000000000000016 1.93421667571414e-16 4.727121472036799e-16 4.0245584642661925e-16 4.909267437014364e-16 1.0 -1.5959455978986625e-16 3.0531133177191805e-16 -4.883246584874712e-16 4.787836793695988e-16 1.0000000000000002 2.0816681711721685e-17 0 0 0 1
#####################################################
*BONEANIMATION, BONEINDEX=2, NFRAMES=6
0 1.000000354963768 -7.986485117683628e-08 3.7818204040827863e-06 -6.750450349146675e-06 1.4089792048366245e-07 0.999998403221309 3.5850637342127456e-07 2.881809163524096e-08 -2.7276954553678845e-06 -4.222957350474843e-07 0.9999991476165413 3.6046778092435616e-06 0 0 0 1
1 1.0000000050184348 4.980660412660237e-08 -1.2376593049034934e-08 2.4172956164525417e-08 -2.193841121961304e-08 1.0000000993455969 -2.056412576664085e-07 3.601497173345348e-07 4.6395952878197644e-08 2.007210079769603e-07 1.0000000983577673 -1.4300839051850645e-07 0 0 0 1
2 1.0000053511403997 -7.506056162943225e-06 -2.578635178900751e-05 3.689800855354291e-05 1.982327243447296e-05 1.0000110077082782 -3.2181874120643106e-05 3.946898365130014e-05 1.807691421788077e-05 3.698203094190666e-05 1.0000133809089018 -2.9519383337894833e-05 0 0 0 1
3 0.9882329674536668 0.0952497731489664 -0.11968761204681544 0.13075015991527536 -0.05007260230086072 0.940800241948643 0.33528570622778253 -0.43087329236817123 0.14453506882006803 -0.3253481014409301 0.9344988875831194 0.18915728475782068 0 0 0 1
4 0.9767123714532201 -0.03853734356575354 -0.2113653907614038 -0.07407522392888552 -0.2000347956732294 0.1936638315254342 -0.96275412667836 -1.819177542060147 0.07839984554063303 0.9825600750423034 0.1814148294135205 -0.25690446636430675 0 0 0 1
5 1.0000008424939646 -1.003466342793663e-06 -9.858239598126671e-06 -1.1139000630849827e-05 7.135404549869426e-06 1.0000139580282579 -3.73204139641134e-05 -3.5598014635790376e-05 6.875887913648793e-06 3.7983158791159155e-05 1.000014478187245 2.9869601177061333e-05 0 0 0 1
#####################################################
*BONEANIMATION, BONEINDEX=3, NFRAMES=6
0 1.0000000050456477 -6.423298504198982e-09 3.053804217140188e-08 -4.055588359586082e-08 3.8811418245909834e-09 0.9999999990071413 -8.268269735545175e-09 1.1403133659548814e-08 -3.0016662044829445e-08 6.517305584097244e-09 1.0000000041099146 -5.319822360405624e-09 0 0 0 1
1 0.9999999995317574 -4.647189868166313e-09 1.1547929695820969e-09 -2.2554484807590924e-09 2.046957325863019e-09 0.9999999907305895 1.9187292409419965e-08 -3.36036570104236e-08 -4.328959120640172e-09 -1.8728210009720525e-08 0.9999999908227614 1.3343353533201707e-08 0 0 0 1
2 1.0000005127079648 -7.102430631851508e-07 -2.479447149955627e-06 3.5448743083833605e-06 1.9035874450484824e-06 1.0000011171061867 -3.1887543845143806e-06 3.936401609297424e-06 1.7421098579342709e-06 3.6478537909917508e-06 1.000001344995083 -2.936882112433703e-06 0 0 0 1
3 0.9784965731331621 0.0039790583471113455 -0.20622543719982683 0.00035158856804524963 -0.15346472145759438 0.6820734521110154 -0.7150029379822007 -1.9389527557777577 0.13781629325457226 0.7312761443934627 0.6680171311055556 -0.1618291274621432 0 0 0 1
4 1.0000000000000007 -1.4710455076283324e-15 -5.509481759702339e-15 -9.034439862887211e-15 -4.163336342344337e-15 0.9999999999999936 -8.132383655379272e-15 -8.576472865229334e-15 3.656797087359109e-15 9.284240043427872e-15 0.9999999999999929 -3.1502578323738817e-15 0 0 0 1
5 0.9999999860974842 1.6558823146863022e-08 1.626769498335942e-07 1.8381158446711954e-07 -1.1774575244850871e-07 0.9999997696698855 6.15847386184476e-07 5.87425002390729e-07 -1.1346330806936283e-07 -6.267837512966001e-07 0.9999997610864182 -4.928968864795213e-07 0 0 0 1
#####################################################
*BONEANIMATION, BONEINDEX=4, NFRAMES=6
0 0.9999979614067779 3.653251565982618e-06 -7.69428882030701e-06 5.304998295596608e-06 -1.9436498649091916e-06 0.9999960589629722 6.015337277065491e-06 -6.809064718282798e-06 1.0376464293027077e-05 -5.1390034376264104e-06 0.9999950930207224 1.3465347946217676e-05 0 0 0 1
1 0.9810251453979106 -0.188320334113364 0.046796244743265714 -0.09139865556754603 0.08294983388317279 0.6243711847434037 0.777535978114882 -1.361737313223098 -0.17542451887177843 -0.7589323579633079 0.6281062114402746 0.5407191712700301 0 0 0 1
2 1.000011555983001 8.607422555415023e-05 -0.00015625315883549193 0.00018926854258135986 9.162261146942671e-05 1.0007385200452237 -0.0012753277515570177 0.0018572239553646397 0.0001547843425722291 0.001276336721793142 1.0007494362276574 -0.0013065430054594596 0 0 0 1
3 1.0000030764793946 -2.3994749523107914e-05 3.128075755459703e-05 -3.2576408079521e-05 1.358476690545762e-05 1.000014751248546 -7.798001022440298e-05 0.00011855431203194877 -3.700351505147442e-05 7.538083785595812e-05 1.0000163971480769 -5.166888059929958e-05 0 0 0 1
4 1.0000000000000013 -1.5768636396629176e-15 -8.257283745649602e-15 -3.3861802251067274e-15 -7.73686670285656e-15 0.9999999999999679 -3.7414515929867775e-14 -7.03603841856193e-14 3.191891195797325e-15 3.808064974464287e-14 0.9999999999999678 -1.0109968417992832e-14 0 0 0 1
5 1.0000001057855232 -1.2599750951868688e-07 -1.2378222566875041e-06 -1.3986376103947151e-06 8.95936576516751e-07 1.000001752599943 -4.686030627136517e-06 -4.469762420342138e-06 8.633518089919134e-07 4.76924629941311e-06 1.0000018179123953 3.75049024315538e-06 0 0 0 1
#####################################################
*BONEANIMATION, BONEINDEX=5, NFRAMES=6
0 1.0002664082991997 2.8859686904303405e-05 0.0032282454101630106 -0.005996652631742316 7.420472106917098e-05 0.998437105153015 0.000493487176679186 -0.00016297925900388144 -0.002194237586678166 -0.0005271857313353667 0.9990877881423306 0.0036551571896570323 0 0 0 1
1 0.9846225074052372 -0.041746164653849366 0.19069124774435892 -0.24267165905893046 -0.03684661016289053 0.8993370539126736 0.4893698065792473 -0.6249915525591894 -0.19176891397274548 -0.48897926117574697 0.8839863692139499 0.3076853437613935 0 0 0 1
2 1.0107944274475322 -0.015059904544810243 -0.052096839016632174 0.07451867859506901 0.04002677829424087 1.0227742176431343 -0.06587828122144124 0.08102889161918828 0.03655729717619589 0.07555380124843332 1.0275660976807162 -0.06053689165993291 0 0 0 1
3 1.00127340407786 -0.008911901039277565 0.012934743825363845 -0.011678027301101679 0.006176958729888896 1.0052899604952392 -0.02140653761075939 0.05570040622832512 -0.014434758058679699 0.020329581048030627 1.0059694463904552 -0.023872744667262524 0 0 0 1
4 0.9999999999940371 -9.843216519644926e-12 -5.397055025113673e-11 -1.9039644860718852e-11 -5.106832318135801e-11 0.9999999997943595 -2.45543321786279e-10 -4.638593120720458e-10 2.0037305148434825e-11 2.506120727607808e-10 0.9999999997912169 -6.553973336265173e-11 0 0 0 1
5 1.001131513949837 -0.0013477083662043416 -0.013240137111926478 -0.014960266890498966 0.009583225647326046 1.0187463700966228 -0.05012328957575005 -0.04781001620242854 0.009234681084942117 0.0510133909279244 1.0194449711276983 0.04011645398577621 0 0 0 1
#####################################################
*BONEANIMATION, BONEINDEX=6, NFRAMES=6
0 0.787843439852238 0.6826604596863352 0.5275008454409891 -2.6169724578561424 -0.3097421782957582 -0.6516601956011184 1.3903456267496608 -1.3371854691689784 0.5789526174875604 -1.2508546196188206 -0.43878546874512914 4.636423887540049 0 0 0 1
1 0.9999999685183512 -3.1244690039660544e-07 7.76408039422638e-08 -1.5164174647919193e-07 1.376241079674434e-07 0.9999993767849772 1.2900290882484483e-06 -2.2592919019096057e-06 -2.9105114423243206e-07 -1.2591633640748542e-06 0.9999993829818546 8.97120539411489e-07 0 0 0 1
2 0.9999657774610933 4.7987958742253325e-05 0.00016492913880403193 -0.00023599374569091818 -0.0001267848908643246 0.9999294893022335 0.00020600454257173328 -0.00025269727805395104 -0.00011562679481614754 -0.00023670186582518127 0.9999143108891279 0.00018898272861769816 0 0 0 1
3 1.000010083818487 -0.00010597042669415434 0.00010287394704748196 -0.00015515382234629338 2.9685631521232225e-05 1.000070205413253 -0.0005468111161245487 0.00021100518351024888 -0.00014490394445349636 0.0005383217102715374 1.0000756478394204 -0.00010275351947475198 0 0 0 1
4 1.0000000000000435 6.867423296696984e-14 3.770872503139344e-13 1.302569163641465e-13 3.5697833578041127e-13 1.0000000000014415 1.722608167220585e-12 3.2558955531669653e-12 -1.3952033972586264e-13 -1.7572193700132743e-12 1.0000000000014642 4.591882429849647e-13 0 0 0 1
5 0.9999949059097318 6.0674003066552365e-06 5.960726667882631e-05 6.735131304023978e-05 -4.3143804447084294e-05 0.9999156036020693 0.00022565569069386143 0.00021524130432898358 -4.1574652411697534e-05 -0.00022966293836079038 0.9999124584912947 -0.00018060478882908626 0 0 0 1
#####################################################
*BONEANIMATION, BONEINDEX=7, NFRAMES=6
0 0.9531782416585101 0.24611566385556177 -0.1397055536858094 -0.16537956443655452 0.007769663076178837 0.45531199737328265 0.8549784071246683 -1.4083771276436325 0.2950689526718564 -0.818909169201113 0.4356102208059262 1.884732994011181 0 0 0 1
1 1.0000000017090471 1.6961828366336695e-08 -4.214892154047467e-09 8.23218734846698e-09 -7.471210611981194e-09 1.0000000338325201 -7.003190532779008e-08 1.2265034847556283e-07 1.580031498032205e-08 6.83562956481365e-08 1.000000033496112 -4.8702048560667066e-08 0 0 0 1
2 1.0000018225283513 -2.5564463694473932e-06 -8.782511542373278e-06 1.2566997932261879e-05 6.751555649886498e-06 1.000003749207613 -1.0960938021539746e-05 1.3442932157423093e-05 6.156780736253642e-06 1.2595806927875874e-05 1.0000045574896927 -1.0054135055642677e-05 0 0 0 1
3 0.9999989903356464 9.521237215639675e-06 -1.0286741107902453e-05 1.3606412482145003e-05 -3.5640277510253903e-06 0.9999938418381459 4.3140610874216334e-05 -2.82071223559055e-05 1.356726983372386e-05 -4.2289397049567745e-05 0.9999932988025774 1.2943694667588712e-05 0 0 0 1
4 1.0 -3.930883396563445e-15 -2.0962398483703737e-14 -7.396860901565105e-15 -1.9685642005384807e-14 0.9999999999999194 -9.514611321037592e-14 -1.8002266344296913e-13 7.86176679312689e-15 9.720002580593246e-14 0.999999999999919 -2.5417168370012178e-14 0 0 0 1
5 1.0000002821622989 -3.3607406127802997e-07 -3.301653952843958e-06 -3.730597649631573e-06 2.389740722542541e-06 1.0000046747270328 -1.2499096919568742e-05 -1.1922242755729728e-05 2.302825194068492e-06 1.2721058869034907e-05 1.0000048489351119 1.0003721833191925e-05 0 0 0 1
#####################################################
*BONEANIMATION, BONEINDEX=8, NFRAMES=6
0 0.9999999999997098 1.3143375277024916e-12 2.37535338620809e-12 -7.538247803751119e-12 -5.595870988805984e-13 0.9999999999961877 2.8616553571225722e-12 -2.621347583442457e-12 1.7169599075828046e-13 -2.6069701952735613e-12 0.9999999999968665 1.039368591193579e-11 0 0 0 1
1 0.9999999999935238 -1.7209018932096143e-11 8.08345473890526e-11 -1.0278213002923309e-10 -1.5871068348438655e-11 0.9999999999582891 2.0564609216899843e-10 -2.616290312651079e-10 -8.094001499852482e-11 -2.055311676060767e-10 0.9999999999517637 1.291558526794745e-10 0 0 0 1
2 0.9062592151434611 0.050202086687558364 0.4197308487226351 -0.42532699100570076 -0.1527660412653141 0.9647123255895305 0.21445900648687072 0.5474210404564148 -0.3941532335464451 -0.2584760710769772 0.8819486090795078 1.3229417399932741 0 0 0 1
3 1.000000000000547 -3.7844571226797186e-12 5.492373916782256e-12 -4.957229071678171e-12 2.62322195215825e-12 1.0000000000022553 -9.088930996714595e-12 2.364358708817349e-11 -6.129534380061585e-12 8.63256688354852e-12 1.0000000000025409 -1.0139743211734498e-11 0 0 0 1
4 1.0000000000000022 -3.677613769070831e-16 -1.457167719820518e-16 -4.3021142204224816e-16 8.326672684688674e-17 0.9999999999999992 -2.914335439641036e-16 -1.942890293094024e-16 5.48172618408671e-16 3.885780586188048e-16 1.0 -1.3183898417423734e-16 0 0 0 1
5 1.000000000000482 -5.720224641181382e-13 -5.620955090268609e-12 -6.352585124602683e-12 4.069250145177783e-12 1.0000000000079592 -2.128082432495404e-11 -2.029851287055351e-11 3.920176683269716e-12 2.165898710382308e-11 1.0000000000082556 1.7030654664296208e-11 0 0 0 1
#####################################################
*BONEANIMATION, BONEINDEX=9, NFRAMES=6
0 1.0000000000000013 -8.326672684688674e-17 -1.3183898417423734e-15 -1.6653345369377348e-16 3.3306690738754696e-16 1.0000000000000027 -6.106226635438361e-16 -4.440892098500626e-16 -9.71445146547012e-16 3.3861802251067274e-15 0.9999999999999987 -2.886579864025407e-15 0 0 0 1
1 1.0000000000000009 -2.7842311789427754e-16 -5.689893001203927e-16 4.440892098500626e-16 7.042977312465837e-16 0.9999999999999997 -1.717376241217039e-16 -7.831734392949041e-16 3.7404974950749903e-16 1.5612511283791264e-16 1.000000000000002 -5.551115123125783e-16 0 0 0 1
2 0.9725441562084441 0.22790304727328323 -0.04709634028622241 0.8851666380572881 -0.15456365590375837 0.7838576095418655 0.601396145844801 -0.6096239902584689 0.17397683897136704 -0.5776049246733178 0.7975616656376272 0.818689583186568 0 0 0 1
3 1.0000000000000064 -3.937822290467352e-16 2.740863092043355e-16 1.9290125052862095e-15 5.301748623454117e-16 1.0000000000000082 1.0408340855860843e-15 -3.6637359812630166e-15 -3.469446951953614e-16 -4.579669976578771e-16 1.0000000000000058 -4.5727310826748635e-15 0 0 0 1
4 1.0000000000000022 -2.8275992658421956e-16 -1.457167719820518e-16 -5.828670879282072e-16 4.163336342344337e-17 0.9999999999999992 -1.3877787807814457e-16 8.326672684688674e-17 4.371503159461554e-16 3.7470027081099033e-16 0.9999999999999998 -1.249000902703301e-16 0 0 0 1
5 1.0000000000000016 1.8995222061946038e-16 -2.0556473190325164e-16 -1.2906342661267445e-15 6.522560269672795e-16 1.0 1.734723475976807e-16 1.457167719820518e-15 1.7867651802561113e-16 -3.608224830031759e-16 1.0 -1.5126788710517758e-15 0 0 0 1
#####################################################
*BONEANIMATION, BONEINDEX=10, NFRAMES=6
0 1.0 1.609823385706477e-15 -8.389122729823839e-15 9.936496070395151e-15 -7.424616477180734e-16 1.0000000000000027 1.9984014443252818e-15 -4.218847493575595e-15 6.6058269965196814e-15 2.220446049250313e-16 0.9999999999999978 -1.1102230246251565e-15 0 0 0 1
1 1.000000000000001 -1.0408340855860843e-16 -5.551115123125783e-17 3.469446951953614e-16 8.500145032286355e-16 0.9999999999999997 -3.2786273695961654e-16 1.8317595704142597e-16 -2.237793284010081e-16 1.8735013540549517e-16 1.0000000000000022 -1.6653345369377348e-16 0 0 0 1
2 1.0000000000000004 -2.291569711765362e-15 -5.686423554251974e-15 7.57900686654267e-15 4.822531263215524e-15 1.0000000000000047 -6.1201044232461754e-15 5.218048215738236e-15 3.774758283725532e-15 6.467049118441537e-15 1.0000000000000047 -4.551914400963142e-15 0 0 0 1
3 0.7900667972323112 -0.3839422447936225 0.47789413950597504 1.5096003366720718 0.6124450756555808 0.4605862749342653 -0.6424728108239881 -1.9471254605183799 0.02656097167835867 0.8002803483815757 0.5990374602463207 -0.28613514443250354 0 0 0 1
4 1.0000000000000022 -1.9255430583342559e-16 2.636779683484747e-16 2.914335439641036e-16 3.400058012914542e-16 0.9999999999999998 4.996003610813204e-16 9.71445146547012e-16 3.0531133177191805e-16 -4.718447854656915e-16 1.0000000000000002 1.942890293094024e-16 0 0 0 1
5 1.0000000000000084 -7.526097800525378e-15 -7.417330638581632e-14 -8.261447081991946e-14 5.440786710053658e-14 1.0000000000001068 -2.856812009177645e-13 -2.727124082113619e-13 5.150914417217933e-14 2.9055230443830737e-13 1.0000000000001115 2.2910146002530496e-13 0 0 0 1
#####################################################
*BONEANIMATION, BONEINDEX=11, NFRAMES=6
0 1.0000000000000013 8.326672684688674e-17 -1.5785983631388945e-15 -9.992007221626409e-16 -2.706168622523819e-16 1.0000000000000018 2.220446049250313e-16 -1.4432899320127035e-15 -2.220446049250313e-16 2.55351295663786e-15 0.999999999999998 -6.661338147750939e-16 0 0 0 1
1 1.0000000000000009 -1.3010426069826053e-17 -4.718447854656915e-16 9.159339953157541e-16 2.3592239273284576e-16 0.9999999999999996 -3.0531133177191805e-16 -1.9239167550755276e-16 2.5738959574805875e-16 3.8163916471489756e-16 1.000000000000002 1.3322676295501878e-15 0 0 0 1
2 0.9999999999999993 -7.73686670285656e-16 -2.393918396847994e-16 -1.691355389077387e-17 7.112366251504909e-16 1.000000000000002 1.124100812432971e-15 -3.6637359812630166e-15 -1.0755285551056204e-16 -1.887379141862766e-15 1.0000000000000016 2.886579864025407e-15 0 0 0 1
3 0.9882335983365397 0.0952406364563198 -0.1196811442384409 0.13073601435921023 -0.05007210670810606 0.9408066394170762 0.33522477736374945 -0.43087638375331283 0.1445238362646085 -0.3252877009604852 0.9345056299216252 0.18915696668826443 0 0 0 1
4 0.8276983499316285 -0.11680437470664777 -0.5488826646650918 -0.9324683301930259 -0.46682728788209 0.3994895275393259 -0.7889742712376957 -0.8518950893279281 0.3114285227931352 0.9092661081530478 0.27612935330219757 -0.31760862403260465 0 0 0 1
5 1.0000000000000018 1.3704315460216776e-16 3.0878077872387166e-16 5.551115123125783e-17 1.457167719820518e-16 1.0 2.5673907444456745e-16 3.885780586188048e-16 -3.46077333457373e-16 -9.020562075079397e-17 1.0000000000000002 -4.2327252813834093e-16 0 0 0 1
#####################################################
*BONEANIMATION, BONEINDEX=12, NFRAMES=6
0 0.9999999999999817 3.774758283725532e-15 -2.134438459311383e-13 3.7930769636318473e-13 -7.792377854087817e-15 1.0000000000000933 -2.2426505097428162e-14 2.220446049250313e-16 1.5093482019779003e-13 2.8255175976710234e-14 1.0000000000000477 -2.091660178393795e-13 0 0 0 1
1 0.9638162287266038 0.2592953425565133 0.0618401373093541 0.7693705459313982 -0.21501389802715343 0.8933334285673404 -0.3946193218283038 1.0577154945265141 -0.1575668140850012 0.3670440175700496 0.9167613584544249 2.3009834741047093 0 0 0 1
2 1.0000000000014064 -1.9554670382948558e-12 -6.798735185942206e-12 9.721058593509246e-12 5.221788279552442e-12 1.000000000003028 -8.682887742139656e-12 1.0700496044790953e-11 4.7743094200303204e-12 9.942630052606205e-12 1.0000000000036524 -7.988096295541425e-12 0 0 0 1
3 0.9999999999986934 4.693733249294674e-12 -1.3281688249211498e-11 4.08280353969559e-12 -8.811823666576846e-12 0.9999999999981498 -2.5845672824154065e-11 -8.666339867957618e-11 1.0998604804690615e-11 2.6961689825188984e-11 0.9999999999974546 3.557318328795134e-11 0 0 0 1
4 1.0000000000000022 -2.914335439641036e-16 1.3877787807814457e-17 -3.191891195797325e-16 3.5388358909926865e-16 0.9999999999999997 -4.163336342344337e-17 5.273559366969494e-16 4.579669976578771e-16 -2.220446049250313e-16 1.0000000000000002 -1.3877787807814457e-17 0 0 0 1
5 1.000000000000235 -2.7764162496835e-13 -2.7293306503750614e-12 -3.0843105847111474e-12 1.9764259673316076e-12 1.0000000000038656 -1.0335919620185763e-11 -9.85947434806178e-12 1.9033420672887047e-12 1.051966846965513e-11 1.0000000000040097 8.272292573163753e-12 0 0 0 1
#####################################################
*BONEANIMATION, BONEINDEX=13, NFRAMES=6
0 1.0025862658566709 -0.0014006346532613456 0.02395941959616419 -0.04060650789446041 0.0013174026822155294 0.9917263543219417 0.0005429144503529271 0.0019120668406157892 -0.01851827034335682 -0.001138394201134929 0.996301798186463 0.01750681533680054 0 0 0 1
1 0.999987604707319 -0.00012301994971325274 3.0569570210012276e-05 -5.970602198360209e-05 5.418684307578747e-05 0.9997546210918523 0.0005079241037964366 -0.0008895526687971915 -0.00011459577954542896 -0.0004957713194127765 0.9997570609919255 0.0003532239127911896 0 0 0 1
2 0.997256164454591 0.0036515032533123177 0.013416105106226007 -0.01913108280906681 -0.01025867434131025 0.9929771417393165 0.018827240510530356 -0.023655742736034685 -0.009492314346612534 -0.02127050761423075 0.9917490963661664 0.017533325851356252 0 0 0 1
3 0.9888256029275446 0.10197072959055521 -0.11380491940820717 0.14455922878531616 -0.041294200354154216 0.9345685330494301 0.441164424374574 -0.3343110400649949 0.1472117249002863 -0.43173993791933507 0.9285644578760622 0.15155358861797394 0 0 0 1
4 1.0000000000032698 5.095288774237261e-12 2.7777474764789645e-11 1.1105769082142558e-11 2.6190875856979545e-11 1.0000000001032001 1.233536051081785e-10 2.3189972164772144e-10 -1.0502751446317404e-11 -1.2608404598157819e-10 1.00000000010498 3.31145458276616e-11 0 0 0 1
5 0.9828620554379079 0.02041243176497231 0.20053551813909062 0.226588655995194 -0.1451478262671976 0.7160669101060928 0.7591688637622546 0.724131955056454 -0.13986875969424045 -0.7726503658244291 0.7054858777367061 -0.6076050284942918 0 0 0 1
#####################################################
*BONEANIMATION, BONEINDEX=14, NFRAMES=6
0 1.0014486866083903 -0.0025570600673757715 0.005638067060372429 -0.004176502260642978 0.0013675409194295954 1.0026407095128094 -0.004175442702033461 0.004755917940219123 -0.0074379192516015324 0.0035589100312154454 1.0033673016645195 -0.009151487465937302 0 0 0 1
1 1.0000071450117618 7.091232214766294e-05 -1.7621200589495317e-05 3.441630953134045e-05 -3.123489223981826e-05 1.0001414436294356 -0.00029278241258191666 0.0005127643570110928 6.605638234680384e-05 0.0002857771897443167 1.000140037199179 -0.00020360866624319351 0 0 0 1
2 0.992724394637341 -0.06112025818414043 0.10518834462891938 -0.12658564114197296 -0.06099167052081059 0.48661666446611035 0.8846191237817966 -1.2893279126616175 -0.10529180613478362 -0.8846205580276035 0.4793516081352678 0.9067759741959612 0 0 0 1
3 1.0000075097087997 -5.9714119632363685e-05 7.637097109964783e-05 -8.154264074550222e-05 3.2539778891316077e-05 1.000036921989966 -0.00020252979944558602 0.00028196461102786285 -9.131363030571299e-05 0.0001961864526999063 1.000040941635305 -0.00012333848726595042 0 0 0 1
4 1.0000000000000882 1.4120475622103612e-13 7.758654829714828e-13 2.7412794256775896e-13 7.343639585322137e-13 1.0000000000029545 3.5284414279246334e-12 6.6652794394883585e-12 -2.8766572457428197e-13 -3.6013692028546984e-12 1.0000000000030003 9.41906275198079e-13 0 0 0 1
5 0.9999705117581122 3.5122399911362116e-05 0.0003450485120763819 0.0003898765878601329 -0.0002497461253754777 0.999511455231159 0.001306250959083169 0.0012459652436362656 -0.00024066327398457495 -0.0013294476901912836 0.9994932490310307 -0.0010454649041230155 0 0 0 1
#####################################################
*BONEANIMATION, BONEINDEX=15, NFRAMES=6
0 1.0000000087247982 -1.5727213142913143e-09 9.466865294460725e-08 -1.7001098773228307e-07 3.3245460759334655e-09 0.9999999591501292 9.79828013170092e-09 -1.0308764952782212e-10 -6.769142071871848e-08 -1.1303869340562045e-08 0.9999999778512781 9.277538925989148e-08 0 0 0 1
1 1.0000000001196172 1.1871587480422052e-09 -2.950006211532852e-10 5.761713328666929e-10 -5.229098612447025e-10 1.000000002367939 -4.901535703358273e-09 8.584302155993217e-09 1.105864671211744e-09 4.784259633426602e-09 1.0000000023443962 -3.408657467396381e-09 0 0 0 1
2 1.0000001787376687 -2.50060863047491e-07 -8.619541712398537e-07 1.2331611440922173e-06 6.624453073866832e-07 1.0000003722531965 -1.0826522877510625e-06 1.3296795095124603e-06 6.045423410136475e-07 1.2429262110785766e-06 1.0000004515594223 -9.93956988534772e-07 0 0 0 1
3 0.988233578118022 0.09524093489224303 -0.11968135158951368 0.13073647765256932 -0.05007211953624807 0.9408064298930361 0.3352267899473847 -0.4308762481312966 0.14452420110603442 -0.3252896966166584 0.9345054093353933 0.18915696317386466 0 0 0 1
4 1.000000000000002 -6.192962809237201e-16 -1.915134717478395e-15 -1.1518563880486e-15 -1.6792123247455493e-15 0.9999999999999927 -8.146261443187086e-15 -1.5015766408055242e-14 1.1102230246251565e-15 8.215650382226158e-15 0.9999999999999932 -2.130240428499519e-15 0 0 0 1
5 0.8486401571535468 0.11021285325325925 0.5173831772694536 0.7355053308086696 0.06834690994604593 0.9470096973969829 -0.3138645719831922 -0.3671263719439635 -0.5245579717214249 0.3017206313312511 0.7961377997879253 0.6489569244388222 0 0 0 1
#####################################################
*BONEANIMATION, BONEINDEX=16, NFRAMES=6
0 0.9996403156923013 7.114177770667363e-05 -0.003875088531044738 0.006942755025592884 -0.00013929425849816546 1.0016581797541286 -0.00038799897412816753 -8.872600676224085e-06 0.0027801779496069434 0.00045107431316332436 1.0008937450454474 -0.0037572753356103217 0 0 0 1
1 1.0000769462995382 0.0007636713502801361 -0.0001897668224899729 0.00037063727089084453 -0.00033637584566398315 1.0015232394628144 -0.0031530421455356877 0.005522079055557668 0.0007113766011658339 0.0030776012655673868 1.001508093287046 -0.0021927092562413764 0 0 0 1
2 1.0260768773655309 -0.036091477634873484 -0.12613904837755174 0.18033066060659142 0.09683388968912782 1.0570425563671264 -0.16256362915203204 0.20076826114984733 0.08864206816207984 0.18591096770904803 1.0686350560208147 -0.14976478901784313 0 0 0 1
3 0.9761770089731449 0.08325295974852559 -0.2409319796899206 0.07067712208521293 -0.1609004745528193 0.9678032941401217 -0.48920343494401264 -1.5845731851086953 0.19789570945350238 0.5094427222082001 0.9552369318004769 0.6500880881144718 0 0 0 1
4 0.9999999999988277 -2.11654999082711e-12 -1.1703180091693355e-11 -3.341424359426526e-12 -1.112956948823296e-11 0.9999999999538202 -5.5063259507548423e-11 -1.047013864496904e-10 4.23015095174506e-12 5.6089063948938644e-11 0.9999999999532367 -1.4583334539963744e-11 0 0 0 1
5 1.004321683492979 -0.005147412478306303 -0.05056913558345999 -0.05713896767607374 0.03660199535843282 1.0715995402542586 -0.19143996791522777 -0.18260469416975023 0.03527077068484127 0.19483960459775415 1.0742677641303062 0.1532200445421268 0 0 0 1
#####################################################
*BONEANIMATION, BONEINDEX=17, NFRAMES=6
0 0.9994924454227336 0.0008347658031928051 -0.0022436610427188815 0.002103492039037591 -0.0004574169302206249 0.999325650307908 0.0013084398087434002 -0.0015392120948828358 0.0027071071981821515 -0.0011021911187053535 0.9990077713809439 0.0025526325971555464 0 0 0 1
1 0.9999933190089166 -6.630704127924374e-05 1.647682157307137e-05 -3.218120016709736e-05 2.9206394922123152e-05 0.999867742187617 0.00027376815415509036 -0.00047946374320514306 -6.176646248136981e-05 -0.0002672178736718312 0.9998690572796576 0.00019038564721624018 0 0 0 1
2 0.9231610696322282 0.10642971074523333 0.37160512357935843 -0.5312806157208191 -0.28529485197717314 0.8324858141070139 0.4780547726617832 -0.5901788745654085 -0.26110327812834583 -0.5468582111482574 0.7983316090434246 0.44031187998246035 0 0 0 1
3 1.0004127518803279 -0.001444602077059218 0.004174361737428165 -0.001228395608093194 0.0027865420816718333 1.0005595765321877 0.008452598550842093 0.02743979808445879 -0.0034305814214792216 -0.008803257583005472 1.000777302349516 -0.011257969297132304 0 0 0 1
4 1.000000000000748 1.2173317909258685e-12 6.6690958311355075e-12 2.409100696709743e-12 6.306621891383202e-12 1.0000000000252955 3.021037586758979e-11 5.7021665167411584e-11 -2.4838395229487276e-12 -3.084159316824042e-11 1.0000000000256914 8.071772417128642e-12 0 0 0 1
5 0.9999390881812485 7.255002742777208e-05 0.0007127449350263597 0.0008053432070461303 -0.0005158855591377749 0.9989908427534127 0.002698244013819677 0.0025737155529788197 -0.0004971226594524753 -0.0027461600755807405 0.9989532355641028 -0.002159554623814827 0 0 0 1
#####################################################
*BONEANIMATION, BONEINDEX=18, NFRAMES=6
0 0.9998721450896371 2.2659632400168217e-05 -0.0013889939936964947 0.002495432599160907 -4.8580983253401766e-05 1.0006002119737032 -0.00014456487256009343 2.315955753673382e-06 0.0009926049023704364 0.00016656628182837308 1.0003257602815656 -0.0013636918378668872 0 0 0 1
1 0.99999816175464 -1.8244091322074628e-05 4.533525106837494e-06 -8.85451602067322e-06 8.03601135860102e-06 0.9999636098436004 7.53261057039158e-05 -0.0001319223440179893 -1.6994770952509183e-05 -7.352382478372377e-05 0.9999639716854005 5.23837747052891e-05 0 0 0 1
2 0.998057152504044 0.0027256392977893316 0.009361897709557986 -0.013396189987145268 -0.007197076387114634 0.9960062285877009 0.011679576682829873 -0.014323089430323226 -0.00656275951595345 -0.013422414510388433 0.9951446094808877 0.010712756083382277 0 0 0 1
3 0.988462725984318 0.09192182525788103 -0.11733212237834556 0.12559767411005604 -0.04989238334162154 0.9431305044657406 0.3130910090134528 -0.43200234749454774 0.14044390475284332 -0.3033458334396398 0.9369547477177415 0.18904265483680588 0 0 0 1
4 1.0000000000024853 4.131851111255358e-12 2.2677040800722637e-11 7.845404881301477e-12 2.1469007127628004e-11 1.0000000000867155 1.0352739499008834e-10 1.957088657800199e-10 -8.395950601425284e-12 -1.0564299435245061e-10 1.0000000000880176 2.76109898833532e-11 0 0 0 1
5 0.9996937290949655 0.0003647890175604426 0.003583755014022889 0.004049348665293356 -0.0025939257791104692 0.9949258533174251 0.013567049099549446 0.012940907163291097 -0.0024995839816723134 -0.013807975998677252 0.9947367604920894 -0.010858463310449547 0 0 0 1
#####################################################
*BONEANIMATION, BONEINDEX=19, NFRAMES=6
0 1.137646992910147 -0.7460044491879679 -1.67307318612335 4.873172811056186 0.30862157315611344 3.3156372168664183 -1.6680524871298426 1.4976747742489616 0.12625939078664777 1.5291621882997135 2.8635155593630177 -6.249874283903529 0 0 0 1
1 1.0001928326207123 0.0019138119536091357 -0.0004755684669178091 0.000928842019872464 -0.0008429805754885354 1.0038173409164202 -0.007901736455255116 0.01383870286793296 0.0017827577822882481 0.00771267651760028 1.0037793835775344 -0.005495077409586768 0 0 0 1
2 1.0042832463808076 0.0005721547207467089 -0.02711012676091786 0.03658454529267887 0.019007608338977546 1.0547932195062966 -0.10333475381242294 0.14559062071775072 0.021915795801294546 0.10657499547737474 1.0570653811541564 -0.10358168660299637 0 0 0 1
3 1.003770596477733 -0.030011650980360315 0.038345947610439156 -0.04099433817398736 0.016322121391586543 1.0185619221164128 -0.10200298415481394 0.14138217524775215 -0.04587365665742483 0.09881804589651909 1.020580222171365 -0.06185608231229721 0 0 0 1
4 0.9999999998927374 -1.7744141399267388e-10 -9.731744785024254e-10 -3.4134733928326e-10 -9.20984906394029e-10 0.9999999962880266 -4.432072861493275e-09 -8.374398174915143e-09 3.6101299033530765e-10 4.523289520719231e-09 0.9999999962315949 -1.1827097981531587e-09 0 0 0 1
5 1.0043867585860793 -0.005224921235509909 -0.05133059595286366 -0.05799935532044154 0.03715314117033447 1.072677672391315 -0.1943226341809117 -0.18535432058223317 0.035801871213692105 0.19777346194156203 1.0753860738827548 0.15552720251838043 0 0 0 1
#####################################################
*BONEANIMATION, BONEINDEX=20, NFRAMES=6
0 0.9999999941721471 1.875240543403045e-08 1.4490238731124094e-08 -7.188718348372092e-08 -8.508491626535442e-09 0.9999999546295635 3.819223143297634e-08 -3.673194420850123e-08 1.5903588196364282e-08 -3.4360467582317256e-08 0.9999999604771435 1.2736068843999249e-07 0 0 0 1
1 1.0 -8.923417560424696e-15 1.9290125052862095e-15 -4.427014310692812e-15 4.433953204596719e-15 0.9999999999999825 3.594000097528749e-14 -6.354194514307521e-14 -7.96715124429248e-15 -3.5046618385159434e-14 0.9999999999999851 2.348121697082206e-14 0 0 0 1
2 0.999999999999059 1.3176803398406989e-12 4.531569564036886e-12 -6.484739394768679e-12 -3.48291881446805e-12 0.9999999999980644 5.661721091954064e-12 -6.947387110045611e-12 -3.1772709463417925e-12 -6.505976313242456e-12 0.9999999999976468 5.195691099579847e-12 0 0 0 1
3 0.9882335986600349 0.09524063383718859 -0.11968114094802423 0.13073601076368369 -0.050072105331831256 0.9408066410450221 0.3352247681402448 -0.4308763719115206 0.1445238322906186 -0.3252876920101812 0.9345056317228065 0.18915696148937944 0 0 0 1
4 1.0000000000000022 -2.1510571102112408e-16 1.3877787807814457e-17 -2.636779683484747e-16 -1.3877787807814457e-17 0.9999999999999993 -1.3877787807814457e-17 1.1102230246251565e-16 2.706168622523819e-16 9.71445146547012e-17 1.0 4.85722573273506e-17 0 0 0 1
5 0.845119506219157 0.004896008433752219 -0.5345549932404666 -1.8244134853096563 0.2677485090287279 0.8616152093575978 0.43119596393580295 1.1658393383231633 0.46269184951741893 -0.5075384246584136 0.7268569218773409 -0.9246494038038292 0 0 0 1
#####################################################
*VERTEXWEIGHTS, NVERTICES=5075  #(vtx0Based bone0 w0 bone1 w1 ... )
0  0 -5.134781488891349e-16 1 -5.551115123125783e-17 2 -4.34282654976359e-10 3 -1.1796119636642288e-16 4 0.0009631133694258942 5 0.0008017667339232613 6 0.7079850638827724 7 0.1489629414922583 8 -1.0894063429134349e-15 9 9.020562075079397e-17 10 2.1652055148813076e-12 11 1.1095291352347658e-14 12 2.125383202766784e-14 13 0.024934080305639154 14 0.00864448006177617 15 -1.881932110148199e-13 16 0.003028268244119822 17 0.007640073465052185 18 0.0017223079481521394 19 0.09531790493728597 20 -8.1294138087884e-12
1  0 -2.0816681711721685e-16 1 -1.5265566588595902e-16 2 -4.299400453711133e-10 3 -2.3592239273284576e-16 4 0.0009532730551597007 5 0.0008913036538923183 6 0.7011530204267711 7 0.15683232190652277 8 -1.1587952819525071e-15 9 1.1102230246251565e-16 10 2.1451659892868236e-12 11 1.0727529975440575e-14 12 2.0872192862952943e-14 13 0.024691126692819112 14 0.008555883366191341 15 -1.8435253323900724e-13 16 0.003004966927035684 17 0.007853004490712613 18 0.0017038586066238162 19 0.09436124131026924 20 -8.047632005236949e-12
2  0 2.042810365310288e-14 1 -7.632783294297951e-17 2 -4.313261657562517e-10 3 -1.4224732503009818e-16 4 0.0009560540096951106 5 0.0011118176038883293 6 0.702796183127012 7 0.154669077054323 8 -1.1032841307212493e-15 9 8.326672684688674e-17 10 2.1515497716784182e-12 11 1.0977330155981235e-14 12 2.1038726316646716e-14 13 0.024782844650915844 14 0.008583051638336756 15 -1.8334986306989265e-13 16 0.0030160792570931225 17 0.00772376322358519 18 0.0017086282167414271 19 0.09465250165578848 20 -8.071640578144468e-12
3  0 -3.95516952522712e-16 1 -1.1102230246251565e-16 2 -4.398341794942251e-10 3 -1.700029006457271e-16 4 0.0009752719807468099 5 0.0009655676945104739 6 0.715950026697576 7 0.13937816963072336 8 -1.1587952819525071e-15 9 9.020562075079397e-17 10 2.191198611445344e-12 11 1.1074474670635936e-14 12 2.1760371282653068e-14 13 0.02526073384412768 14 0.008756037692330822 15 -1.9079182678183315e-13 16 0.0030636405597981205 17 0.007380811706909286 18 0.001744235637041 19 0.09652550500227206 20 -8.231963721794244e-12
4  0 -5.342948306008566e-16 1 -2.7755575615628914e-17 2 -4.562638981908673e-10 3 -7.632783294297951e-17 4 0.0010121825866514014 5 0.0007883546092331793 6 0.7404204930068402 7 0.11047812737242177 8 -1.186550857568136e-15 9 4.85722573273506e-17 10 2.2700036295120185e-12 11 1.149080830487037e-14 12 2.280814426214306e-14 13 0.026190349252523726 14 0.00908838437046568 15 -2.0280999102340047e-13 16 0.0031611127855998376 17 0.006912451480109081 18 0.0018109254694821456 19 0.10013761952937869 20 -8.540688989366885e-12
5  0 -3.885780586188048e-16 1 -1.5959455978986625e-16 2 -5.189462054522309e-10 3 -2.0122792321330962e-16 4 0.001153166153196522 5 3.5046188934483025e-06 6 0.831221601108942 7 0.0029141624423918155 8 -1.339206523454095e-15 9 7.632783294297951e-17 10 2.573947999184867e-12 11 1.2746748101477579e-14 12 2.758904216193514e-14 13 0.02973155038650109 14 0.010356961041759094 15 -2.50490600484099e-13 16 0.0035313526908386794 17 0.005104355955461853 18 0.0020602758040378782 19 0.11392307032428275 20 -9.719829108245648e-12
6  0 -1.5265566588595902e-16 1 -9.71445146547012e-17 2 -5.192174294676999e-10 3 -2.0469737016526324e-16 4 0.0011537730905490096 5 1.226560918776709e-06 6 0.8316054474214863 7 0.002451390203726561 8 -1.3114509478384662e-15 9 6.938893903907228e-17 10 2.575294144602225e-12 11 1.2607970223399434e-14 12 2.7457203177760903e-14 13 0.02974694570714845 14 0.010362412364619593 15 -2.5063631725608104e-13 16 0.003533068831714033 17 0.005101742314316968 18 0.0020613316500058057 19 0.11398266238209487 20 -9.724915317477212e-12
7  0 -2.7755575615628914e-16 1 -1.734723475976807e-16 2 -5.15565239805893e-10 3 -1.9081958235744878e-16 4 0.0011456093503864825 5 2.2055136068972053e-05 6 0.8264391432376736 7 0.008681373841249784 8 -1.304512053934559e-15 9 6.245004513516506e-17 10 2.5571281203617957e-12 11 1.2538581284360362e-14 12 2.7394753132625738e-14 13 0.029539007365764636 14 0.01028897912419208 15 -2.4835342116169556e-13 16 0.003509931378656621 17 0.005146333066946965 18 0.00204711289352303 19 0.11318045512841352 20 -9.656338229024897e-12
