#####################################################
# (C) Songrun (songruner@gmail.com)
#
# Running time: 1.466 (m)
# Repeat      : 5
#
#####################################################
*BONEANIMATION, BONEINDEX=0, NFRAMES=6
0 8.029749114398928 -17.5166301588907 36.20857264290844 -32.166954729321525 3.3533277151576018 24.978580322705028 -47.38834799437243 76.07632824073582 -42.70544638348197 44.04221876269469 30.88202047581048 -91.65910143708514 0 0 0 1
1 -3.591714291468116 -45.808928749973944 10.99711464251709 -21.7565024233525 20.295817141295302 -90.3344999912359 188.456924942638 -330.550827274263 -42.344700064735065 -183.92360292119938 -89.3913112049842 131.1278973754573 0 0 0 1
2 1.0000670918203785 -2.1151298791287354e-06 -0.0004153200592517288 0.0005738685543814482 0.0002944911113934544 1.0007774644384948 -0.001481934654031361 0.002092406664488705 0.00033145308376590285 0.0015347959204262823 1.0008120381644277 -0.0014626024366270335 0 0 0 1
3 3.7855497951428934 7.78866870524215 25.42038375086922 7.479410790574547 20.89848951419077 75.20273326762445 125.47853727527206 310.4162605996882 -13.048889123693044 -127.35783700810292 77.33435194508513 106.4873375378737 0 0 0 1
4 -4.1607732159415605 -18.588791831154683 15.542708195263053 -46.97564854952638 41.464075484103404 207.60682895269596 196.16858227629223 447.2829031071304 31.91744179100786 -204.1836116329914 198.83957033033352 49.24268449342324 0 0 0 1
5 -1.0897759552513464 2.423481181223405 23.279407397536065 26.445337744442906 -16.434965843186106 -31.324208427453506 86.00057260061651 81.96793307629189 -16.39013671043117 -87.5443706110431 -32.668208177888275 -68.45847323022367 0 0 0 1
#####################################################
*BONEANIMATION, BONEINDEX=1, NFRAMES=6
0 0.9999987378317291 8.618036035912269e-07 -7.884990742005465e-06 1.162293404427528e-05 -1.199208252554429e-06 1.0000023580455757 -1.1893674813356903e-06 2.7947395265792707e-06 7.284621191205876e-06 1.5530356003989887e-06 1.0000010515674402 -5.922880876974013e-06 0 0 0 1
1 0.6991308473203874 0.1259267141022645 -0.703832251946858 1.731411014683705 -0.5912644771359771 0.6553603068552312 -0.4701770848079005 0.6748926846660142 0.4020656715830205 0.7448787296904676 0.5326348725815563 3.7284696637576737 0 0 0 1
2 1.0000000897943409 3.947858600167331e-07 -9.306462551775252e-07 9.168907202021341e-07 5.839586823229437e-07 1.0000040904277563 -7.159002116424729e-06 1.0228690322966472e-05 8.775404534526465e-07 7.170963498781546e-06 1.0000041611133117 -7.535438775421732e-06 0 0 0 1
3 1.0000017944645971 1.7445244780952066e-05 7.352894585248293e-07 2.3882401758379412e-05 9.954772326598894e-06 0.999949858779294 0.00023760988262813004 0.00013107068812912015 1.3426981139888494e-05 -0.00023925623674048158 0.9999486662722146 -0.00015609441026503967 0 0 0 1
4 0.9999807867375607 -2.6512082228553197e-05 -0.0002078433417059683 -4.476119110449761e-05 -0.0002109280095386537 0.9991283815728674 -0.0010138470948754807 -0.0019566145762058007 5.7045319435462816e-05 0.001036784237444896 0.9991215008101573 -0.00026885557657026216 0 0 0 1
5 1.000008316208896 -9.134221205179226e-06 -8.403336098744985e-05 -9.565068511541153e-05 5.670053231245087e-05 1.0001130794712523 -0.00029806932473038644 -0.00028412222131339593 6.01079653140971e-05 0.0003035713664078926 1.0001187811706687 0.00023514059479877447 0 0 0 1
#####################################################
*BONEANIMATION, BONEINDEX=2, NFRAMES=6
0 1.0082838610604652 -0.014823046187309508 0.045596753026929775 -0.051556339336859935 0.005570722399332505 1.0114631987385045 -0.030857112384852337 0.04690733121119073 -0.0490599419477421 0.027509479724600328 1.018901435478924 -0.05111994794718233 0 0 0 1
1 1.001413337939712 0.013348491234227199 -0.004422868374651567 0.007841413580539872 -0.005541307195137325 1.0267327757419398 -0.05705741751989307 0.09850434468942516 0.013372434957151066 0.055761857346174955 1.026567030868428 -0.039481800602433115 0 0 0 1
2 1.0000030164909326 -9.196489826751586e-07 -1.7640291447462708e-05 2.3621103364461233e-05 1.2483495467719569e-05 1.0000288618438058 -5.630757216427973e-05 7.725508150452365e-05 1.3899447445973878e-05 5.8642771513600644e-05 1.0000304322524367 -5.7657307369299304e-05 0 0 0 1
3 1.031831276411068 0.36881503687300304 0.3166051707973276 0.7602723428707655 0.478017341714441 0.632657109299495 5.806980844869937 5.2334179755785035 0.15212518639162878 -5.8347075351189925 0.6483889990465379 -2.1090219698607116 0 0 0 1
4 0.5652815383085685 -0.7133197256911565 -3.9833090839832432 -1.364331582997669 -3.785937515417385 -14.284868263040908 -18.219405647571943 -34.47285402181805 1.4547317295471154 18.596622774237634 -14.509868863221573 -4.8598518447704615 0 0 0 1
5 1.1191550979606362 -0.13923853922660925 -1.3462397456197235 -1.5269477878148048 0.9574297861405013 2.880036247474616 -5.009298634441924 -4.775500225803957 0.9452478584336419 5.098933009958187 2.9558038806489995 3.9939599829698658 0 0 0 1
#####################################################
*BONEANIMATION, BONEINDEX=3, NFRAMES=6
0 0.5009734490239545 1.12753591584975 -2.628666902552864 2.555340601214437 -0.27031439103239846 -0.3676086713495713 2.8661542052624807 -4.54883388630523 3.006354114814128 -2.640483008339879 -0.7962646620587388 5.373167782206659 0 0 0 1
1 1.1979921933392619 1.989799113289973 -0.4540976427196546 0.9159649685180544 -0.8888030841409308 4.96500164000998 -8.14453041371942 14.315850686208456 1.8193218963202595 7.947124447341665 4.921920707757776 -5.671189526801164 0 0 0 1
2 0.9999495700526746 1.4049129652018641e-05 0.000296088152248436 -0.00040017861929166195 -0.00020845781436834576 0.9995158480781626 0.0009432569277394026 -0.0012948431575033753 -0.00023410768648025188 -0.0009824588298275039 0.9994894161196027 0.0009658403560794254 0 0 0 1
3 -0.026346682244996922 -5.74103542629259 -10.152727771696137 -12.812850447630588 -11.67827636353322 3.4414118735808126 -115.39467072595406 -129.37086543727384 0.6803246245862917 116.2550571614267 2.8865573089774417 41.05609697331386 0 0 0 1
4 8.327269345995678 11.24941276896939 71.94300517779331 20.642988536093185 70.41886632105124 288.29756092650484 338.6251491695153 646.5300799426851 -23.399970718746413 -345.93834648957915 291.62393077373446 90.0892822228277 0 0 0 1
5 -1.2838828700572602 2.6697724179706483 25.82065736773223 29.284557424819422 -18.369481716397523 -35.06817785835196 96.10894932483461 91.62419747028865 -18.127432290815946 -97.82843197164418 -36.51966977964419 -76.63414194641122 0 0 0 1
#####################################################
*BONEANIMATION, BONEINDEX=4, NFRAMES=6
0 1.037245748230453 -0.08672558656254889 0.19498655508451904 -0.18487043856599578 0.01944645861399394 1.1094645003828418 -0.22499447163052078 0.35850281114459887 -0.2249838462049227 0.20788934917241808 1.1412660685647724 -0.4261434296611809 0 0 0 1
1 0.9945795812704661 -0.055469934025231024 0.011059355287527467 -0.023562084407038886 0.025267103595199986 0.8896217991389255 0.22423406136415866 -0.39621854665127 -0.04936108332784505 -0.2186977348506248 0.8909661892314537 0.15642889073700111 0 0 0 1
2 1.0000028165803259 -4.975318308383936e-08 -1.7258558396467116e-05 2.2852786784431298e-05 1.2032377738967204e-05 1.0000326265835067 -6.215687183155905e-05 8.61476647548709e-05 1.3889836420189622e-05 6.42573536538682e-05 1.0000341406552051 -6.380992041812861e-05 0 0 0 1
3 1.0225619801261137 0.3244097692167161 0.23093038227132434 0.6946385642313002 0.39454092418402914 0.44484857319850424 5.130253437589337 4.086282552252948 0.1769103034291588 -5.151440525173824 0.45388402352510326 -2.300132308613149 0 0 0 1
4 0.6016746651777064 -0.6277484581329376 -3.810350822703069 -1.1714849274436738 -3.689736803943612 -13.996634750975517 -17.74783432119804 -33.77503896659788 1.2955272142980545 18.12538785801354 -14.187225511759138 -4.726187681705996 0 0 0 1
5 1.118828036880749 -0.13880675861454292 -1.3416564767482564 -1.5218611886845979 0.9538446073168289 2.8731354294171716 -4.990572054173413 -4.757596402805883 0.9421501664328549 5.079884540063946 2.9487358203228586 3.9787311727735 0 0 0 1
#####################################################
*BONEANIMATION, BONEINDEX=5, NFRAMES=6
0 -0.03592390801967593 2.6279443464298127 -5.316356894158135 4.63922232311468 -0.48051875441491404 -2.6669078476463417 7.185407508136012 -11.558918681649768 6.3052746750600335 -6.687598499048293 -3.5339840998700653 13.96225461747886 0 0 0 1
1 0.601324809099824 -0.008100865836743694 6.424022546655645 -7.925074279333699 -1.9636027604986939 0.36431271091877193 11.323694027151546 -11.56672235010224 -5.452421405743045 -11.455864253162227 -0.21172501971050273 6.712509654994029 0 0 0 1
2 0.9999383261962029 2.7973431450840913e-05 0.00035225977299704544 -0.0004812113635980536 -0.0002512004322325345 0.9994803821432798 0.0010316286166841132 -0.0014097162354252263 -0.0002742667634370345 -0.0010808776805873582 0.9994489002343386 0.001047115427269596 0 0 0 1
3 0.7052605722571776 -10.81521923817575 -2.7509780731411073 -19.616193868605674 -8.189775819739841 7.412733390827434 -128.56296188769616 -96.94187801862633 -7.631127418052577 128.81036516633526 7.256127983736556 29.812179681754387 0 0 0 1
4 9.761003682143155 14.814147338239106 77.55497615575572 28.82907730311394 72.55590238055554 292.22974811479617 349.3133495775802 657.6370299846453 -29.95213532896776 -356.3743195780024 297.02832881630354 93.30955922273164 0 0 0 1
5 -1.287600942439847 2.6740488054937384 25.861455589200634 29.33095882385511 -18.39806966808718 -35.12450865728408 96.2585945039639 91.76680354034681 -18.156235535466482 -97.98077340169712 -36.57841910172362 -76.75307261144978 0 0 0 1
#####################################################
*BONEANIMATION, BONEINDEX=6, NFRAMES=6
0 0.8825248379210131 0.3859981284878423 0.5345496696208406 -1.966484850263321 -0.2081393999857844 -0.01235865207712361 0.6958288011040341 -0.4761283452678393 0.207426829006296 -0.6142564407501337 0.1646422862551652 2.701763306766677 0 0 0 1
1 1.0008780680167557 0.006517549260454435 -0.005194873921070436 0.007572001149676252 -0.0017759984404082038 1.0133458332255918 -0.0331953305268599 0.05353532123535172 0.009102976335346246 0.03262569582794221 1.0135371446714472 -0.022440649066423235 0 0 0 1
2 1.000003022007138 -4.2564092131609776e-07 -1.8159387372543995e-05 2.4208351718333233e-05 1.2739687215879147e-05 1.0000323516817313 -6.220607553820978e-05 8.591407407486373e-05 1.448659372465036e-05 6.45011420095376e-05 1.000033953410441 -6.373678859611376e-05 0 0 0 1
3 1.0392726904320864 0.35965020619852667 0.3316131476003976 0.7006814275599861 0.4758937789067958 0.6614461109526415 5.77085376668762 5.392372474812632 0.12191927519402593 -5.804383527343582 0.675397881286065 -2.1359615676752512 0 0 0 1
4 0.5764210210673801 -0.6875669441768454 -3.927640096363851 -1.3066402956338672 -3.752739098944257 -14.179790791791268 -18.057151142099947 -34.22206410920126 1.4066373248625712 18.433928685168247 -14.394523713268319 -4.814294855980738 0 0 0 1
5 1.1193661527425904 -0.13948865352044446 -1.3486867989954363 -1.5297152992705703 0.9591931087206889 2.883488991504186 -5.018522352381397 -4.784297136179227 0.9469575192942672 5.108320847681986 2.9593879558273106 4.001335233681035 0 0 0 1
#####################################################
*BONEANIMATION, BONEINDEX=7, NFRAMES=6
0 -1.8362173940781144 12.62768161211487 -11.863793138260734 0.04524790812985835 0.20315397051950007 -24.705723693143607 43.02062017485519 -71.6114545682524 18.463902372221046 -41.102353055362585 -26.64044505770137 91.33537063089285 0 0 0 1
1 1.480733047091443 4.48700151890965 -1.5770439304635002 2.747636803290369 -1.834851420113542 9.994456970379643 -19.3382334471554 33.27334251582531 4.5714868398471715 18.90453759643425 9.946926359187302 -13.364667324386309 0 0 0 1
2 0.9999376484179577 3.7764735511008896e-05 0.0003466214104514802 -0.00047563647802655474 -0.0002490774814650938 0.9995418309605019 0.000929560719561226 -0.001257298290036457 -0.0002665131855609064 -0.0009801500017393022 0.9995104823816088 0.000943730391398348 0 0 0 1
3 0.3081847377237561 -10.252071173365959 -6.596053661307288 -18.92983013344758 -10.848545076674364 2.185729445615601 -137.99839453392048 -129.4238765214949 -4.725049410039084 138.55196488181772 1.7772261932756583 28.390915624619026 0 0 0 1
4 10.83678253436198 17.174156006059853 83.71973670059475 34.014208729158106 76.84654110561988 307.24815502036273 370.15978605327604 692.6073009224026 -34.4129331424619 -377.4200148138737 312.96180620021516 99.05135820813976 0 0 0 1
5 -1.1596211506552119 2.5249390494697543 24.423365130424006 27.698914384359796 -17.378150051029966 -33.120520493384866 90.92198715754404 86.67968155041842 -17.145450220489074 -92.54855658884031 -34.49269509204689 -72.50071577579543 0 0 0 1
#####################################################
*BONEANIMATION, BONEINDEX=8, NFRAMES=6
0 0.9999987216167613 1.6314014895657536e-06 -7.558513719200383e-06 9.896491353966752e-06 -1.0110315530123537e-06 1.0000001847109197 2.0316160146971463e-06 -2.6788979710090643e-06 7.520844790664949e-06 -1.5849731768158293e-06 0.9999989355134298 1.4284091970351298e-06 0 0 0 1
1 1.0000020608115678 1.9536373844486303e-05 -5.8936240220838765e-06 1.0577255497704052e-05 -8.237743224778077e-06 1.0000392112121346 -8.263266183169884e-05 0.00014330822736755727 1.9146282634898283e-05 8.071007128786136e-05 1.0000389191155947 -5.794314922952237e-05 0 0 0 1
2 0.9062587879805035 0.050203012617572214 0.4197319427230038 -0.42532813582325624 -0.15276608062189814 0.9647184177219402 0.21444927700718402 0.5474400321007272 -0.3941542426276062 -0.25846659148432616 0.8819543153473045 1.3229380171320748 0 0 0 1
3 1.0000020573669188 1.780651050743709e-05 2.7654845823170404e-06 2.4167111001408004e-05 1.1597746533883015e-05 0.9999529560715772 0.00024863365981889207 0.00015357403285787274 1.22845895707685e-05 -0.00025047927668554737 0.9999518806570219 -0.00015523572769016863 0 0 0 1
4 0.9999800884146165 -2.8029695727557757e-05 -0.00021193431842601862 -4.808332617099731e-05 -0.00021383588560102557 0.9991180815988121 -0.0010279649322747358 -0.0019805312304445044 5.992020905441764e-05 0.0010510491476787703 0.9991106154861786 -0.00027273462105714685 0 0 0 1
5 1.0000084472694792 -9.27052224987835e-06 -8.538619123267793e-05 -9.689995303077681e-05 5.780580471483922e-05 1.0001153311198818 -0.00030420710636748505 -0.00029014353038546437 6.099574549101299e-05 0.0003098278141063643 1.0001211083214774 0.00024026091712859438 0 0 0 1
#####################################################
*BONEANIMATION, BONEINDEX=9, NFRAMES=6
0 0.999999066057355 -5.07681091610479e-09 -6.198367238897939e-06 1.0192767067151998e-05 -1.0596469276688558e-06 1.000003612603856 -3.6218358193673694e-06 6.734858963408641e-06 5.270050645544977e-06 3.824559145715334e-06 1.0000025827767554 -1.0676868052006405e-05 0 0 0 1
1 1.000001939715094 1.885206483690817e-05 -4.861077058253976e-06 9.150263508145295e-06 -8.199991372564303e-06 1.0000377867660997 -7.830649354940555e-05 0.0001368350921302356 1.7788964692928106e-05 7.643437752082993e-05 1.0000374286883595 -5.518825642225611e-05 0 0 0 1
2 0.9725440831712349 0.22790490004073197 -0.04709767024577646 0.8851730029369518 -0.1545639117807968 0.783861193565885 0.6013912413759501 -0.609615335737362 0.17397887318353827 -0.5775998691879226 0.7975654032108112 0.8186857249982076 0 0 0 1
3 1.0000022156709913 1.786425482379686e-05 3.2404669928348673e-06 2.343550005476369e-05 1.1817855121556801e-05 0.9999538791635878 0.0002507927081279726 0.00015999302611779953 1.1773753456185976e-05 -0.0002527599935718203 0.99995278716907 -0.0001554446999733547 0 0 0 1
4 0.9999798907101253 -2.842027821476495e-05 -0.00021333567108686863 -4.890478883967653e-05 -0.0002149934255292335 0.9991136640614855 -0.0010335579348714624 -0.001990616619772262 6.067758340009416e-05 0.0010567320867468089 0.9991060558015153 -0.0002742466148505582 0 0 0 1
5 1.000008538803761 -9.301298494729555e-06 -8.532600503736651e-05 -9.650174831224434e-05 5.765687497803068e-05 1.000115305269181 -0.00030401054245085546 -0.0002901684045081565 6.0978503651577635e-05 0.00030965476852729684 1.0001211695860746 0.0002401555782792289 0 0 0 1
#####################################################
*BONEANIMATION, BONEINDEX=10, NFRAMES=6
0 0.29045483662681815 1.6521032615432234 -3.714595164534953 3.5219778620237436 -0.3704756790652417 -1.0851904821698377 4.28601021322571 -6.82924122669389 4.286015696215278 -3.9601566339811174 -1.6910272498792238 8.117689299829808 0 0 0 1
1 1.103298787983098 1.057084006298403 -0.2107905552118276 0.4490573080786685 -0.4815012644859058 3.1034708293802087 -4.273264110112695 7.550754096750133 0.9406984581656745 4.167759559924876 3.077853863386512 -2.981098020127317 0 0 0 1
2 0.9999485421498765 1.1881041950699903e-05 0.0003047452266708578 -0.00041034853682668255 -0.0002144858796801971 0.9994855497409396 0.0009973221812314276 -0.0013734133323782122 -0.00024161271019428401 -0.0010370688341595213 0.9994585255993458 0.001019645559442589 0 0 0 1
3 -3.6389335349250835 -13.877658979479243 5.182686826359786 17.035316750546546 4.763862408133149 0.759356998648427 -110.60708197482592 -116.87979808929411 -2.8373224430387927 114.17470582069697 3.3631674196061727 38.07706199373974 0 0 0 1
4 8.587635011548779 11.9579452027846 72.5823341249229 22.315634138678906 70.2846205762902 286.6658637344801 338.0728521197391 643.3694977446114 -24.678384374891056 -345.2647253698139 290.29643706656964 90.02766612440016 0 0 0 1
5 -1.2634888371279622 2.6440628017478116 25.556643634717854 28.989277523360688 -18.16943755437824 -34.680641751036106 95.06356222976085 90.6256975330124 -17.946597065043505 -96.76483977429012 -36.12070371387477 -75.78942743742932 0 0 0 1
#####################################################
*BONEANIMATION, BONEINDEX=11, NFRAMES=6
0 0.9999990097992986 7.393454456994242e-08 -6.508641134803789e-06 1.0572195281000063e-05 -1.105181857370685e-06 1.0000035940329925 -3.509944673907306e-06 6.58931221336756e-06 5.593569135015075e-06 3.7333381714965697e-06 1.0000025144204523 -1.0539012788579605e-05 0 0 0 1
1 1.0000021010476534 2.0058319604664664e-05 -6.0451059569407994e-06 1.0861256829086674e-05 -8.491796714686639e-06 1.0000402507015187 -8.478974367057916e-05 0.00014708164071682603 1.9650542158326117e-05 8.282834413714593e-05 1.0000399403552356 -5.9372716605665676e-05 0 0 0 1
2 1.0000001124990894 5.767813439569447e-07 -1.2494254964939833e-06 1.293108687769589e-06 7.692941096128225e-07 1.000005637046482 -9.826620213246318e-06 1.4107684989106417e-05 1.1956957876313457e-06 9.83859413405952e-06 1.0000057300964063 -1.0280840695250926e-05 0 0 0 1
3 0.9882356786648884 0.09526056880029063 -0.11967862125138662 0.13076367307431613 -0.05005955335786851 0.9407570680610177 0.3354959340841634 -0.430710633275491 0.14453803576177715 -0.32556072723924484 0.9344549375746417 0.18899465600741006 0 0 0 1
4 0.8276757829502853 -0.11683571141511283 -0.5491129770622681 -0.9325269805375506 -0.46705837916502646 0.39854554356380834 -0.7900764352824856 -0.8540124741890028 0.3114956575623354 0.9103935398727068 0.2751763493130388 -0.3179017855006445 0 0 0 1
5 1.000009024549227 -9.937340384505097e-06 -9.13449095037832e-05 -0.00010446541025470324 6.137272208088344e-05 1.0001222738705984 -0.0003220330169033808 -0.00030667165282975695 6.545003230588008e-05 0.0003279641204839076 1.0001284774621946 0.00025362627451262776 0 0 0 1
#####################################################
*BONEANIMATION, BONEINDEX=12, NFRAMES=6
0 0.9999984539155076 2.1271973889569473e-06 -8.958444044648156e-06 1.1387018899799983e-05 -1.1970005660486005e-06 0.9999997454411693 3.071223138417789e-06 -4.229734174299171e-06 9.078527721417817e-06 -2.5137213636172717e-06 0.9999982732287125 3.2597936429068497e-06 0 0 0 1
1 0.9638179607978522 0.2593204359790627 0.061834938049734306 0.769393640256212 -0.21502599099117725 0.8933740545188155 -0.39471443107253035 1.0578863441085946 -0.15754878031373437 0.3671365457266293 0.9168020765284192 2.3009563846656533 0 0 0 1
2 1.0000001522895532 9.029172093766996e-07 -1.8178131849025392e-06 1.967355818572377e-06 1.1030782189891397e-06 1.0000084151106952 -1.4617692404975124e-05 2.109338422892626e-05 1.7617385663706853e-06 1.4629798432128083e-05 1.0000085468915407 -1.5184144171273561e-05 0 0 0 1
3 1.0000018626259737 1.5976965742842478e-05 1.1076032339907282e-07 1.991568758584472e-05 8.347346410447114e-06 0.9999522861939498 0.0002169500220636153 0.00011797652298028982 1.2130749010082209e-05 -0.00021863732113515388 0.9999510132640942 -0.00014848744012067178 0 0 0 1
4 0.9999821328750257 -2.438927291543644e-05 -0.00019498363824473758 -4.0794163256183125e-05 -0.0001984807510586467 0.9991789594025631 -0.0009539808662125671 -0.0018427031938118565 5.266526810987493e-05 0.0009756447484447761 0.9991727241345701 -0.00025291235434560244 0 0 0 1
5 1.000007973366578 -8.836005121224538e-06 -8.161022829605846e-05 -9.338430363770023e-05 5.5089656414158625e-05 1.0001095538938474 -0.00028881695064127827 -0.0002749940250506011 5.838522917196373e-05 0.00029411657306781247 1.0001150013072555 0.00022765546819112498 0 0 0 1
#####################################################
*BONEANIMATION, BONEINDEX=13, NFRAMES=6
0 1.0328392679560734 -0.22368394768353853 0.09877584797792936 0.18039081645832816 -0.02397702227467753 1.5211083498953353 -0.8309779565318898 1.3987979404808013 -0.23081221039738162 0.8008448146700478 1.5371958974922266 -1.814937849178858 0 0 0 1
1 0.9624327651162836 -0.36427372624939447 0.10450186159384774 -0.19401516508044436 0.1561773656487982 0.27204088956827355 1.52859711483941 -2.659113453045523 -0.35119395301333656 -1.4929051366816115 0.27801577587924853 1.0605646450439123 0 0 0 1
2 0.9999047935549371 8.983152470120118e-05 0.0004988376963459863 -0.0006919039113126822 -0.0003679342732366038 0.999512253717686 0.0010634510954879023 -0.0014035440675227717 -0.00037050941989077296 -0.0011437465236329852 0.9994666462628254 0.0010627242855069385 0 0 0 1
3 0.2414212966024366 -4.125675619252208 -7.607135492228485 -9.87489476209851 -8.865912458520818 6.096124039801197 -88.78767659370685 -94.40605244949813 0.40183873428462186 89.44376773980264 5.713568679409473 39.08750055571472 0 0 0 1
4 9.291504476378215 13.574818675248261 76.16423683401503 25.92944433814199 72.47082589294432 293.7028379493635 348.7476568383309 660.093396500071 -27.70231960910474 -355.9801013720459 297.97595050903504 93.01579621270662 0 0 0 1
5 -1.9658450862679482 3.4849939854626535 33.85345215047606 38.354528392609566 -24.202371744052947 -46.47039438667278 126.61501752029406 120.72525200777557 -23.723185255299732 -128.8754867028574 -48.34050361390709 -101.0666957409075 0 0 0 1
#####################################################
*BONEANIMATION, BONEINDEX=14, NFRAMES=6
0 1.137026185229864 0.5960242099675759 1.1704599174854213 -2.8113834046632054 0.3274043783353807 -1.2360071419625007 3.1050894545781533 -5.413076891749096 -0.625295504039852 -3.0744826422730944 -1.0450958131171306 7.377746862452802 0 0 0 1
1 0.9541714312282628 -0.5235253071121219 0.018428827995077363 -0.11633638912793193 0.26481138394622544 -0.03348026010216276 1.9652176477130305 -3.585494804466783 -0.3930093732351333 -1.9111921742358982 -0.013073924067707132 1.386919335159471 0 0 0 1
2 0.7614459505669284 -2.0096248983268232 3.4544415887653606 -4.156500487610686 -2.0024761289710753 -15.87205647113556 29.07110199184635 -42.37175760009168 -3.458667065606454 -29.070635098420095 -16.110582548689596 29.799641371146077 0 0 0 1
3 0.5270225900606695 -7.823366137882009 -4.694761188344082 -15.565572696191898 -8.433953596489538 8.994651407377413 -112.18924540567022 -92.90467950046956 -4.325423314692253 112.60777094799347 8.770401819989669 38.81521227014573 0 0 0 1
4 9.085140925892775 13.17156542944322 74.67460524526564 25.085216895083956 71.22547162304141 288.92538397446214 342.7329851400511 649.1991638823107 -26.91820170867181 -349.8661506268242 293.0527539764485 91.39174800891661 0 0 0 1
5 -1.2822213147730075 2.66689115707923 25.785067757351236 29.24629360459314 -18.338014732612677 -35.00902647446791 95.94492187738827 91.46686413345057 -18.104719271138933 -97.66171974059853 -36.46023238138984 -76.49773355283891 0 0 0 1
#####################################################
*BONEANIMATION, BONEINDEX=15, NFRAMES=6
0 0.04493894664619935 3.593119571345491 -4.321563256764865 1.5507489324848118 -0.11583964478781993 -5.755457152201688 11.654112119736789 -19.265809999020124 6.0718076841033 -11.075532686404058 -6.46024246809563 24.312939431610573 0 0 0 1
1 1.1466296603003183 1.4050517722789972 -0.43074548725945894 0.7825878305715188 -0.593881024562905 3.810413557825382 -5.944630339019069 10.306103981778135 1.378014516416875 5.807514621594826 3.7898723737198114 -4.119249973253488 0 0 0 1
2 1.0009973741134148 -0.0014246861947541517 -0.004783714916282669 0.0068584543940011684 0.003688094497482225 1.0018883474122395 -0.005724534032489917 0.00697244114196105 0.0033406502049259205 0.0066224495167043484 1.0023283401336074 -0.0051908469471379365 0 0 0 1
3 0.1606125627437689 -6.671319294640019 -8.292502534599903 -14.063377708019255 -10.665969013687477 5.051070163647794 -116.1004483453837 -118.58443569398325 -1.1800651837011278 116.80911227816497 4.6046272764600555 39.657420410600444 0 0 0 1
4 9.672508553506297 14.603071653349465 77.15300823402357 28.351028842370468 72.34756331137436 291.6437769572463 348.2887910796214 656.1938215379436 -29.560669316474073 -355.3542784950431 296.35688002964076 93.01620088702784 0 0 0 1
5 -4.48092207595773 5.0058558406814475 36.89481815372002 44.96729536781703 -17.08303716823112 -36.47319977305134 90.29654486038682 84.65697780954825 -29.289931491267602 -92.28498102378823 -41.104739632021 -63.62706969760139 0 0 0 1
#####################################################
*BONEANIMATION, BONEINDEX=16, NFRAMES=6
0 0.8614972544438934 0.23467701773123445 -0.7688472835416661 0.8925899817776648 -0.09682366983900999 0.8462743567888266 0.4593548112851654 -0.6874338088371661 0.8173384530914741 -0.40472834977446503 0.7208538958651516 0.7260813366083492 0 0 0 1
1 0.9811179626018071 -0.17517882084509565 0.06345911180039499 -0.10958469787703276 0.0710657326188903 0.648648836492775 0.7583107420079237 -1.3024229088448342 -0.1800854653708983 -0.7414220004569183 0.6503393215928703 0.5237780585080776 0 0 0 1
2 0.9999471686653644 2.2500377033168525e-05 0.0003026543995124087 -0.0004113456508953333 -0.00021489980086785224 0.9995466038370596 0.0008974579040203212 -0.0012240008888308312 -0.00023647162891823545 -0.0009392823770070224 0.9995193908611592 0.000917060321481325 0 0 0 1
3 0.05126846582462452 -5.588949146925975 -9.492648390427178 -13.016374258304545 -11.275605969634881 7.202671407404602 -114.89315053217375 -120.92391550033132 0.16227249341680028 115.71108803423533 6.720807119391133 48.55928348171106 0 0 0 1
4 9.224555607441602 13.475607119855555 75.48470724596892 25.751700583647565 71.79689573996552 290.9407636894654 345.5079869192883 653.8835839827427 -27.493687541862013 -352.66919921103147 295.1856362719814 92.1548882549752 0 0 0 1
5 -1.2604022146579994 2.641339298127522 25.537562462343793 28.96569048588471 -18.161629039026725 -34.66282525699011 95.02210102782144 90.58705652341527 -17.931070265385674 -96.72240097768173 -36.10020232708279 -75.76162774920391 0 0 0 1
#####################################################
*BONEANIMATION, BONEINDEX=17, NFRAMES=6
0 1.0251366658150538 -0.14334218771276178 0.0896546304558198 0.07264543486709474 -0.010598779292932986 1.3184216538021336 -0.5163757763366333 0.865961903015587 -0.1706258504246763 0.49616343509129995 1.3330473055274004 -1.1166765734511364 0 0 0 1
1 1.0121683005324573 0.08669285162905796 -0.07696214442935231 0.110430676927182 -0.02121013727154984 1.1782670094150225 -0.4553678277519533 0.7261841505593817 0.12774397642719926 0.4479513442961221 1.1815197910257111 -0.3066474757957452 0 0 0 1
2 0.9113404008723396 0.1233072249900651 0.4282756786135183 -0.6124709808054805 -0.328943227014904 0.8102416556450857 0.5456492610250481 -0.6722305564237544 -0.3006995228795947 -0.6250834324482123 0.7708618983004133 0.5019160765162007 0 0 0 1
3 1.029407994478877 0.3397187045414641 0.2959241862854458 0.7211970465920016 0.45109459106353794 0.5475456641170158 5.513819371175449 4.813193925076446 0.1464829474218174 -5.540117056962424 0.561147069348777 -2.2496894228727458 0 0 0 1
4 0.589479827141014 -0.65900789157247 -3.8522543930611546 -1.243968795443125 -3.6998960476410803 -13.994073458195249 -17.80047336105715 -33.79003602125393 1.352616715493724 18.17472233682561 -14.197751969056661 -4.743655893383607 0 0 0 1
5 1.1204847254009604 -0.14077653132557016 -1.3609809358010203 -1.5437019843043305 0.9678111664037778 2.9004657178225384 -5.063625519896425 -4.8272759678563 0.9556360492647007 5.154236204481526 2.9770916709818 4.037182000532392 0 0 0 1
#####################################################
*BONEANIMATION, BONEINDEX=18, NFRAMES=6
0 1.0302919732286406 -0.13636267617788392 0.12603353903123146 0.0028641102290487552 -0.002597712482735652 1.2788355575901547 -0.4659267432306281 0.7759148421871065 -0.19756288892870924 0.4452870948984409 1.2993939687804554 -0.9900876144784202 0 0 0 1
1 1.004137648055186 0.04420106606055701 -0.005885634548934007 0.015163112853017538 -0.021031363301152448 1.0876737282883306 -0.17353463490173907 0.31048095137578996 0.03685238259786841 0.16906278991101312 1.0863394373560575 -0.12160619557870533 0 0 0 1
2 1.000002952697031 -1.2108892535091231e-06 -1.6961541987443873e-05 2.278208885505206e-05 1.2071645622713928e-05 1.0000260887353827 -5.146902286615185e-05 7.025759062501136e-05 1.3253526483146538e-05 5.378273974375458e-05 1.000027608323814 -5.26825541120185e-05 0 0 0 1
3 1.0227234221395736 0.41535022793993226 0.22608662472407398 0.8240798917348564 0.42971820000049404 0.5491915053213727 5.860024765250587 4.715284028909568 0.2440514067994045 -5.880385948115314 0.5596061556898375 -2.054714367561789 0 0 0 1
4 0.5781367945696583 -0.6856196076009129 -3.9065295990103692 -1.303895350500674 -3.730385310088192 -14.086179846571728 -17.949865294082393 -34.01254088077914 1.4021520124305864 18.3240824837859 -14.300547584262578 -4.785941844369489 0 0 0 1
5 1.1206533624800996 -0.14098547980179357 -1.363098744809507 -1.546077921128268 0.9693948506301397 2.9035420617949788 -5.071903211388898 -4.835179215138358 0.9570943994785789 5.162658841413271 2.980265529388476 4.0438526156809305 0 0 0 1
#####################################################
*BONEANIMATION, BONEINDEX=19, NFRAMES=6
0 -0.30372725122079114 3.1244424617817206 -6.78358731562302 6.269286336214178 -0.6554940229883741 -3.086820942463861 8.258076447588127 -13.20491944199081 7.895957842537558 -7.6503018397318145 -4.193389506938155 15.78352721905855 0 0 0 1
1 0.8482683873172641 -1.4534657181354018 0.4465042020449198 -0.8106514667975377 0.6140826497214186 -1.9073648482010346 6.151070504233304 -10.662862291451814 -1.4262864403114237 -6.009257792910728 -1.8861894127793652 4.2622053888380425 0 0 0 1
2 0.9999411931789541 2.0095287374991347e-05 0.00034213447338052316 -0.00046408253250781843 -0.00024238411689515849 0.9994580297141457 0.0010621907794412938 -0.0014577817707129986 -0.0002688602008744309 -0.0011083934045440086 0.9994275853275377 0.0010820207801835041 0 0 0 1
3 0.5621281418579748 -7.273398601667272 -4.397038273022254 -14.77324570676614 -7.974769810836096 10.131067046628326 -106.58221048299855 -85.98182694729748 -4.132997513092658 106.97993105937628 9.93750067324707 40.55653311370662 0 0 0 1
4 9.537029176048437 14.262470416946543 76.64602239406486 27.566072183945288 72.17768636811549 291.416191055915 347.43185499056324 655.4620784482515 -28.93609407754372 -354.5258117073853 295.9879171000325 92.75158051053107 0 0 0 1
5 -1.268032225831658 2.649898653513884 25.617404278517007 29.057010864385948 -18.2161038845511 -34.77079889963027 95.30738541205433 90.85868235591255 -17.98798243127225 -97.01288562092891 -36.21331769704614 -75.98698892560199 0 0 0 1
#####################################################
*BONEANIMATION, BONEINDEX=20, NFRAMES=6
0 1.0016837451213312 -0.003922484493671857 0.008813469128793456 -0.008352380846295637 0.0008785964251465175 1.004954138731585 -0.010179407539826768 0.016220568930017387 -0.01017103158453242 0.009405946138770827 1.006391565109455 -0.01928336701969613 0 0 0 1
1 0.9997568510775929 -0.002489792167708513 0.000494358952947388 -0.0010552837383991792 0.001134785569606809 0.9950459861088542 0.010061108283536905 -0.017780599501005124 -0.0022137830794634514 -0.009812572826811994 0.9951065083918916 0.007018431706115713 0 0 0 1
2 1.0000002418097467 6.107384562369783e-07 -2.0792511168758743e-06 2.3953734037923495e-06 1.3415149523465786e-06 1.00000738531908 -1.3102371954662462e-05 1.869786686597985e-05 1.8751850116571767e-06 1.3208700370179183e-05 1.0000075494633847 -1.3623247137023453e-05 0 0 0 1
3 0.9992482079746134 0.12849950851406994 -0.13234919011655955 0.0904419901681827 -0.061579133404301024 0.9412500445224976 0.599022817004394 -0.15404359048044122 0.1516338960941592 -0.5975542087104625 0.9287313330680205 0.09910121779393177 0 0 0 1
4 0.9819635503801472 -0.02842185100226752 -0.1725548472745338 -0.05303613973041829 -0.1671005588036937 0.3208217468183113 -0.8037622427308326 -1.529622802643813 0.05865798874045448 0.8208619534899497 0.3121935354081504 -0.21403822324625132 0 0 0 1
5 0.8501144600169946 -0.001379189425697788 -0.596662291493079 -1.8979150220165186 0.31161886807867917 0.9461043435286606 0.2062525449749103 0.9532881650262396 0.5065253162635597 -0.27874113499316966 0.8144336062950135 -0.7467714242798457 0 0 0 1
#####################################################
*VERTEXWEIGHTS, NVERTICES=5075  #(vtx0Based bone0 w0 bone1 w1 ... )
0  0 0.0003689749424333757 1 9.522553300056469e-08 2 0.13100600008214072 3 0.01553922783375438 4 4.31293233488228e-07 5 0.00033669492792943773 6 0.814915786827941 7 0.003427473845653199 8 1.424374639694137e-07 9 2.5519480521124516e-07 10 0.0009410020818560974 11 3.2280682301516483e-07 12 2.3629288328080866e-07 13 0.0008662527519979161 14 3.077205330231751e-07 15 1.0653720290722257e-05 16 0.002871755771718397 17 0.002817186445183112 18 0.0014487837890396899 19 0.02544708967519906 20 1.3263335877505833e-06
1  0 0.0003884138335107018 1 9.507078373854894e-08 2 0.13818399910051588 3 0.015384456614951626 4 4.605103490346041e-07 5 0.00035598470910735633 6 0.8074450913360577 7 0.0036071019448446176 8 1.423561781579985e-07 9 2.5523483017375614e-07 10 0.0009323787847882947 11 3.227972640157395e-07 12 2.3574527267811174e-07 13 0.0009116115827861458 14 3.0910258828854495e-07 15 1.1193569250404897e-05 16 0.0030226982597513262 17 0.0030259001953159455 18 0.0015362698450887141 19 0.025191754760255966 20 1.3246465093291748e-06
2  0 0.00038319032738567667 1 9.509445970251607e-08 2 0.1364327329781606 3 0.015424014686023984 4 4.667748479264544e-07 5 0.00035636241882667683 6 0.8091110106257702 7 0.0035568291993586182 8 1.4236971850739577e-07 9 2.5526458137525854e-07 10 0.0009343017358003397 11 3.228003439895155e-07 12 2.3594618778904897e-07 13 0.0008989333941129322 14 3.086360101862192e-07 15 1.1042721455249878e-05 16 0.002981359809550395 17 0.0028755583201626606 18 0.0017708991889478914 19 0.02526061270245356 20 1.3250058414210342e-06
3  0 0.00034552191297715866 1 9.538588249813351e-08 2 0.12259978888542478 3 0.015723347699966465 4 4.1882969277484694e-07 5 0.00032005174148869305 6 0.8234276912512951 7 0.0032077365021984734 8 1.425317602277154e-07 9 2.551729861993701e-07 10 0.0009508272380808411 11 3.2281915882809153e-07 12 2.370246834013101e-07 13 0.0008108988639088073 14 3.0589063160875105e-07 15 9.994988150866186e-06 16 0.00268883165412679 17 0.002526826967508656 18 0.0016290709289575045 19 0.0257563054568977 20 1.3282542227419092e-06
4  0 0.0002744049454102636 1 9.590484373322994e-08 2 0.09690783834838557 3 0.016285860189407673 4 3.5965481562372226e-07 5 0.000254891634061682 6 0.849791467164991 7 0.002546198207972636 8 1.4284710954381996e-07 9 2.549707715099325e-07 10 0.000981258503401795 11 3.2285555819772105e-07 12 2.3911789055058863e-07 13 0.0006441878071891168 14 3.004718490489354e-07 15 8.011005491794345e-06 16 0.0021360863158145765 17 0.0020068677554074196 18 0.0014641786650779753 19 0.026695699333598676 20 1.3343009515748294e-06
5  0 7.109503982347218e-06 1 9.779319914277051e-08 2 0.00252384503833486 3 0.018391587010547786 4 1.9951666151152292e-07 5 6.118882578390198e-06 6 0.9468444701531041 7 6.697759865842076e-05 8 1.4400923915858233e-07 9 2.542578903808046e-07 10 0.0010932851786989938 11 3.2299233222732315e-07 12 2.470035257162717e-07 13 1.699397481353098e-05 14 2.796867723691733e-07 15 5.471709057323221e-07 16 5.556770773928587e-05 17 1.6968814856271885e-05 18 0.0007357280359450435 19 0.030237898822452224 20 1.3568477622571962e-06
6  0 5.970246038003121e-06 1 9.780084365279551e-08 2 0.0021225991951585588 3 0.018400544077624422 4 1.9926833912109476e-07 5 5.115180511943264e-06 6 0.9472518484956639 7 5.633859813183482e-05 8 1.4401456944340696e-07 9 2.542536631511272e-07 10 0.0010937554087670771 11 3.2299293290655173e-07 12 2.4703807072201656e-07 13 1.4314246639438987e-05 14 2.7959455983707533e-07 15 5.152827022381155e-07 16 4.6705743852289844e-05 17 1.2701934006691812e-05 18 0.0007336508605449571 19 0.030253038824274003 20 1.3569431056917325e-06
7  0 2.1308192892294958e-05 1 9.769804987930231e-08 2 0.007523891435395114 3 0.01827999913658996 4 2.0269420034080277e-07 5 1.8441463882372302e-05 6 0.9417691322106266 7 0.00019959104914010458 8 1.4394358269220753e-07 9 2.543074259092615e-07 10 0.0010874267998876137 11 3.2298484353016077e-07 12 2.4657181395965067e-07 13 5.0403677916998225e-05 14 2.808333932715658e-07 15 9.447399455827891e-07 16 0.00016604860682626656 17 7.947646702281819e-05 18 0.0007511512209142784 19 0.030049280303417115 20 1.3556622333321666e-06
8  0 1.746584096813024e-05 1 9.772384937378753e-08 2 0.006172024318196967 3 0.018310196746069523 4 2.0178805185122606e-07 5 1.5082273488012431e-05 6 0.9431426493510627 7 0.00016372531522190412 8 1.4396129515564793e-07 9 2.5429413982175353e-07 10 0.001089012228047245 11 3.229868661622226e-07 12 2.4668839177649504e-07 13 4.136418853683578e-05 14 2.8052346699074596e-07 15 8.371716177285517e-07 16 0.00013614957159140302 17 6.213131602733277e-05 18 0.0007461322732308512 19 0.03010032545664241 20 1.3559832377496583e-06
9  0 7.101524159236982e-06 1 9.779331996973006e-08 2 0.002522411493637411 3 0.01839165309404001 4 1.9946599792708408e-07 5 6.071420180459074e-06 6 0.9468475110536896 7 6.692908136387427e-05 8 1.4400926064139785e-07 9 2.54257802714819e-07 10 0.0010932886887336465 11 3.229923318248673e-07 12 2.4700340253008823e-07 13 1.697784559781968e-05 14 2.796863787844859e-07 15 5.4697884047843e-07 16 5.55060192418055e-05 17 1.702044151329768e-05 18 0.0007340679136212808 19 0.030238012388068704 20 1.356848818120926e-06
10  0 2.5815203005455757e-05 1 9.766797275795325e-08 2 0.009112813335183156 3 0.018244596468405157 4 2.036665930627013e-07 5 2.2239470675113537e-05 6 0.9401587927105884 7 0.00024172723942857957 8 1.4392296187465403e-07 9 2.5432208640430165e-07 10 0.0010855680114381554 11 3.2298246018663823e-07 12 2.4643391809131554e-07 13 6.101601720822584e-05 14 2.8119749313619026e-07 15 1.0710247611014304e-06 16 0.00020112870740376584 17 0.00010235238986798859 18 0.0007505319375076119 19 0.029989442003750356 20 1.3552872912617198e-06
11  0 7.035524284937996e-05 1 9.736533549548065e-08 2 0.02470700517092106 3 0.017894627920157984 4 2.1816433413979208e-07 5 6.224292697745042e-05 6 0.9242270252892542 7 0.0006560648277424523 8 1.437242590704435e-07 9 2.5445644907112763e-07 10 0.0010671782344247604 11 3.22959289131286e-07 12 2.450963215577806e-07 13 0.0001657242099249597 14 2.847540976184688e-07 15 2.3170475094991e-06 16 0.0005479210835954715 17 0.0003678142154711038 18 0.0008309195218392101 19 0.029397886227410602 20 1.351561835685744e-06
