#####################################################
# (C) Songrun (songruner@gmail.com)
#
# Running time: 5.116 (m)
# Repeat      : 13
#
#####################################################
*BONEANIMATION, BONEINDEX=0, NFRAMES=6
0 1.0000023601885204 -6.177669490070592e-06 4.204145855161989e-07 1.4128669780566483e-05 2.931478812327748e-06 1.0000125379626346 -1.1917660143134778e-05 1.2022687538193466e-05 -8.819432868290011e-06 1.0593043672346703e-05 1.0000116542358306 -3.6409997485109535e-05 0 0 0 1
1 1.0000000000593487 5.895678337891619e-10 -1.4560760930315553e-10 2.8504265614515134e-10 -2.5996237107417386e-10 1.0000000011758747 -2.4326253312070834e-09 4.2615318919633945e-09 5.484326573608478e-10 2.374364893066583e-09 1.0000000011641041 -1.6918459966319688e-09 0 0 0 1
2 1.0000018412776983 -2.5608387828231216e-06 -8.894401497532012e-06 1.2719752909865108e-05 6.831467686860271e-06 1.0000039408632349 -1.1331964972521869e-05 1.3960753945788107e-05 6.244909526421927e-06 1.2981648585347338e-05 1.000004758700876 -1.0423749398635884e-05 0 0 0 1
3 0.9882331234431506 0.09524541583563192 -0.11968602351814289 0.1307427227236695 -0.05007372866561342 0.9408047428008749 0.33524653700568247 -0.4308875285616266 0.1445304035632167 -0.3253090531263316 0.9345034875461521 0.1891656292849069 0 0 0 1
4 0.9199750324750489 -0.19461481318455717 -0.3402640989974633 -0.44367265433541303 -0.15645056734257937 0.6135906776889937 -0.7739970501781879 -0.988393140356949 0.35941313633630956 0.7652929427406974 0.5340404800656604 -0.22574278527053396 0 0 0 1
5 1.0000000240877394 -2.8845402928225072e-08 -2.846357996123122e-07 -3.212804893654164e-07 2.070013177726121e-07 1.0000004045149307 -1.0825855396232043e-06 -1.0327726265857429e-06 1.9816384319928937e-07 1.1017710818891913e-06 1.0000004192595087 8.673350885279874e-07 0 0 0 1
#####################################################
*BONEANIMATION, BONEINDEX=1, NFRAMES=6
0 1.0000000000000016 8.326672684688674e-17 3.642919299551295e-16 -3.7192471324942744e-15 -1.5959455978986625e-16 1.0000000000000013 -4.440892098500626e-16 5.551115123125783e-16 -1.5265566588595902e-15 3.219646771412954e-15 0.9999999999999982 -1.5543122344752192e-15 0 0 0 1
1 0.6991303145724415 0.12590440173948605 -0.7038216285881402 1.7313891781078998 -0.5912519608064446 0.6553190408420521 -0.4700830496331302 0.6747304437727921 0.40204218943834247 0.7447852283259072 0.5325946315718497 3.7285118421088224 0 0 0 1
2 0.9999999999999994 -1.1882855810441129e-15 -8.604228440844963e-16 -5.841681305351898e-16 1.339206523454095e-15 1.0000000000000029 -9.159339953157541e-16 -1.1102230246251565e-15 2.0816681711721685e-16 4.718447854656915e-16 1.0000000000000022 3.608224830031759e-16 0 0 0 1
3 1.0000000000000067 -1.1796119636642288e-16 -9.367506770274758e-17 3.885780586188048e-16 -6.852157730108388e-17 1.0000000000000089 9.853229343548264e-16 -1.6653345369377348e-15 -4.163336342344337e-16 -7.216449660063518e-16 1.0000000000000064 -4.253541963095131e-15 0 0 0 1
4 1.0000000000000022 -3.452099717193846e-16 -1.6653345369377348e-16 -1.3877787807814457e-16 2.0122792321330962e-16 0.9999999999999993 1.3877787807814457e-16 2.7755575615628914e-17 5.620504062164855e-16 4.440892098500626e-16 1.0 -4.85722573273506e-17 0 0 0 1
5 1.0000000000000018 1.2576745200831851e-16 1.5265566588595902e-16 -1.249000902703301e-16 4.475586568020162e-16 1.0 1.1102230246251565e-16 6.245004513516506e-16 -1.5785983631388945e-16 2.5673907444456745e-16 1.0000000000000002 -4.3021142204224816e-16 0 0 0 1
#####################################################
*BONEANIMATION, BONEINDEX=2, NFRAMES=6
0 0.9999999971865151 1.7612069913575112e-08 -1.140471798596887e-08 -7.29443089264592e-09 1.9745053786435207e-09 0.999999960510675 6.551164949408772e-08 -1.1136908600883899e-07 2.0478791940004015e-08 -6.312068434599638e-08 0.9999999584740218 1.3980943769364984e-07 0 0 0 1
1 1.000000000005167 2.0016500609787435e-11 -5.580945081073985e-11 7.241678090519343e-11 6.755134646097005e-12 1.0000000000448301 -1.7201592060478443e-10 2.3583556760025867e-10 6.174645766476167e-11 1.7109118462255157e-10 1.0000000000489964 -1.1042400327454516e-10 0 0 0 1
2 1.0000000001177023 -3.5813742249590774e-10 -3.774002187151293e-10 6.047888093108078e-10 3.4390822481467076e-10 0.9999999988932237 1.5678239262406635e-09 -2.476018667874058e-09 1.7917561878633137e-10 -1.444581815279733e-09 0.9999999989344944 1.6961520521441287e-09 0 0 0 1
3 0.9882335992357936 0.09524062967177573 -0.11968113512449671 0.13073600508245467 -0.05007210269080996 0.9408066444318666 0.3352247557689045 -0.4308763474925781 0.14452382559346444 -0.32528768012031434 0.9345056354243854 0.18915695339032598 0 0 0 1
4 0.9767758026306687 -0.038432375027963664 -0.21078967046831884 -0.07387345686832662 -0.19948993774181986 0.19586014282702613 -0.9601317618145658 -1.8142224373506837 0.07818629896146576 0.979883762411262 0.18364450470348892 -0.2562047059399572 0 0 0 1
5 1.0000000000127527 -1.516098878384664e-11 -1.4873429571293784e-10 -1.6811535497041064e-10 1.0748887543932106e-10 1.0000000002103349 -5.622144208516922e-10 -5.362419952525954e-10 1.0379978213764796e-10 5.722048737610841e-10 1.000000000218229 4.498217839876695e-10 0 0 0 1
#####################################################
*BONEANIMATION, BONEINDEX=3, NFRAMES=6
0 1.0000002491861026 -1.4724860055159716e-06 8.618417530088796e-07 8.430790338076477e-07 -1.1923503884236908e-07 1.000003305542374 -5.3396450575560195e-06 8.961425398301692e-06 -1.7021607152667428e-06 5.13399000012793e-06 1.0000034460204499 -1.1573665246400466e-05 0 0 0 1
1 1.0000000000002762 2.7333552088393276e-12 -6.802301777408815e-13 1.3285483824176936e-12 -1.2034886975875736e-12 1.0000000000054514 -1.1286634821194852e-11 1.9765559956981538e-11 2.546813129312986e-12 1.1016636387861656e-11 1.0000000000053997 -7.846667759991988e-12 0 0 0 1
2 1.0000000014316495 -1.98882933906408e-09 -6.917939124329031e-09 9.892477247086529e-09 5.312784146643823e-09 1.000000003080259 -8.8381396645687e-09 1.089489228001117e-08 4.858215493092066e-09 1.0120609211794473e-08 1.0000000037162815 -8.132765794144348e-09 0 0 0 1
3 0.9784966066553651 0.0039792970608928235 -0.20622515495713403 0.000351803098394568 -0.15346445547718954 0.6820749598351945 -0.7150009076159554 -1.9389479801822707 0.137816217778333 0.7312740956336123 0.66801867022844 -0.16182625087628047 0 0 0 1
4 1.00000000594207 1.4450645069441492e-08 2.5265670951235553e-08 3.2943805280960525e-08 1.1617082774917353e-08 1.0000000286928663 5.747235035102882e-08 7.339291152597127e-08 -2.6687349677367855e-08 -5.682607741308576e-08 1.0000000345996667 1.676226461799768e-08 0 0 0 1
5 1.0000000000095026 -7.517314895566507e-12 -4.320223172260551e-11 -5.6994603481186346e-11 7.263712201166506e-12 1.00000000002433 -4.0356384900519515e-11 -3.4822436600912e-11 3.900647339849517e-11 4.203358494603293e-11 1.0000000000333091 1.0736037059366765e-11 0 0 0 1
#####################################################
*BONEANIMATION, BONEINDEX=4, NFRAMES=6
0 1.0000000945716465 -5.573958417326441e-07 3.279008012856133e-07 3.16398042432553e-07 -4.48640839409431e-08 1.00000125032871 -2.0203465204149396e-06 3.3905590824390153e-06 -6.457348346311509e-07 1.9424450284355466e-06 1.0000013037838076 -4.378311538544288e-06 0 0 0 1
1 0.9810573551455816 -0.18800066102124852 0.04671680828555706 -0.0912435066773424 0.08280902683749336 0.6250088133108447 0.7762161135791418 -1.3594257690151048 -0.17512673637980994 -0.7576440730060892 0.6287374998132861 0.5398013024150289 0 0 0 1
2 1.000000025936471 2.008510831975202e-07 -3.582331589077614e-07 4.330090167545611e-07 2.092968817146712e-07 1.0000017111055672 -2.9527242761118178e-06 4.301164937992041e-06 3.560741765086528e-07 2.9542876105875804e-06 1.0000017360400728 -3.0255563194525603e-06 0 0 0 1
3 1.0000000085559266 -6.845565553303956e-08 8.701524454451937e-08 -9.365465487853886e-08 3.6841666750534255e-08 1.0000000424251105 -2.352782515341323e-07 3.1850325399318535e-07 -1.0440141951645332e-07 2.2805177624790618e-07 1.0000000470056607 -1.394344006852566e-07 0 0 0 1
4 1.0000000003330929 8.100517600445611e-10 1.4162929856675888e-09 1.8467133655608592e-09 6.511998093539084e-10 1.0000000016083648 3.221635069827755e-09 4.1140244266824055e-09 -1.4959973815287242e-09 -3.185405841876765e-09 1.0000000019394797 9.396169953213018e-10 0 0 0 1
5 1.0000000000082434 -1.0706604873511605e-11 -1.1236936381386897e-10 -1.2505199653567445e-10 8.696074416114641e-11 1.0000000001677367 -4.542758322290119e-10 -4.341712822597543e-10 7.629473528641961e-11 4.6211796889128465e-10 1.0000000001720957 3.686358163168535e-10 0 0 0 1
#####################################################
*BONEANIMATION, BONEINDEX=5, NFRAMES=6
0 1.0003542386593847 -0.002087228216344411 0.0012193367795245297 0.0012029226655561054 -0.0001663769615814284 1.0046844740027914 -0.007560808045821765 0.012683066453612946 -0.0024141735202888315 0.007268938804061265 1.0048824974135444 -0.016396036719684925 0 0 0 1
1 0.9875633219009996 -0.033654057211642045 0.1543726825447359 -0.19642777949595053 -0.029901862687725957 0.9187873957112594 0.3956442414702126 -0.5049988582128406 -0.15514328788916731 -0.39534275772621674 0.9063544126941944 0.24871540201432557 0 0 0 1
2 1.0000217187285623 -3.0375711345535447e-05 -0.00010474704618450986 0.00014985393607908244 8.049952173622837e-05 1.0000453004982133 -0.00013166863345841218 0.000161738814036555 7.346989584200436e-05 0.00015114292429982412 1.000054937676721 -0.0001208944231187864 0 0 0 1
3 1.0000132711791805 -0.00010375041500611248 0.0001348977247606388 -0.000141215960412569 5.834336590266665e-05 1.0000652599012856 -0.0003409853700723567 0.0005100263154573792 -0.0001599198608613489 0.00032978203109031157 1.00007237208622 -0.00021847527813677325 0 0 0 1
4 1.0000043517320556 1.0583087861823492e-05 1.850347253329332e-05 2.4126766754478668e-05 8.507759183692953e-06 1.0000210129386176 4.208984265513527e-05 5.374877476005402e-05 -1.95447663466769e-05 -4.161652006741401e-05 1.0000253388508935 1.2275854300074218e-05 0 0 0 1
5 1.0000020023664946 -2.3849404503888116e-06 -2.3430007147346582e-05 -2.6474006798504757e-05 1.6958593809995176e-05 1.0000331738366417 -8.869879583698476e-05 -8.460518769860814e-05 1.6341899542886805e-05 9.027393308101705e-05 1.0000344101145444 7.099051163135528e-05 0 0 0 1
#####################################################
*BONEANIMATION, BONEINDEX=6, NFRAMES=6
0 0.8389141890870002 0.4839190404998547 0.24943929324986983 -1.626538463147316 -0.22295896529706039 -0.11283688582603923 0.9686926963604542 -0.9437499431528813 0.49656074271108064 -0.8682736452272726 0.013146936657279618 3.152302236863445 0 0 0 1
1 1.000000052027411 5.163580713493654e-07 -1.2831125659196196e-07 2.506072107888446e-07 -2.2744127176413387e-07 1.0000010299417286 -2.1319364148890407e-06 3.7337659573811934e-06 4.809988608804779e-07 2.0809268972341033e-06 1.0000010197006106 -1.482605208269483e-06 0 0 0 1
2 1.0000011184739335 1.6362987024544362e-07 -7.0931885886825474e-06 9.568475342647785e-06 4.970200060593066e-06 1.0000144074224082 -2.7151251985310654e-05 3.826416152385992e-05 5.7389163258328435e-06 2.7996067310187556e-05 1.000015001551925 -2.7220873154779057e-05 0 0 0 1
3 1.0000010536540822 -7.930685486285532e-06 1.0709630782434337e-05 -1.0648459699530433e-05 4.808615834707474e-06 1.0000048223323408 -2.3645936059212003e-05 4.246996951012827e-05 -1.2424965891773276e-05 2.275543845152439e-05 1.0000053855303175 -1.8396138076748336e-05 0 0 0 1
4 1.0000000010909298 2.6523200163941496e-09 4.643160758655007e-09 6.046060652131757e-09 2.1390651749886302e-09 1.0000000052958555 1.0581357220984522e-08 1.3536339382724805e-08 -4.898577939116411e-09 -1.0463607189037383e-08 1.000000006379869 3.0851715418500625e-09 0 0 0 1
5 1.0000010224586422 -1.2178162633498524e-06 -1.196405315930741e-05 -1.351839688221168e-05 8.65959481356586e-06 1.0000169395957654 -4.529240923922817e-05 -4.320208904444456e-05 8.34464280140279e-06 4.609672265760284e-05 1.0000175708656152 3.625003209856842e-05 0 0 0 1
#####################################################
*BONEANIMATION, BONEINDEX=7, NFRAMES=6
0 0.9581638593312061 0.24720482118631285 -0.14470152885938098 -0.1415168846372635 0.020014953605343153 0.4450647811851744 0.896425094599764 -1.5044513244196884 0.28577480490465923 -0.8618987086164687 0.4214788115350514 1.9429933787975866 0 0 0 1
1 0.9999999885922027 -1.1321917231434803e-07 2.8134156154074885e-08 -5.494913522807732e-08 4.9869854988615625e-08 0.9999997741698126 4.6745885031850704e-07 -8.186837951999651e-07 -1.0546623057728407e-07 -4.562742562351507e-07 0.999999776415343 3.2508403335906877e-07 0 0 0 1
2 0.9999997603512168 -4.374468337217663e-08 1.528284857017087e-06 -2.059293831476079e-06 -1.0689350737752568e-06 0.9999968527699769 5.9191099694017035e-06 -8.347446633791278e-06 -1.239462359230864e-06 -6.099308781842838e-06 0.9999967249549266 5.937865042007773e-06 0 0 0 1
3 1.000023104531435 -0.00018712489260462248 0.00023500641997908564 -0.00025691536490420053 9.825855721642854e-05 1.0001163577501722 -0.0006594748718622145 0.0008453586929737522 -0.00028388478706788817 0.0006399627524707602 1.0001287309249738 -0.0003710606903387717 0 0 0 1
4 1.000009515485406 2.3140957512253132e-05 4.045960180881075e-05 5.275554208739042e-05 1.8602987098374768e-05 1.000045946583233 9.203326817351642e-05 0.00011752637014475487 -4.273654210016492e-05 -9.099829422140604e-05 1.0000554056151232 2.6842280302134813e-05 0 0 0 1
5 0.99999977657592 2.6612054261025003e-07 2.6144789327317564e-06 2.9541299783469865e-06 -1.8924107326387385e-06 0.9999962981527137 9.897899643368513e-06 9.441102419960323e-06 -1.8235191856248029e-06 -1.0073666987547858e-05 0.9999961602160621 -7.921882253118795e-06 0 0 0 1
#####################################################
*BONEANIMATION, BONEINDEX=8, NFRAMES=6
0 1.0000000000000009 2.7755575615628914e-16 7.73686670285656e-16 -7.049916206369744e-15 -1.6028844918025698e-15 1.000000000000001 -2.7755575615628914e-15 6.994405055138486e-15 -7.771561172376096e-16 5.773159728050814e-15 0.9999999999999981 -3.1086244689504383e-15 0 0 0 1
1 0.9999999999999883 -3.277760007858177e-14 1.5471651737541947e-13 -1.9628743075372768e-13 -3.068031939612581e-14 0.9999999999999202 3.934751829914873e-13 -5.002992920118132e-13 -1.5486765515826395e-13 -3.931681369362394e-13 0.99999999999991 2.4952262478450393e-13 0 0 0 1
2 0.9062592150992516 0.05020208671517959 0.41973084892218604 -0.42532699121714956 -0.1527660413468989 0.9647123255649358 0.2144590066055175 0.5474210406533435 -0.39415323372857897 -0.2584760712183417 0.881948609017895 1.3229417405781596 0 0 0 1
3 1.0000000000000062 -6.539907504432563e-16 7.806255641895632e-16 9.992007221626409e-16 8.105495441501631e-16 1.0000000000000093 1.1934897514720433e-15 -3.3306690738754696e-15 -9.922618282587337e-16 -3.0531133177191805e-16 1.0000000000000064 -4.760081218080359e-15 0 0 0 1
4 1.0000000000000022 -2.96637714392034e-16 4.163336342344337e-17 -1.3877787807814457e-17 2.0816681711721685e-16 0.9999999999999991 -3.3306690738754696e-16 -6.38378239159465e-16 4.0245584642661925e-16 3.885780586188048e-16 0.9999999999999999 -6.938893903907228e-17 0 0 0 1
5 1.0000000000000018 1.9255430583342559e-16 6.054184931159057e-16 -5.412337245047638e-16 4.544975507059235e-16 1.0 5.551115123125783e-17 1.249000902703301e-16 -7.667477763817487e-16 1.6653345369377348e-16 0.9999999999999997 -1.4988010832439613e-15 0 0 0 1
#####################################################
*BONEANIMATION, BONEINDEX=9, NFRAMES=6
0 1.0000000000000016 -3.885780586188048e-16 -1.6028844918025698e-15 1.0547118733938987e-15 5.065392549852277e-16 1.0000000000000033 -9.43689570931383e-16 -3.885780586188048e-16 -1.1657341758564144e-15 3.6637359812630166e-15 0.9999999999999993 -4.551914400963142e-15 0 0 0 1
1 1.0000000000000009 -1.4224732503009818e-16 -4.753142324176451e-16 8.049116928532385e-16 4.996003610813204e-16 0.9999999999999996 -1.3964523981613297e-16 -4.838252194716564e-16 2.1152784385192192e-16 1.2576745200831851e-16 1.000000000000002 1.27675647831893e-15 0 0 0 1
2 0.972544156208444 0.22790304727328367 -0.04709634028622231 0.8851666380572892 -0.1545636559037586 0.783857609541866 0.6013961458448007 -0.6096239902584671 0.1739768389713671 -0.5776049246733175 0.7975616656376276 0.8186895831865686 0 0 0 1
3 1.0000000000000064 -4.198030811863873e-16 3.191891195797325e-16 1.1796119636642288e-15 3.9876955904016853e-16 1.0000000000000084 6.661338147750939e-16 -2.220446049250313e-15 -5.689893001203927e-16 -1.8735013540549517e-16 1.0000000000000062 -4.746203430272544e-15 0 0 0 1
4 1.0000000000000022 -1.942890293094024e-16 1.3183898417423734e-16 -1.1102230246251565e-16 2.1510571102112408e-16 0.9999999999999994 2.220446049250313e-16 4.440892098500626e-16 2.2898349882893854e-16 -2.7755575615628914e-17 1.0 6.938893903907228e-18 0 0 0 1
5 1.0000000000000018 2.2898349882893854e-16 2.983724378680108e-16 1.3877787807814457e-16 5.603156827405087e-16 1.0000000000000002 -5.065392549852277e-16 2.914335439641036e-16 -2.96637714392034e-16 3.677613769070831e-16 1.0000000000000002 -4.2327252813834093e-16 0 0 0 1
#####################################################
*BONEANIMATION, BONEINDEX=10, NFRAMES=6
0 1.000000000000001 7.494005416219807e-16 -9.679756995950584e-16 -1.7763568394002505e-15 -1.942890293094024e-16 1.000000000000001 1.1657341758564144e-15 -2.3869795029440866e-15 4.440892098500626e-16 8.881784197001252e-16 0.9999999999999976 1.3322676295501878e-15 0 0 0 1
1 1.000000000000704 6.9771063926360455e-12 -1.7340677505028879e-12 3.3864716586506916e-12 -3.0724867094988895e-12 1.0000000000139169 -2.88082665361733e-11 5.0452684998564257e-11 6.499574641515016e-12 2.811897242827044e-11 1.0000000000137812 -2.0035140213536806e-11 0 0 0 1
2 0.9999999999999994 -8.239936510889834e-16 -7.73686670285656e-16 2.502338614096544e-16 1.0581813203458523e-15 1.000000000000003 -9.853229343548264e-16 -1.0408340855860843e-15 3.3306690738754696e-16 3.608224830031759e-16 1.0000000000000027 -2.3592239273284576e-16 0 0 0 1
3 0.7900667972215396 -0.38394224481397893 0.4778941395345797 1.509600336752054 0.6124450756904823 0.4605862749108317 -0.6424728108462539 -1.9471254605901775 0.026560971677586115 0.8002803484119371 0.5990374602304438 -0.2861351444449751 0 0 0 1
4 1.0000000000000022 -3.972516759986888e-16 -9.71445146547012e-17 -2.636779683484747e-16 1.457167719820518e-16 0.9999999999999994 -2.7755575615628914e-16 2.7755575615628914e-17 6.591949208711867e-16 2.636779683484747e-16 0.9999999999999999 -7.632783294297951e-17 0 0 0 1
5 1.0000000000000018 1.734723475976807e-16 5.065392549852277e-16 3.0531133177191805e-16 4.0072112295064244e-16 1.0000000000000002 -9.71445146547012e-16 -2.636779683484747e-16 -5.178149575790769e-16 6.938893903907228e-16 1.0000000000000007 7.077671781985373e-16 0 0 0 1
#####################################################
*BONEANIMATION, BONEINDEX=11, NFRAMES=6
0 1.0000000000000013 -1.3877787807814457e-16 -1.880440247958859e-15 1.1102230246251565e-16 -1.8735013540549517e-16 1.0000000000000022 -2.220446049250313e-16 -7.771561172376096e-16 -2.7755575615628914e-16 2.9976021664879227e-15 0.9999999999999984 -2.55351295663786e-15 0 0 0 1
1 1.0000000000000009 -9.367506770274758e-17 -6.279698983036042e-16 1.124100812432971e-15 2.498001805406602e-16 0.9999999999999993 -1.7607443281164592e-16 -5.731634784844619e-16 3.2829641782861074e-16 3.0184188481996443e-16 1.0000000000000018 1.8318679906315083e-15 0 0 0 1
2 0.9999999999999993 -6.938893903907228e-16 -3.8510861166685117e-16 4.2500725161431774e-17 7.945033519973776e-16 1.0000000000000029 -2.0816681711721685e-16 -1.8735013540549517e-15 4.85722573273506e-17 -5.551115123125783e-16 1.0000000000000022 1.304512053934559e-15 0 0 0 1
3 0.9882335983365396 0.09524063645631971 -0.11968114423844142 0.1307360143592099 -0.05007210670810655 0.9408066394170753 0.33522477736374695 -0.43087638375331816 0.1445238362646087 -0.3252877009604826 0.9345056299216243 0.18915696668826362 0 0 0 1
4 0.8276983499316286 -0.1168043747066478 -0.5488826646650916 -0.9324683301930252 -0.46682728788208966 0.39948952753932543 -0.7889742712376963 -0.8518950893279295 0.31142852279313515 0.9092661081530478 0.27612935330219746 -0.31760862403260465 0 0 0 1
5 1.0000000000000018 1.3877787807814457e-16 3.2526065174565133e-16 -2.7755575615628914e-17 1.196959198423997e-16 1.0 4.926614671774132e-16 6.38378239159465e-16 -3.5301622736128024e-16 -3.191891195797325e-16 1.0 -6.314393452555578e-16 0 0 0 1
#####################################################
*BONEANIMATION, BONEINDEX=12, NFRAMES=6
0 1.0000000000000013 -2.7755575615628914e-16 -1.0477729794899915e-15 -1.4432899320127035e-15 -2.914335439641036e-16 1.0000000000000027 -1.9984014443252818e-15 2.1649348980190553e-15 -1.3322676295501878e-15 4.3298697960381105e-15 0.9999999999999991 -4.6629367034256575e-15 0 0 0 1
1 0.963816228725837 0.25929534253816017 0.0618401373117408 0.7693705459112679 -0.21501389801732285 0.893333428541583 -0.39461932176424563 1.0577154944079779 -0.15756681409517412 0.3670440175078383 0.9167613584285322 2.3009834741044517 0 0 0 1
2 0.9999999999999994 -7.528699885739343e-16 -6.245004513516506e-16 -3.191891195797325e-16 9.853229343548264e-16 1.000000000000003 -1.0824674490095276e-15 -8.881784197001252e-16 3.5735303605122226e-16 5.273559366969494e-16 1.0000000000000024 3.3306690738754696e-16 0 0 0 1
3 1.0000000000000044 9.256484467812243e-15 -2.2325891135821507e-14 1.0477729794899915e-14 -1.3883425659111381e-14 1.0000000000000042 -2.5916768731093498e-14 -1.3733458814613186e-13 1.9442780718748054e-14 2.8275992658421956e-14 1.0000000000000007 5.154210391822289e-14 0 0 0 1
4 1.0000000000000022 -3.903127820947816e-16 -1.5959455978986625e-16 -6.106226635438361e-16 2.706168622523819e-16 0.9999999999999998 -6.938893903907228e-17 8.326672684688674e-16 6.453171330633722e-16 -1.5265566588595902e-16 1.0000000000000002 -4.163336342344337e-17 0 0 0 1
5 1.0000000000000018 2.411265631607762e-16 6.062858548538941e-16 -1.1102230246251565e-16 3.5041414214731503e-16 1.0 1.3877787807814457e-16 -1.6653345369377348e-16 -6.522560269672795e-16 1.3877787807814457e-17 1.0 -5.204170427930421e-16 0 0 0 1
#####################################################
*BONEANIMATION, BONEINDEX=13, NFRAMES=6
0 1.0000113855351556 -3.0253883655767533e-05 9.242194663749981e-07 7.105091542825015e-05 1.4158158135851862e-05 1.0000620645392087 -5.903716069510789e-05 6.013709011487567e-05 -4.222122236813286e-05 5.258796290996681e-05 1.000057549178834 -0.00018027614797588853 0 0 0 1
1 1.0000000000204694 2.0255835377069875e-10 -5.128610036653214e-11 9.948153412153715e-11 -8.892932570891965e-11 1.0000000004041212 -8.37995882754794e-10 1.466398306926818e-09 1.8949507902491641e-10 8.180054454978714e-10 1.0000000004001914 -5.825962490213499e-10 0 0 0 1
2 1.0000001939247396 -2.7002866143446824e-07 -9.364512574758233e-07 1.3393121659158874e-06 7.193431634140712e-07 1.000000412824765 -1.1897291029017154e-06 1.4648295528080224e-06 6.573573165143121e-07 1.3635042447196488e-06 1.0000004989419253 -1.0939586853886407e-06 0 0 0 1
3 0.988233486160558 0.09525676664190683 -0.11968253332721951 0.13076387415631333 -0.05006448049864398 0.9407957740277658 0.3353875875162828 -0.4307813052171374 0.14453825958079367 -0.3254504218127157 0.9344946933070715 0.18912666394869132 0 0 0 1
4 1.00000000711747 1.7304257743724905e-08 3.0293701033801135e-08 3.9445608834842716e-08 1.3956629227318551e-08 1.000000034555303 6.903939531177627e-08 8.832284953408376e-08 -3.195932667815482e-08 -6.827129359066042e-08 1.0000000416275945 2.012945630319729e-08 0 0 0 1
5 0.9856417194775906 0.017101667809857897 0.1680099649024667 0.18983745200542584 -0.12160580039700848 0.7621189979820575 0.63603665049559 0.6066824994761041 -0.1171829572014946 -0.6473315410982219 0.7532541414403032 -0.5090554802489791 0 0 0 1
#####################################################
*BONEANIMATION, BONEINDEX=14, NFRAMES=6
0 1.0000052989264494 -1.4929509659949991e-05 -8.832541543261907e-07 3.691275668127325e-05 6.497431438101664e-06 1.0000316136462952 -3.0719770890696996e-05 3.302504659247196e-05 -1.940767830210799e-05 2.761830332004278e-05 1.0000292246157774 -9.241332521781054e-05 0 0 0 1
1 1.0000000196711287 1.9523065959183017e-07 -4.85134080095706e-08 9.475249108936712e-08 -8.599363817557437e-08 1.00000038941233 -8.060672847826772e-07 1.411705609545501e-06 1.8186163288573098e-07 7.86781012646065e-07 1.0000003855402513 -5.605605752911913e-07 0 0 0 1
2 0.99290122772304 -0.059816238367184964 0.10281020587461633 -0.12370344772769269 -0.059595892599508496 0.49782608074097184 0.8652582774103768 -1.261135304970747 -0.10293808973265844 -0.8652430724711077 0.4907273246436862 0.8869422007612203 0 0 0 1
3 1.0000000811611474 -6.569964902392034e-07 8.255280795066433e-07 -9.018606561272957e-07 3.453598386245118e-07 1.0000004082608893 -2.312751963239046e-06 2.9716896050580033e-06 -9.96925043857122e-07 2.244208537761916e-06 1.000000451722807 -1.3048313387067911e-06 0 0 0 1
4 0.9999999999960463 -9.961984362427678e-12 -1.4701989625720557e-11 -2.2970667035160375e-11 -4.820248367121138e-12 0.9999999999939829 -2.4353546956845662e-11 -1.9978019238919842e-11 1.8261371581562713e-11 2.3502130797048437e-11 0.9999999999898455 -7.5534856147641e-12 0 0 0 1
5 0.9999999999277785 8.591627843196337e-11 8.431963712321466e-10 9.529719513512447e-10 -6.096323047072305e-10 0.9999999988071742 3.188636882311968e-09 3.041373042300677e-09 -5.883584548380116e-10 -3.2452886211675747e-09 0.9999999987624961 -2.5514386714498016e-09 0 0 0 1
#####################################################
*BONEANIMATION, BONEINDEX=15, NFRAMES=6
0 0.9999999999145317 5.054477947297187e-10 -2.961208708796015e-10 -2.886096361898183e-10 4.112156448687898e-11 0.9999999988653074 1.8334788687290882e-09 -3.077568200282599e-09 5.842592243343603e-10 -1.7629073201241852e-09 0.9999999988169787 3.97337707180867e-09 0 0 0 1
1 0.9999999999999435 -5.705939193356713e-13 1.4141812720858127e-13 -2.763761441926249e-13 2.5182633756060113e-13 0.999999999998862 2.3543831814687444e-12 -4.1239550836735805e-12 -5.311351402095821e-13 -2.29815038527148e-12 0.9999999999988759 1.6376899836245684e-12 0 0 0 1
2 1.0000000001026217 -1.4272920692559588e-10 -4.957216651058083e-10 7.089241186274131e-10 3.8074692704226365e-10 1.000000000219631 -6.315571537962583e-10 7.780584093675103e-10 3.480534714606076e-10 7.235004262362565e-10 1.0000000002652119 -5.809363129438694e-10 0 0 0 1
3 0.9882335983482883 0.09524063640825278 -0.11968114411908301 0.13073601431261866 -0.050072106632035394 0.9408066394371793 0.33522477753447244 -0.43087638301448583 0.1445238361609056 -0.32528770114119215 0.9345056299479677 0.189156966380156 0 0 0 1
4 1.0000000028396592 6.905835327197796e-09 1.207414769555104e-08 1.5743562717385196e-08 5.5515917973814055e-09 1.0000000137115934 2.746500296635368e-08 3.507276982728236e-08 -1.2753643675866844e-08 -2.7156141099715647e-08 1.000000016534404 8.010400572022736e-09 0 0 0 1
5 0.8486514176174936 0.1102046670360382 0.5173449208414939 0.7354508493528256 0.06834157274004876 0.9470131805777803 -0.31383990934673345 -0.36709779478718907 -0.524519079980017 0.30169685215140557 0.7961525178703327 0.6489075201647378 0 0 0 1
#####################################################
*BONEANIMATION, BONEINDEX=16, NFRAMES=6
0 1.0000001388655086 5.323451796324097e-07 -8.774833446974217e-07 1.559425713337781e-06 6.422532458361108e-07 0.9999985762892274 3.760483463344233e-06 -7.706136825824661e-06 3.276942518171122e-07 -3.766693358608908e-06 0.9999982666570365 6.2971274795708965e-06 0 0 0 1
1 1.0000001048293328 1.0404006119775142e-06 -2.585358222714773e-07 5.04948600932309e-07 -4.5826617656868907e-07 1.0000020752114909 -4.295607076716668e-06 7.523104809859958e-06 9.691591825370218e-07 4.19282899233233e-06 1.000002054577182 -2.9872786554974162e-06 0 0 0 1
2 1.0000372102547612 -5.1750301410635746e-05 -0.00017974783761552648 0.0002570542339750395 0.00013805738271670948 1.0000796512084142 -0.0002290247407991386 0.00028215812639999227 0.00012620466150111212 0.00026236294507164803 1.0000961789192384 -0.00021067123051290992 0 0 0 1
3 0.9834207482619792 0.0688533310203179 -0.16781052427843843 0.06851305132058585 -0.10604718398450078 0.968859065591184 -0.22411535061038296 -1.0318205720128488 0.14715718286361326 0.2381885972910469 0.9600946355943073 0.4258035110583803 0 0 0 1
4 0.9999999809073262 -4.643280487361123e-08 -8.117644414995517e-08 -1.0585570170418279e-07 -3.7319554668791e-08 0.9999999078405611 -1.8462967739385494e-07 -2.3574494664724277e-07 8.575141600269953e-08 1.82551997615632e-07 0.999999888860661 -5.3849895903512746e-08 0 0 0 1
5 1.0000052712530776 -6.276996431662379e-06 -6.165494762492944e-05 -6.966807528965835e-05 4.461696521755251e-05 1.0000872819176936 -0.0002333616671969796 -0.00022259026740942267 4.300617075138954e-05 0.00023750611763526108 1.000090537570382 0.00018676426838967752 0 0 0 1
#####################################################
*BONEANIMATION, BONEINDEX=17, NFRAMES=6
0 1.000507032370515 -0.00300241151545097 0.0017610581152240866 0.0017080391946256435 -0.0002460806643712274 1.0067407322693804 -0.010896572000585969 0.018294642544807782 -0.00346993486080166 0.010477629362111107 1.00702864519165 -0.023608318375969772 0 0 0 1
1 0.9999999859596064 -1.393433865333124e-07 3.4625420843037436e-08 -6.762194759701856e-08 6.137652461615795e-08 0.999999722057428 5.753228731466761e-07 -1.007590485118618e-06 -1.298032403094151e-07 -5.615575309394355e-07 0.9999997248214119 4.001141470366676e-07 0 0 0 1
2 0.9228510249012035 0.10729514474068648 0.3726758772893587 -0.5329572129645618 -0.2862379439688408 0.8348565541081792 0.47484379812292443 -0.5850070280183581 -0.2616634522224073 -0.5439647433833551 0.80058922201487 0.43679105240877414 0 0 0 1
3 1.0000137290194244 -0.00010760641968858911 0.0001395636455129856 -0.0001465256559444461 6.023115280987413e-05 1.000067444794531 -0.0003552947106953974 0.0005257846059339433 -0.00016565887894325754 0.00034370344672837033 1.0000748004619042 -0.00022610544929186488 0 0 0 1
4 1.0000073202929358 1.7802405372999847e-05 3.1125737952053534e-05 4.058498597871163e-05 1.4311389829754773e-05 1.0000353470902295 7.080173732992856e-05 9.041393438163903e-05 -3.28773476156799e-05 -7.00055362928137e-05 1.000042623949545 2.0649916711794336e-05 0 0 0 1
5 1.000000008849692 -1.0381206781359675e-08 -1.0070100766538387e-07 -1.1412708784963588e-07 7.188031037053122e-08 1.0000001410343535 -3.760558594523289e-07 -3.585461658683897e-07 7.06088759804685e-08 3.8277424691673945e-07 1.0000001466287882 3.0007373241769386e-07 0 0 0 1
#####################################################
*BONEANIMATION, BONEINDEX=18, NFRAMES=6
0 1.0004852388038683 -0.0028705008679203725 0.0016816684201613231 0.001638652161727705 -0.0002338712426737874 1.0064443549766673 -0.010413598086010667 0.017480333248476754 -0.0033176931441425417 0.01001287960084335 1.0067188704541583 -0.02256682791569775 0 0 0 1
1 0.9999999925764742 -7.367611546023334e-08 1.830845248323998e-08 -3.5758102839844597e-08 3.245211049190955e-08 0.9999998530434707 3.0419445960945535e-07 -5.327501978793776e-07 -6.863137055564995e-08 -2.969162192683131e-07 0.9999998545046843 2.11545322981177e-07 0 0 0 1
2 0.9999939838842788 8.439028267828025e-06 2.8990574615125886e-05 -4.1483056307293174e-05 -2.228659434243621e-05 0.9999876257765627 3.6178713215720415e-05 -4.437035549166579e-05 -2.032305964128761e-05 -4.157539834791224e-05 0.9999849576788241 3.318516688290141e-05 0 0 0 1
3 0.9880977674034518 0.09634374193045385 -0.12106317783232107 0.13224931754701363 -0.05064930832702923 0.9401335086676046 0.33911511337646144 -0.4358249280546307 0.14619458482413789 -0.32906324906395884 0.9337598618004321 0.1913666634006802 0 0 0 1
4 1.0000064873075725 1.5776652642280828e-05 2.758386731098461e-05 3.596678574438461e-05 1.268283242662066e-05 1.0000313246922916 6.274489731758481e-05 8.012515975244772e-05 -2.913620062509198e-05 -6.203929030523803e-05 1.0000377735118773 1.8300079341782016e-05 0 0 0 1
5 0.9999991646933892 9.91251528651739e-07 9.708753273484153e-06 1.097796351370861e-05 -7.004111254557341e-06 0.9999862890667106 3.663598314845862e-05 3.494163822025109e-05 -6.780161982176437e-06 -3.728749771907819e-05 0.9999857703504982 -2.9301069076233255e-05 0 0 0 1
#####################################################
*BONEANIMATION, BONEINDEX=19, NFRAMES=6
0 0.9444533933679358 0.08144571173437942 -0.3157481211653507 0.38984324752908966 -0.04219057239590752 0.9752411759924835 0.13027677696494194 -0.184001289298635 0.3255341762507989 -0.10968065981636699 0.9236413442494136 0.16705617245582927 0 0 0 1
1 1.0000001530355564 1.5188365083840943e-06 -3.7741996967641245e-07 7.371458950328202e-07 -6.690049084503991e-07 1.0000030295125164 -6.270964259658292e-06 1.0982650503199738e-05 1.4148296697365963e-06 6.120922802404019e-06 1.000002999388861 -4.360996233132575e-06 0 0 0 1
2 1.0000034864308682 1.9763353138226025e-07 -2.180304339508693e-05 2.949096617445475e-05 1.534328581854691e-05 1.0000427254669444 -8.094871564175155e-05 0.00011385759944328167 1.753539180667299e-05 8.361064378201166e-05 1.0000445598184464 -8.10546811919749e-05 0 0 0 1
3 0.9999857978127146 0.0001165595948856759 -0.00014446199366029838 0.00016072766734058497 -5.952340294447002e-05 0.9999267764629407 0.00042239919089537975 -0.00050972012345879 0.0001758571965404243 -0.0004104097408040991 0.9999191642187699 0.00022308928458254773 0 0 0 1
4 0.9999955859619136 -1.073461757741638e-05 -1.8768358710410937e-05 -2.447222085827372e-05 -8.629517305777656e-06 0.9999786864413485 -4.269221713625038e-05 -5.4517809380372206e-05 1.982460784528267e-05 4.221211023078264e-05 0.9999742985890496 -1.2451549881872803e-05 0 0 0 1
5 1.000003027855608 -3.6065024896329845e-06 -3.543195910515537e-05 -4.0034932774352106e-05 2.5646481059926965e-05 1.0000501684139618 -0.0001341390985272889 -0.00012794847639073514 2.4712657491895648e-05 0.00013652114105511953 1.0000520377210596 0.0001073596846336497 0 0 0 1
#####################################################
*BONEANIMATION, BONEINDEX=20, NFRAMES=6
0 0.999999999989492 3.157057948399711e-11 1.627197335207775e-11 -1.0611667100590694e-10 -1.4545711857216759e-11 0.9999999999273999 6.319839096491364e-11 -6.157269138995503e-11 3.2394670279600746e-11 -5.664463342824888e-11 0.9999999999356155 2.0565626979163198e-10 0 0 0 1
1 1.0000000000000009 7.077671781985373e-16 -6.453171330633722e-16 1.4155343563970746e-15 -1.5959455978986625e-16 1.0000000000000009 -3.263014858312374e-15 5.352597705343687e-15 8.348356728138384e-16 3.3480163086352377e-15 1.0000000000000036 -1.6653345369377348e-16 0 0 0 1
2 0.9999999999999994 -7.771561172376096e-16 -9.367506770274758e-16 6.787105599759258e-16 1.2420620087993939e-15 1.0000000000000038 -2.220446049250313e-15 1.0130785099704553e-15 4.3368086899420177e-16 1.4432899320127035e-15 1.0000000000000033 -5.412337245047638e-16 0 0 0 1
3 0.9882335983373257 0.09524063645015082 -0.1196811442306884 0.13073601435055293 -0.05007210670490097 0.9408066394209827 0.3352247773419703 -0.4308763837250608 0.14452383625519064 -0.3252877009393682 0.9345056299259293 0.18915696667596799 0 0 0 1
4 1.0000000000000022 -9.194034422677078e-17 5.412337245047638e-16 5.412337245047638e-16 4.2327252813834093e-16 1.0 8.049116928532385e-16 1.2212453270876722e-15 -3.469446951953614e-17 -8.187894806610529e-16 1.0000000000000007 3.469446951953614e-16 0 0 0 1
5 0.8451195019748847 0.004896008567757916 -0.5345550078912807 -1.824413535308525 0.2677485163674091 0.8616152055675587 0.43119597574628754 1.1658393702664198 0.462691862198369 -0.50753843856091 0.7268569143944135 -0.9246494291383632 0 0 0 1
#####################################################
*VERTEXWEIGHTS, NVERTICES=5075  #(vtx0Based bone0 w0 bone1 w1 ... )
0  0 1.6364831956570958e-05 1 -2.5673907444456745e-16 2 4.049128740635233e-11 3 3.689739597884101e-08 4 2.2873378278873147e-06 5 0.0009901567131987143 6 0.8580024116691912 7 0.13535278089680652 8 -9.489380808913594e-11 9 4.163336342344337e-17 10 4.290318100785839e-14 11 5.689893001203927e-16 12 -6.157574450327274e-14 13 5.955185105156746e-05 14 2.0530858866441015e-05 15 5.833094424145813e-12 16 7.83554166081113e-06 17 0.003247910606198754 18 0.0002550787749794753 19 0.002045054069472564 20 -1.935257509799726e-14
1  0 1.722304367728078e-05 1 -3.191891195797325e-16 2 4.053654287239361e-11 3 3.893245188735239e-08 4 2.2639641328314752e-06 5 0.0011007319948028067 6 0.8501359091073165 7 0.14249487017252765 8 -9.976137971268173e-11 9 6.245004513516506e-17 10 4.246603069191224e-14 11 3.0531133177191805e-16 12 -6.526029716624748e-14 13 5.897148557429399e-05 14 2.0320435210191556e-05 15 5.843589501175472e-12 16 7.774812813846066e-06 17 0.0034877013248649814 18 0.00026802175843759074 19 0.0024061730216127716 20 -1.9297063946766002e-14
2  0 1.6980954284061267e-05 1 -2.3592239273284576e-16 2 4.055639157840574e-11 3 3.893904011037508e-08 4 2.270569728547722e-06 5 0.001373059791268491 6 0.8518903754509589 7 0.14052494372961571 8 -9.765160902119874e-11 9 2.7755575615628914e-17 10 4.263950303950992e-14 11 5.412337245047638e-16 12 -6.339373470609644e-14 13 5.9190368736770915e-05 14 2.0384961546118796e-05 15 5.264899627377417e-12 16 7.802934516572962e-06 17 0.0033150310841784346 18 0.00026429877822316955 19 0.002525622489772769 20 -1.9213797219919115e-14
3  0 1.5314585768713695e-05 1 -2.983724378680108e-16 2 4.0507156656710563e-11 3 3.5186991709235116e-08 4 2.3162181525260284e-06 5 0.001192445750494417 6 0.8669657174545096 7 0.12664423324535004 8 -8.82864475970635e-11 9 6.245004513516506e-17 10 4.328482017257329e-14 11 4.510281037539698e-16 12 -5.6642190937594705e-14 13 6.0331913978813045e-05 14 2.0795816005128587e-05 15 5.199125852062281e-12 16 7.926718235837238e-06 17 0.0029144053216493375 18 0.00023907983045774045 19 0.001937398001018803 20 -1.96787031114809e-14
4  0 1.2159231155633998e-05 1 -2.2898349882893854e-16 2 4.0536587975203986e-11 3 2.847732821081861e-08 4 2.4038917505603274e-06 5 0.0009735931607968602 6 0.8947271373376845 7 0.10039583354661957 8 -7.051077777209258e-11 9 2.0816681711721685e-17 10 4.464484337773911e-14 11 5.620504062164855e-16 12 -4.5172199314436057e-14 13 6.255238656588391e-05 14 2.1585162960385817e-05 15 4.653694096745653e-12 16 8.179851649234293e-06 17 0.0023171746973578433 18 0.00019100962021565554 19 0.001288342661256582 20 -2.037953139577553e-14
5  0 3.1752712161686736e-07 1 -4.649058915617843e-16 2 4.0765963521538495e-11 3 5.589089017987714e-10 4 2.7387685118743232e-06 5 4.328094168171148e-06 6 0.9969269963706945 7 0.0026487845078787403 8 -1.7268200758202568e-12 9 1.0408340855860843e-16 10 4.947431353485854e-14 11 5.620504062164855e-16 12 -6.800116025829084e-16 13 7.101082557142702e-05 14 2.4598124799102283e-05 15 7.291736658920911e-14 16 9.141589828558228e-06 17 3.151869193557949e-05 18 9.863977933927126e-06 19 0.0002707009235096147 20 -2.3266111259800937e-14
6  0 2.66846533800158e-07 1 -3.95516952522712e-16 2 4.076913112660563e-11 3 4.549960824773436e-10 4 2.7402102535864503e-06 5 1.5147641792626065e-06 6 0.9973559849988597 7 0.002228157217137719 8 -1.4445042384458873e-12 9 1.0408340855860843e-16 10 4.948819132266635e-14 11 4.0939474033052647e-16 12 -6.661338147750939e-16 13 7.104759731598603e-05 14 2.4611068819846427e-05 15 5.668382430101815e-14 16 9.146040179142806e-06 17 2.6620668779921836e-05 18 9.084240425463741e-06 19 0.00027082585311200696 20 -2.327998904760875e-14
7  0 9.49461094683357e-07 1 -4.718447854656915e-16 2 4.0726484684672215e-11 3 1.8409312511902254e-09 4 2.720818911935985e-06 5 2.7237399752674807e-05 6 0.9915824251977713 7 0.007890808639129762 8 -5.288991467011783e-12 9 9.020562075079397e-17 10 4.9203696672606156e-14 11 3.95516952522712e-16 12 -2.671474153004283e-15 13 7.055094378361632e-05 14 2.4436658507286102e-05 15 2.9865346307111906e-13 16 9.086065925565517e-06 17 0.00010328117995541883 18 1.9581988182644505e-05 19 0.00026891977029381425 20 -2.310651670001107e-14
