   0.61254  -0.729978  -0.303195
 -0.191763  -0.509355   0.838919
 -0.766826   -0.45573  -0.451983
  0.479294   0.982543   0.306532
  0.869689  -0.384266  -0.309808
 -0.343154 -0.0195283  -0.939076
  0.354805   0.923016  -0.148846
 -0.237259  -0.262884    1.04991
  0.981546  -0.187063 -0.0396896
  0.127936   0.488116   0.863351
 -0.142128  -0.852496    0.50304
0.00709633    0.68219  -0.183196
   0.81433   0.274067  -0.511619
 -0.515274   0.747086  -0.419946
   0.26713   0.605598   0.749595
-0.0264219   0.238675 -0.0895607
