   0.65096   0.695034   0.305251
 -0.476252   0.687059  -0.548756
  -0.59113   0.211842    0.77826
  0.533691  0.0505495   0.385248
  0.944425   0.135708  -0.299407
 -0.169867   0.981251 -0.0910553
  0.281437   0.136854   0.949771
 -0.319903   0.444341   0.614835
  0.982725   0.112553   -0.14691
 -0.184618   0.651612  -0.735743
  0.012918   0.750155   0.661135
   0.08585  -0.200884   0.537304
  0.714414   0.670814   0.199051
 -0.101507   0.380817  -0.919062
 -0.692322   0.636385   0.340153
  0.155434   0.493834    1.10082
