#####################################################
# (c) Binh Le (bhle2@cs.uh.edu)
#
# Running time: 732.546 (s)
# Repeat      : 16
#
#####################################################
*OBJFILENAME
..\Data\camel-gallop.obj
#####################################################
*BONEANIMATION, BONEINDEX=0, NFRAMES=48
0 0.982336 0.0901919 0.163958 -0.238415 0.108196 0.441118 -0.890903 0.809934 -0.152677 0.892906 0.423568 -0.87195 0 0 0 1
1 0.978148 0.0802949 0.191778 -0.248259 0.140427 0.425064 -0.894204 0.83057 -0.153318 0.901595 0.4045 -0.880828 0 0 0 1
2 0.968576 0.109824 0.223155 -0.312688 0.164155 0.39177 -0.905301 0.924058 -0.18685 0.913485 0.361431 -0.87734 0 0 0 1
3 0.966805 0.108598 0.231289 -0.31777 0.17782 0.364062 -0.914242 0.984925 -0.183488 0.925022 0.332666 -0.884816 0 0 0 1
4 0.969212 0.0824219 0.232024 -0.28737 0.190413 0.346555 -0.9185 1.03048 -0.156114 0.934401 0.320191 -0.874085 0 0 0 1
5 0.969629 0.0767172 0.232238 -0.277283 0.189054 0.367335 -0.910672 1.02181 -0.155173 0.926919 0.341675 -0.868742 0 0 0 1
6 0.975805 0.056518 0.211213 -0.238874 0.171722 0.399844 -0.900353 0.982281 -0.135338 0.914839 0.380465 -0.874114 0 0 0 1
7 0.977172 0.0523098 0.20591 -0.226096 0.162223 0.442122 -0.882163 0.888738 -0.137183 0.895428 0.423543 -0.862141 0 0 0 1
8 0.980514 0.0569891 0.188002 -0.215601 0.141958 0.455977 -0.878597 0.841996 -0.135795 0.888165 0.439002 -0.849409 0 0 0 1
9 0.981735 0.0574953 0.181356 -0.211412 0.132343 0.478436 -0.868093 0.775037 -0.136678 0.876238 0.462088 -0.838885 0 0 0 1
10 0.983573 0.0575234 0.171098 -0.202933 0.120642 0.495589 -0.860138 0.723387 -0.134273 0.86665 0.480508 -0.841599 0 0 0 1
11 0.98455 0.0746063 0.158417 -0.214553 0.110504 0.437072 -0.892612 0.804651 -0.135834 0.896327 0.422075 -0.847741 0 0 0 1
12 0.981526 0.0784179 0.174521 -0.231106 0.12729 0.413359 -0.901627 0.834431 -0.142843 0.907185 0.39574 -0.865082 0 0 0 1
13 0.979456 0.072727 0.188089 -0.236511 0.147219 0.37954 -0.913387 0.887311 -0.137815 0.922312 0.361036 -0.880031 0 0 0 1
14 0.978475 0.0700856 0.1941 -0.238921 0.156817 0.358889 -0.920112 0.964714 -0.134147 0.930745 0.340174 -0.891962 0 0 0 1
15 0.973052 0.0833077 0.215012 -0.274586 0.172091 0.35827 -0.91762 0.982292 -0.153477 0.929894 0.334279 -0.887098 0 0 0 1
16 0.969947 0.0805331 0.229602 -0.28328 0.189378 0.342607 -0.920194 1.02268 -0.152769 0.936021 0.317059 -0.871274 0 0 0 1
17 0.971455 0.074674 0.225162 -0.273127 0.179908 0.386746 -0.904467 0.992202 -0.154621 0.919158 0.362272 -0.870773 0 0 0 1
18 0.976195 0.0530883 0.210295 -0.233683 0.168957 0.421834 -0.890791 0.948275 -0.136 0.905117 0.402823 -0.878134 0 0 0 1
19 0.978649 0.0544585 0.198194 -0.222493 0.151628 0.459708 -0.87503 0.880237 -0.138764 0.886399 0.441635 -0.865403 0 0 0 1
20 0.983379 0.0542058 0.173287 -0.202576 0.125985 0.483545 -0.866205 0.829871 -0.130745 0.873639 0.468679 -0.856113 0 0 0 1
21 0.984006 0.0552966 0.169337 -0.19967 0.116042 0.522263 -0.844852 0.737553 -0.135156 0.85099 0.507494 -0.852991 0 0 0 1
22 0.986203 0.0589888 0.154676 -0.192075 0.0996856 0.53434 -0.839371 0.700935 -0.132163 0.843209 0.521087 -0.85356 0 0 0 1
23 0.986186 0.0728795 0.148749 -0.205477 0.0937416 0.494815 -0.863928 0.752836 -0.136566 0.865937 0.481148 -0.851037 0 0 0 1
24 0.982336 0.0901914 0.163957 -0.238415 0.108196 0.441118 -0.890903 0.809934 -0.152676 0.892906 0.423568 -0.871954 0 0 0 1
25 0.978148 0.0802953 0.19178 -0.248261 0.140428 0.425064 -0.894204 0.830569 -0.153319 0.901595 0.4045 -0.880828 0 0 0 1
26 0.968575 0.109828 0.223159 -0.312696 0.164157 0.39177 -0.9053 0.924058 -0.186855 0.913485 0.361429 -0.877337 0 0 0 1
27 0.966805 0.108598 0.231289 -0.31777 0.17782 0.364062 -0.914242 0.984925 -0.183488 0.925022 0.332666 -0.884816 0 0 0 1
28 0.969212 0.0824226 0.232022 -0.287369 0.190411 0.346556 -0.9185 1.03048 -0.156114 0.934401 0.320192 -0.874085 0 0 0 1
29 0.969628 0.0767204 0.23224 -0.27729 0.189055 0.367333 -0.910673 1.02181 -0.155177 0.92692 0.341672 -0.868739 0 0 0 1
30 0.975805 0.0565192 0.211213 -0.238876 0.171723 0.399844 -0.900353 0.98228 -0.13534 0.914839 0.380464 -0.874112 0 0 0 1
31 0.977172 0.0523087 0.205911 -0.226098 0.162224 0.442119 -0.882164 0.888743 -0.137182 0.89543 0.423541 -0.862141 0 0 0 1
32 0.980514 0.0569904 0.187999 -0.215599 0.141955 0.455977 -0.878598 0.841995 -0.135795 0.888165 0.439002 -0.849409 0 0 0 1
33 0.981735 0.0575019 0.181356 -0.211431 0.13234 0.478432 -0.868095 0.775042 -0.136684 0.87624 0.462084 -0.838887 0 0 0 1
34 0.983573 0.057526 0.171101 -0.20294 0.120643 0.495588 -0.860138 0.723388 -0.134276 0.86665 0.480507 -0.8416 0 0 0 1
35 0.98455 0.0746063 0.158417 -0.214553 0.110504 0.437072 -0.892612 0.804651 -0.135834 0.896327 0.422075 -0.847741 0 0 0 1
36 0.981526 0.0784179 0.174521 -0.231106 0.12729 0.413359 -0.901627 0.834431 -0.142843 0.907185 0.39574 -0.865082 0 0 0 1
37 0.979458 0.0727196 0.188082 -0.236492 0.147215 0.379542 -0.913387 0.887307 -0.137806 0.922312 0.36104 -0.880034 0 0 0 1
38 0.978474 0.0700868 0.194102 -0.238922 0.156818 0.358891 -0.920112 0.96471 -0.134149 0.930744 0.340175 -0.89196 0 0 0 1
39 0.973057 0.083296 0.214991 -0.274558 0.172074 0.358272 -0.917623 0.982287 -0.153459 0.929894 0.334286 -0.887108 0 0 0 1
40 0.969949 0.0805268 0.229596 -0.283266 0.189374 0.342609 -0.920194 1.02268 -0.152762 0.936021 0.317063 -0.871278 0 0 0 1
41 0.971455 0.074674 0.225162 -0.273127 0.179908 0.386746 -0.904467 0.992202 -0.154621 0.919158 0.362272 -0.870773 0 0 0 1
42 0.976195 0.0530896 0.210297 -0.233687 0.168957 0.42184 -0.890789 0.948265 -0.136003 0.905114 0.402829 -0.878134 0 0 0 1
43 0.978649 0.0544582 0.198194 -0.222491 0.151629 0.459708 -0.87503 0.880237 -0.138764 0.886399 0.441635 -0.865403 0 0 0 1
44 0.983378 0.0542071 0.173288 -0.202576 0.125985 0.483547 -0.866204 0.829867 -0.130747 0.873638 0.46868 -0.856112 0 0 0 1
45 0.984006 0.0552953 0.169338 -0.199669 0.116043 0.522265 -0.844851 0.737551 -0.135156 0.850989 0.507495 -0.852993 0 0 0 1
46 0.986202 0.0589922 0.154678 -0.192081 0.0996866 0.534335 -0.839374 0.700944 -0.132166 0.843212 0.521081 -0.853559 0 0 0 1
47 0.986186 0.0728795 0.148749 -0.205477 0.0937416 0.494815 -0.863928 0.752836 -0.136566 0.865937 0.481148 -0.851037 0 0 0 1
#####################################################
*BONEANIMATION, BONEINDEX=1, NFRAMES=48
0 0.945425 0.125561 0.300675 0.069806 -0.11732 0.992057 -0.0453865 -0.0226768 -0.303985 0.0076344 0.952646 0.0253016 0 0 0 1
1 0.966818 0.253823 0.0289133 -0.125745 -0.0526415 0.308695 -0.949703 -0.511679 -0.249982 0.916669 0.311813 -0.597258 0 0 0 1
2 0.860126 0.393949 0.324017 0.0949454 0.491489 -0.470141 -0.73308 -0.334176 -0.136462 0.789792 -0.598002 -1.23581 0 0 0 1
3 0.79741 0.350976 0.49087 0.227128 0.584886 -0.24938 -0.771828 -0.428013 -0.148479 0.902566 -0.404139 -0.985894 0 0 0 1
4 0.977781 0.188131 -0.0924662 -0.182977 -0.111971 0.0958212 -0.989081 -0.46642 -0.177217 0.977458 0.114757 -0.467075 0 0 0 1
5 0.968563 0.209896 -0.133529 -0.209002 -0.157798 0.103416 -0.982041 -0.416265 -0.192317 0.972239 0.133286 -0.332733 0 0 0 1
6 0.958878 0.265186 -0.101138 -0.191356 -0.150299 0.17217 -0.973533 -0.395756 -0.240755 0.948701 0.204948 -0.180476 0 0 0 1
7 0.9515 0.286368 0.112435 -0.0551246 -0.118277 0.67788 -0.725596 -0.315298 -0.284005 0.677106 0.678873 0.283079 0 0 0 1
8 0.946443 0.253255 0.200271 0.0057053 -0.214658 0.956898 -0.195625 0.002034 -0.241181 0.142158 0.960012 0.628003 0 0 0 1
9 0.925014 0.248871 0.287077 0.0652812 -0.253892 0.967021 -0.0202372 0.0982275 -0.282645 -0.0541668 0.957694 0.71782 0 0 0 1
10 0.92076 0.21259 0.327118 0.0869123 -0.203367 0.977101 -0.062575 -0.0390318 -0.33293 -0.00890829 0.94291 0.593442 0 0 0 1
11 0.930428 0.270621 0.247119 0.02918 -0.289281 0.956327 0.0418969 0.059541 -0.224988 -0.110469 0.968079 0.306722 0 0 0 1
12 0.959052 0.121648 0.255774 0.0379903 -0.0884235 0.986527 -0.137647 -0.0955581 -0.269072 0.109394 0.956887 0.0111346 0 0 0 1
13 0.971686 0.233106 0.0385708 -0.120413 -0.0600734 0.401619 -0.913834 -0.492951 -0.228511 0.885643 0.404251 -0.55468 0 0 0 1
14 0.930249 0.292579 0.221435 0.00537926 0.347344 -0.507647 -0.788446 -0.337368 -0.118271 0.810365 -0.573864 -1.22639 0 0 0 1
15 0.930393 0.22103 0.292428 0.0583144 0.357038 -0.365757 -0.859503 -0.420949 -0.0830179 0.904084 -0.419214 -1.01651 0 0 0 1
16 0.985793 0.138116 -0.0955868 -0.198384 -0.105967 0.0698498 -0.991913 -0.464687 -0.130322 0.98795 0.0834932 -0.503398 0 0 0 1
17 0.975777 0.215166 -0.0395388 -0.158934 -0.105109 0.30259 -0.947308 -0.436142 -0.191865 0.928517 0.317876 -0.141921 0 0 0 1
18 0.955738 0.292849 0.0283571 -0.112467 -0.134651 0.521058 -0.842833 -0.342201 -0.261598 0.80171 0.537427 0.177883 0 0 0 1
19 0.953317 0.27155 0.132085 -0.038853 -0.159197 0.823643 -0.544305 -0.177196 -0.256597 0.497868 0.828423 0.477304 0 0 0 1
20 0.951215 0.216059 0.220244 0.02072 -0.180177 0.968493 -0.171923 0.0196234 -0.25045 0.123853 0.960174 0.625521 0 0 0 1
21 0.933653 0.220538 0.282232 0.0598399 -0.22305 0.974521 -0.0236243 0.091999 -0.280251 -0.0408951 0.959055 0.699536 0 0 0 1
22 0.919928 0.262718 0.291052 0.0655752 -0.152678 0.923749 -0.351252 -0.176371 -0.361139 0.27869 0.889894 0.629167 0 0 0 1
23 0.93751 0.282963 0.2025 -0.0056359 -0.246567 0.950877 -0.187182 -0.08139 -0.245518 0.125555 0.961227 0.445269 0 0 0 1
24 0.945423 0.125559 0.300682 0.0698103 -0.117317 0.992057 -0.0453859 -0.0226771 -0.303992 0.00763367 0.952644 0.0253025 0 0 0 1
25 0.966818 0.253824 0.0289157 -0.125744 -0.0526398 0.308695 -0.949703 -0.51168 -0.249984 0.916668 0.311813 -0.597258 0 0 0 1
26 0.860183 0.393876 0.323955 0.0948971 0.491393 -0.47017 -0.733125 -0.334185 -0.136447 0.789811 -0.597981 -1.2358 0 0 0 1
27 0.79741 0.350976 0.49087 0.227128 0.584886 -0.24938 -0.771828 -0.428013 -0.148479 0.902566 -0.404139 -0.985894 0 0 0 1
28 0.977781 0.188131 -0.0924664 -0.182977 -0.111972 0.0958221 -0.989081 -0.46642 -0.177217 0.977458 0.114758 -0.467075 0 0 0 1
29 0.968563 0.209892 -0.133531 -0.209004 -0.157799 0.103414 -0.982041 -0.416265 -0.192313 0.97224 0.133284 -0.332735 0 0 0 1
30 0.958878 0.265188 -0.101136 -0.191354 -0.150298 0.172171 -0.973534 -0.395757 -0.240757 0.9487 0.204948 -0.180476 0 0 0 1
31 0.951477 0.286454 0.112412 -0.0551611 -0.118363 0.677885 -0.725577 -0.315265 -0.284046 0.677065 0.678897 0.283114 0 0 0 1
32 0.946427 0.253245 0.200357 0.00580187 -0.214637 0.956904 -0.195615 0.00203419 -0.241261 0.142131 0.959996 0.628011 0 0 0 1
33 0.925009 0.248871 0.28709 0.0652074 -0.253829 0.967033 -0.0204567 0.0980722 -0.282717 -0.0539491 0.957685 0.717815 0 0 0 1
34 0.920762 0.212586 0.327115 0.0869112 -0.203363 0.977102 -0.062574 -0.0390319 -0.332927 -0.0089074 0.94291 0.593442 0 0 0 1
35 0.930428 0.270621 0.247119 0.02918 -0.289281 0.956327 0.0418969 0.059541 -0.224988 -0.110469 0.968079 0.306722 0 0 0 1
36 0.959052 0.121648 0.255774 0.0379903 -0.0884235 0.986527 -0.137647 -0.0955581 -0.269072 0.109394 0.956887 0.0111346 0 0 0 1
37 0.9717 0.23307 0.0384352 -0.120459 -0.0601815 0.401604 -0.913834 -0.492927 -0.228423 0.885659 0.404265 -0.554696 0 0 0 1
38 0.930251 0.292575 0.221433 0.00537753 0.34734 -0.507651 -0.788445 -0.337366 -0.118268 0.810365 -0.573865 -1.22639 0 0 0 1
39 0.930395 0.221028 0.292424 0.05831 0.357033 -0.365752 -0.859508 -0.42095 -0.0830207 0.904087 -0.419208 -1.01651 0 0 0 1
40 0.985792 0.138116 -0.0955892 -0.198386 -0.10597 0.0698529 -0.991913 -0.464686 -0.130322 0.98795 0.0834965 -0.503396 0 0 0 1
41 0.975777 0.215166 -0.0395388 -0.158934 -0.105109 0.30259 -0.947308 -0.436142 -0.191865 0.928517 0.317876 -0.141921 0 0 0 1
42 0.95576 0.292785 0.0282694 -0.112483 -0.134689 0.521052 -0.842831 -0.342195 -0.261498 0.801737 0.537435 0.177868 0 0 0 1
43 0.953319 0.271546 0.132084 -0.0388543 -0.159195 0.823644 -0.544305 -0.177196 -0.256594 0.497869 0.828424 0.477304 0 0 0 1
44 0.951217 0.216054 0.220241 0.0207173 -0.180172 0.968494 -0.171922 0.019623 -0.250446 0.123854 0.960175 0.625521 0 0 0 1
45 0.933654 0.220538 0.28223 0.0598385 -0.223051 0.974521 -0.0236229 0.0919999 -0.280249 -0.040896 0.959056 0.699536 0 0 0 1
46 0.919929 0.262717 0.291051 0.0655744 -0.152677 0.923748 -0.351253 -0.176372 -0.361138 0.278692 0.889894 0.629167 0 0 0 1
47 0.93751 0.282963 0.2025 -0.0056359 -0.246567 0.950877 -0.187182 -0.08139 -0.245518 0.125555 0.961227 0.445269 0 0 0 1
#####################################################
*BONEANIMATION, BONEINDEX=2, NFRAMES=48
0 0.994093 0.0419809 0.100079 0.014599 -0.0393167 0.998822 -0.0284469 -0.364867 -0.101155 0.0243441 0.994573 0.11979 0 0 0 1
1 0.993516 0.0229832 0.111343 0.0419071 -0.0234079 0.999723 0.00250797 -0.351858 -0.111254 -0.005098 0.993779 0.158249 0 0 0 1
2 0.991757 0.0166997 0.127039 0.0568366 -0.0252758 0.997486 0.066198 -0.28703 -0.125614 -0.0688633 0.989686 0.225368 0 0 0 1
3 0.99343 0.0185327 0.112929 0.0465769 -0.0333033 0.990909 0.13035 -0.233028 -0.109487 -0.133255 0.985016 0.309417 0 0 0 1
4 0.995224 -0.00994341 0.0971081 0.0665998 -0.0114721 0.975991 0.21751 -0.153896 -0.0969394 -0.217585 0.971215 0.415919 0 0 0 1
5 0.996134 0.000469281 0.0878472 0.0512926 -0.0241011 0.963077 0.268147 -0.0903089 -0.0844777 -0.269227 0.959364 0.476356 0 0 0 1
6 0.995346 0.00951046 0.0958964 0.0488539 -0.0336175 0.966872 0.25304 -0.0970508 -0.0903129 -0.255086 0.962691 0.465476 0 0 0 1
7 0.994303 0.0487034 0.0948174 0.0108418 -0.0707233 0.96695 0.244962 -0.120004 -0.0797533 -0.250272 0.964885 0.457703 0 0 0 1
8 0.993683 0.0645657 0.0917857 -0.0059645 -0.0807652 0.979324 0.185479 -0.182118 -0.0779123 -0.19172 0.978352 0.396448 0 0 0 1
9 0.997219 0.0355655 0.0654906 0.00727563 -0.0466751 0.983137 0.176812 -0.213262 -0.0580979 -0.179377 0.982063 0.379473 0 0 0 1
10 0.998737 0.015317 0.0478424 0.0160109 -0.0201432 0.994572 0.102083 -0.280646 -0.0460191 -0.102918 0.993625 0.279309 0 0 0 1
11 0.995967 0.0368907 0.0817804 0.011046 -0.0401351 0.998457 0.0383888 -0.330049 -0.080238 -0.0415162 0.995911 0.214157 0 0 0 1
12 0.994377 0.0312846 0.101167 0.0285545 -0.0296696 0.999408 -0.0174296 -0.367985 -0.101653 0.01433 0.994717 0.132855 0 0 0 1
13 0.994082 0.00612128 0.108459 0.0541289 -0.00981968 0.999387 0.0335983 -0.339993 -0.108187 -0.0344645 0.993533 0.170033 0 0 0 1
14 0.993023 -0.00377935 0.117863 0.0692348 -0.0106695 0.992507 0.121718 -0.265868 -0.11744 -0.122126 0.985542 0.255343 0 0 0 1
15 0.993825 0.000350422 0.110961 0.0599491 -0.0195441 0.984914 0.171937 -0.213026 -0.109226 -0.173044 0.978839 0.335647 0 0 0 1
16 0.995896 -0.00471431 0.0903843 0.0523938 -0.0134941 0.979747 0.199786 -0.161202 -0.0894955 -0.200186 0.975662 0.39812 0 0 0 1
17 0.996176 0.0109255 0.0866852 0.0351125 -0.0338038 0.963079 0.267087 -0.0718272 -0.0805667 -0.268996 0.959766 0.480221 0 0 0 1
18 0.995812 0.0345408 0.0846509 0.0155406 -0.0581989 0.953552 0.295551 -0.0279238 -0.0705105 -0.29924 0.951569 0.509735 0 0 0 1
19 0.992298 0.0747748 0.0987607 -0.0143582 -0.0984436 0.959951 0.262303 -0.0772407 -0.0751917 -0.270006 0.959918 0.475142 0 0 0 1
20 0.995899 0.0560889 0.0709813 -0.0118682 -0.0704087 0.973218 0.218835 -0.158645 -0.0568061 -0.222936 0.973177 0.419375 0 0 0 1
21 0.998014 0.0342014 0.0528928 -8.02384e-005 -0.0419237 0.987403 0.152572 -0.22656 -0.0470084 -0.154486 0.986876 0.344354 0 0 0 1
22 0.999222 0.0117511 0.0376422 0.0138461 -0.0171345 0.989128 0.146056 -0.249581 -0.0355166 -0.146587 0.98856 0.324601 0 0 0 1
23 0.998344 0.0247937 0.0519176 0.00470088 -0.0278991 0.99781 0.0599698 -0.293204 -0.0503171 -0.0613189 0.996849 0.24885 0 0 0 1
24 0.994093 0.0419816 0.100081 0.0145994 -0.0393173 0.998822 -0.0284472 -0.364867 -0.101157 0.0243443 0.994573 0.119789 0 0 0 1
25 0.993516 0.0229838 0.111344 0.0419071 -0.0234085 0.999723 0.00250833 -0.351858 -0.111255 -0.00509845 0.993779 0.158249 0 0 0 1
26 0.991756 0.0167023 0.127044 0.0568371 -0.0252786 0.997486 0.0661963 -0.287032 -0.125619 -0.0688621 0.989686 0.225368 0 0 0 1
27 0.99343 0.0185327 0.112929 0.0465769 -0.0333033 0.990909 0.13035 -0.233028 -0.109487 -0.133255 0.985016 0.309417 0 0 0 1
28 0.995224 -0.00994407 0.0971065 0.0666 -0.0114712 0.97599 0.217511 -0.153895 -0.096938 -0.217586 0.971215 0.41592 0 0 0 1
29 0.996134 0.000465925 0.0878492 0.051298 -0.0240984 0.963077 0.268147 -0.0903097 -0.0844805 -0.269227 0.959364 0.476355 0 0 0 1
30 0.995346 0.00951057 0.0958956 0.0488533 -0.0336174 0.966871 0.253041 -0.0970508 -0.0903121 -0.255087 0.962691 0.465477 0 0 0 1
31 0.994301 0.0487066 0.0948312 0.0108356 -0.0707299 0.966949 0.244962 -0.120003 -0.0797657 -0.250273 0.964884 0.457703 0 0 0 1
32 0.993683 0.0645697 0.0917819 -0.00596774 -0.0807682 0.979324 0.185477 -0.182119 -0.077908 -0.191718 0.978353 0.396446 0 0 0 1
33 0.997219 0.0355565 0.0654953 0.00726623 -0.0466673 0.983137 0.176817 -0.213264 -0.0581039 -0.179381 0.982062 0.37947 0 0 0 1
34 0.998737 0.0153172 0.0478442 0.0160157 -0.0201436 0.994572 0.102083 -0.280645 -0.0460209 -0.102918 0.993625 0.279308 0 0 0 1
35 0.995967 0.0368907 0.0817804 0.011046 -0.0401351 0.998457 0.0383888 -0.330049 -0.080238 -0.0415162 0.995911 0.214157 0 0 0 1
36 0.994377 0.0312846 0.101167 0.0285545 -0.0296696 0.999408 -0.0174296 -0.367985 -0.101653 0.01433 0.994717 0.132855 0 0 0 1
37 0.994084 0.006123 0.108437 0.0541245 -0.009821 0.999387 0.0336016 -0.339993 -0.108165 -0.0344678 0.993535 0.170036 0 0 0 1
38 0.993023 -0.00377639 0.117861 0.0692311 -0.0106723 0.992507 0.12172 -0.265867 -0.117437 -0.122128 0.985542 0.255346 0 0 0 1
39 0.993826 0.000335249 0.110951 0.0599421 -0.0195278 0.984914 0.171941 -0.21304 -0.10922 -0.173046 0.978839 0.33564 0 0 0 1
40 0.995896 -0.0047165 0.0903826 0.0523947 -0.0134919 0.979746 0.199789 -0.161208 -0.0894943 -0.200189 0.975661 0.398121 0 0 0 1
41 0.996176 0.0109255 0.0866852 0.0351125 -0.0338038 0.963079 0.267087 -0.0718272 -0.0805667 -0.268996 0.959766 0.480221 0 0 0 1
42 0.995811 0.0345376 0.0846595 0.0155449 -0.0581983 0.953553 0.29555 -0.027919 -0.0705197 -0.299239 0.951569 0.509736 0 0 0 1
43 0.992297 0.0747789 0.0987646 -0.0143599 -0.0984483 0.959952 0.262299 -0.0772434 -0.0751948 -0.270001 0.959919 0.475138 0 0 0 1
44 0.9959 0.0560854 0.0709772 -0.0118654 -0.0704042 0.973219 0.218833 -0.158648 -0.056803 -0.222933 0.973178 0.419373 0 0 0 1
45 0.998014 0.0342034 0.0528904 -8.40906e-005 -0.0419255 0.987402 0.152575 -0.226558 -0.0470055 -0.154489 0.986876 0.344357 0 0 0 1
46 0.999223 0.0117475 0.0376314 0.0138431 -0.0171292 0.989129 0.146049 -0.249588 -0.0355066 -0.14658 0.988561 0.324594 0 0 0 1
47 0.998344 0.0247937 0.0519176 0.00470088 -0.0278991 0.99781 0.0599698 -0.293204 -0.0503171 -0.0613189 0.996849 0.24885 0 0 0 1
#####################################################
*BONEANIMATION, BONEINDEX=3, NFRAMES=48
0 0.940644 -0.147757 0.305542 0.0344679 0.262155 0.888082 -0.377605 0.140517 -0.215553 0.435291 0.874105 -0.182202 0 0 0 1
1 0.93489 -0.0346327 0.353243 0.0144047 0.354909 0.0789667 -0.93156 0.335071 0.00436806 0.996275 0.0861167 -0.165082 0 0 0 1
2 0.930619 0.138078 0.338945 0.0101807 0.349568 -0.609647 -0.71143 0.466134 0.108404 0.780554 -0.615617 -0.00966803 0 0 0 1
3 0.935166 0.136687 0.326775 0.00641863 0.352721 -0.443872 -0.823751 0.46634 0.0324503 0.885604 -0.463306 0.0662752 0 0 0 1
4 0.961671 0.110587 0.250919 0.0196876 0.251978 0.00451615 -0.967722 0.45668 -0.10815 0.993856 -0.0235224 0.0687621 0 0 0 1
5 0.708924 0.164745 0.685773 -0.10162 0.694274 0.00813148 -0.719665 0.543528 -0.124138 0.986303 -0.108614 0.121615 0 0 0 1
6 0.978617 0.177904 0.103238 0.0494029 0.104613 0.00166275 -0.994512 0.441515 -0.1771 0.984046 -0.0169839 0.140619 0 0 0 1
7 0.967616 0.110008 0.227197 0.0340362 0.109578 0.627768 -0.770649 0.301604 -0.227404 0.770588 0.595383 0.269444 0 0 0 1
8 0.969027 0.0488673 0.242072 0.0340133 0.00142814 0.979101 -0.203369 0.217143 -0.246951 0.197416 0.948706 0.473397 0 0 0 1
9 0.962329 0.0212455 0.271056 0.0287816 -0.0167187 0.99968 -0.0189988 0.151853 -0.271373 0.0137513 0.962376 0.49147 0 0 0 1
10 0.955598 -0.0509695 0.290231 0.0301397 0.0775723 0.993699 -0.0808996 0.0851005 -0.284279 0.0998214 0.953531 0.38411 0 0 0 1
11 0.959354 -0.0701757 0.273341 0.0348929 0.142849 0.95609 -0.255903 0.04277 -0.24338 0.284548 0.927253 0.174568 0 0 0 1
12 0.951929 -0.180534 0.247466 0.0391136 0.232466 0.951857 -0.19982 0.0568534 -0.199478 0.247742 0.948068 -0.0413799 0 0 0 1
13 0.929078 -0.0528715 0.366084 -0.00639099 0.363194 0.317769 -0.87585 0.287384 -0.0700229 0.946693 0.314435 -0.131428 0 0 0 1
14 0.932481 0.177096 0.314828 0.00909262 0.347947 -0.674459 -0.651182 0.498991 0.0970172 0.716758 -0.69054 -0.0252492 0 0 0 1
15 0.929954 0.17638 0.322609 0.00386715 0.366023 -0.527229 -0.766848 0.511029 0.0348318 0.831216 -0.554858 0.02979 0 0 0 1
16 0.858103 0.167978 0.485224 -0.0337069 0.503405 -0.0889554 -0.859459 0.510048 -0.101207 0.981769 -0.160894 0.0434277 0 0 0 1
17 0.968328 0.152974 0.19733 0.0312804 0.171263 0.168152 -0.97077 0.452315 -0.181684 0.973819 0.136627 0.124298 0 0 0 1
18 0.966219 0.174085 0.190038 0.0261614 0.0864936 0.475574 -0.875413 0.391388 -0.242774 0.862278 0.444452 0.230717 0 0 0 1
19 0.965964 0.0988306 0.239053 0.0290736 0.0197391 0.89328 -0.449067 0.243233 -0.257923 0.438501 0.860925 0.388741 0 0 0 1
20 0.9603 0.0145169 0.278593 0.0245148 -0.0267718 0.998832 0.0402346 0.166423 -0.277683 -0.0460957 0.959566 0.472958 0 0 0 1
21 0.954335 0.025495 0.297649 0.021544 -0.0450824 0.997232 0.0591278 0.113933 -0.295317 -0.0698465 0.952843 0.45588 0 0 0 1
22 0.948407 0.0734667 0.308428 0.0164748 -0.0430805 0.993622 -0.104207 0.0631082 -0.314116 0.0855434 0.945523 0.356196 0 0 0 1
23 0.956892 0.0274073 0.289148 0.0241503 0.0288138 0.981669 -0.188404 0.0312269 -0.289011 0.188613 0.938561 0.205272 0 0 0 1
24 0.940633 -0.14782 0.305548 0.0344679 0.262225 0.888047 -0.377638 0.140543 -0.215519 0.435341 0.874088 -0.182219 0 0 0 1
25 0.934891 -0.0346336 0.353242 0.0144049 0.354909 0.0789671 -0.93156 0.335071 0.00436878 0.996275 0.0861174 -0.165082 0 0 0 1
26 0.930618 0.13808 0.338946 0.01018 0.34957 -0.609645 -0.711431 0.466135 0.108403 0.780555 -0.615615 -0.00966877 0 0 0 1
27 0.935166 0.136687 0.326775 0.00641863 0.352721 -0.443872 -0.823751 0.46634 0.0324503 0.885604 -0.463306 0.0662752 0 0 0 1
28 0.961683 0.110623 0.250854 0.0197018 0.251911 0.00454205 -0.96774 0.45667 -0.108194 0.993852 -0.0234992 0.0687484 0 0 0 1
29 0.708925 0.164734 0.685775 -0.101621 0.694274 0.00813321 -0.719665 0.543531 -0.124131 0.986304 -0.108605 0.121616 0 0 0 1
30 0.978617 0.177905 0.103238 0.0494031 0.104612 0.00166416 -0.994512 0.441515 -0.1771 0.984046 -0.0169824 0.140619 0 0 0 1
31 0.967621 0.110003 0.227177 0.0340437 0.109565 0.627769 -0.77065 0.3016 -0.227388 0.770587 0.59539 0.269447 0 0 0 1
32 0.969019 0.0489396 0.24209 0.0340312 0.00135821 0.979102 -0.203367 0.217137 -0.246983 0.197395 0.948702 0.473406 0 0 0 1
33 0.96233 0.0212726 0.27105 0.0287843 -0.0167474 0.999679 -0.0189973 0.151846 -0.271368 0.0137423 0.962378 0.491472 0 0 0 1
34 0.955598 -0.0509678 0.290231 0.0301395 0.0775709 0.993699 -0.080901 0.0851003 -0.284279 0.0998223 0.953531 0.38411 0 0 0 1
35 0.959354 -0.0701757 0.273341 0.0348929 0.142849 0.95609 -0.255903 0.04277 -0.24338 0.284548 0.927253 0.174568 0 0 0 1
36 0.951929 -0.180534 0.247466 0.0391136 0.232466 0.951857 -0.19982 0.0568534 -0.199478 0.247742 0.948068 -0.0413799 0 0 0 1
37 0.929087 -0.0529569 0.366052 -0.00637852 0.36319 0.317774 -0.87585 0.28738 -0.0699395 0.946686 0.314473 -0.131406 0 0 0 1
38 0.932479 0.177116 0.314823 0.00911108 0.347958 -0.674451 -0.651184 0.498993 0.0969979 0.71676 -0.69054 -0.0252521 0 0 0 1
39 0.929957 0.176373 0.322603 0.00387076 0.366014 -0.527234 -0.766849 0.511029 0.034836 0.831214 -0.55486 0.0297923 0 0 0 1
40 0.858105 0.167978 0.485221 -0.0337058 0.503402 -0.0889575 -0.859461 0.510048 -0.101207 0.981769 -0.160895 0.0434283 0 0 0 1
41 0.968328 0.152974 0.19733 0.0312804 0.171263 0.168152 -0.97077 0.452315 -0.181684 0.973819 0.136627 0.124298 0 0 0 1
42 0.966218 0.174082 0.19005 0.0261571 0.0865042 0.475578 -0.87541 0.391389 -0.242777 0.862276 0.444453 0.230717 0 0 0 1
43 0.965966 0.0988369 0.239042 0.0290769 0.0197596 0.893227 -0.449172 0.243258 -0.257914 0.438608 0.860874 0.388741 0 0 0 1
44 0.960272 0.0144042 0.278694 0.0245186 -0.0266384 0.998838 0.040161 0.166436 -0.277792 -0.0459895 0.95954 0.472918 0 0 0 1
45 0.954334 0.0254855 0.297654 0.0215469 -0.0450801 0.997231 0.0591512 0.113954 -0.295322 -0.0698682 0.95284 0.455906 0 0 0 1
46 0.948405 0.0734623 0.308432 0.0164739 -0.0430778 0.993623 -0.1042 0.0631076 -0.31412 0.0855373 0.945522 0.356196 0 0 0 1
47 0.956892 0.0274073 0.289148 0.0241503 0.0288138 0.981669 -0.188404 0.0312269 -0.289011 0.188613 0.938561 0.205272 0 0 0 1
#####################################################
*BONEANIMATION, BONEINDEX=4, NFRAMES=48
0 0.956243 0.0155961 -0.292158 0.0026887 0.200509 0.692264 0.693229 -0.134731 0.213062 -0.721476 0.658845 0.612884 0 0 0 1
1 0.950061 0.0402686 -0.309457 -0.0120781 0.0992257 0.901195 0.421902 -0.235724 0.29587 -0.431538 0.852194 0.303714 0 0 0 1
2 0.948373 0.0298493 -0.315749 -0.00615867 0.0144994 0.99044 0.137181 -0.183867 0.316825 -0.134677 0.938874 0.0200344 0 0 0 1
3 0.915158 0.00171247 -0.403092 0.0433195 -0.0544345 0.991356 -0.119373 -0.0947241 0.399403 0.131188 0.90734 -0.215832 0 0 0 1
4 0.930328 0.0331353 -0.365229 0.00216391 -0.0735434 0.992536 -0.0972856 -0.0724356 0.359279 0.117368 0.925821 -0.18299 0 0 0 1
5 0.924094 0.0696601 -0.375762 -0.019565 -0.0659844 0.997563 0.0226595 -0.0866209 0.376425 0.00385487 0.926439 -0.0853781 0 0 0 1
6 0.942856 0.0616406 -0.327449 -0.0296965 -0.0623499 0.998019 0.00834181 -0.0766647 0.327315 0.0125513 0.944832 -0.0714554 0 0 0 1
7 0.946226 0.0485718 -0.319839 -0.0191379 0.024648 0.974967 0.220981 -0.132772 0.322566 -0.216982 0.921342 0.124729 0 0 0 1
8 0.946739 0.053065 -0.317599 -0.0204849 0.128606 0.84193 0.524036 -0.138153 0.295204 -0.536971 0.790264 0.408024 0 0 0 1
9 0.934869 0.0523235 -0.351116 -0.0137479 0.252258 0.597995 0.760768 -0.0654707 0.249772 -0.79979 0.545848 0.691246 0 0 0 1
10 0.939382 0.0439542 -0.340044 -0.00879201 0.277555 0.484797 0.829419 -0.00742542 0.201309 -0.873521 0.44321 0.806345 0 0 0 1
11 0.951557 0.0309046 -0.305916 -0.00706557 0.238062 0.555621 0.796626 -0.0551956 0.194593 -0.830861 0.521347 0.758719 0 0 0 1
12 0.95377 0.0186593 -0.299958 0.000726778 0.202587 0.697317 0.687538 -0.145246 0.221995 -0.71652 0.661299 0.619978 0 0 0 1
13 0.947029 0.0389841 -0.318772 -0.008573 0.13017 0.860814 0.491991 -0.220431 0.293583 -0.507425 0.810141 0.388147 0 0 0 1
14 0.950394 0.0489454 -0.307173 -0.0203521 0.0131994 0.980306 0.197042 -0.187712 0.310768 -0.191322 0.931031 0.0693347 0 0 0 1
15 0.943108 0.0345976 -0.330682 -0.0063697 -0.0349339 0.999377 0.00492815 -0.141759 0.330646 0.00690422 0.943729 -0.0988941 0 0 0 1
16 0.937229 0.0137406 -0.348443 0.0101193 -0.0268899 0.999096 -0.0329287 -0.112183 0.347675 0.0402314 0.936752 -0.116099 0 0 0 1
17 0.928842 0.050545 -0.367011 -0.0106161 -0.00115982 0.991041 0.133552 -0.116438 0.370473 -0.123623 0.92058 0.0270364 0 0 0 1
18 0.938787 0.0472378 -0.341244 -0.0152627 0.061734 0.951452 0.301543 -0.118026 0.338922 -0.304151 0.890295 0.185618 0 0 0 1
19 0.944118 0.0553227 -0.324933 -0.0227925 0.118436 0.863034 0.491065 -0.111171 0.307595 -0.502106 0.808254 0.364538 0 0 0 1
20 0.949652 0.030058 -0.311861 -0.0132804 0.180433 0.76128 0.622814 -0.103088 0.256134 -0.647727 0.717527 0.506813 0 0 0 1
21 0.943203 0.0423054 -0.329512 -0.0130668 0.226195 0.644666 0.730234 -0.0846058 0.243318 -0.763293 0.598482 0.647394 0 0 0 1
22 0.944874 0.0517271 -0.323322 -0.019141 0.233553 0.585603 0.776223 -0.0608624 0.22949 -0.808946 0.54124 0.712658 0 0 0 1
23 0.949997 0.0418884 -0.309437 -0.0141562 0.217368 0.62273 0.751637 -0.0798942 0.224181 -0.781315 0.582486 0.695219 0 0 0 1
24 0.956243 0.0155964 -0.292159 0.00268858 0.20051 0.692262 0.693231 -0.13473 0.213062 -0.721478 0.658843 0.612882 0 0 0 1
25 0.950072 0.0402059 -0.309429 -0.0120434 0.0992619 0.901205 0.421872 -0.23573 0.295821 -0.431524 0.852219 0.303705 0 0 0 1
26 0.948373 0.0298476 -0.315749 -0.00615745 0.0145006 0.99044 0.137179 -0.183868 0.316825 -0.134676 0.938874 0.020034 0 0 0 1
27 0.915158 0.00171247 -0.403092 0.0433195 -0.0544345 0.991356 -0.119373 -0.0947241 0.399403 0.131188 0.90734 -0.215832 0 0 0 1
28 0.930329 0.033138 -0.365225 0.00216204 -0.0735453 0.992536 -0.0972843 -0.0724347 0.359275 0.117367 0.925822 -0.18299 0 0 0 1
29 0.924095 0.0696539 -0.375761 -0.0195628 -0.0659811 0.997564 0.0226512 -0.0866205 0.376424 0.00386125 0.92644 -0.0853809 0 0 0 1
30 0.942855 0.0616287 -0.327453 -0.0296869 -0.0623355 0.99802 0.00834709 -0.0766704 0.327319 0.0125419 0.944831 -0.0714474 0 0 0 1
31 0.946226 0.0485734 -0.319839 -0.0191419 0.0246463 0.974967 0.220981 -0.132772 0.322566 -0.216981 0.921341 0.124728 0 0 0 1
32 0.946741 0.0530675 -0.317593 -0.0204868 0.128601 0.841929 0.524039 -0.138153 0.2952 -0.536972 0.790264 0.408025 0 0 0 1
33 0.934871 0.0523177 -0.351111 -0.0137541 0.252258 0.597994 0.760769 -0.0654715 0.249764 -0.799791 0.54585 0.691245 0 0 0 1
34 0.939384 0.0439745 -0.340035 -0.00881075 0.277536 0.484806 0.82942 -0.00742869 0.201324 -0.873516 0.443214 0.806337 0 0 0 1
35 0.951557 0.0309046 -0.305916 -0.00706557 0.238062 0.555621 0.796626 -0.0551956 0.194593 -0.830861 0.521347 0.758719 0 0 0 1
36 0.95377 0.0186593 -0.299958 0.000726778 0.202587 0.697317 0.687538 -0.145246 0.221995 -0.71652 0.661299 0.619978 0 0 0 1
37 0.947029 0.0389882 -0.318774 -0.00857156 0.130169 0.860813 0.491994 -0.220431 0.293587 -0.507427 0.810139 0.388148 0 0 0 1
38 0.950393 0.0489454 -0.307176 -0.0203501 0.0131994 0.980306 0.197041 -0.187713 0.310771 -0.191321 0.931031 0.0693352 0 0 0 1
39 0.943108 0.0346085 -0.33068 -0.00638057 -0.0349434 0.999377 0.0049339 -0.141762 0.330645 0.0069019 0.94373 -0.0988955 0 0 0 1
40 0.937229 0.0137457 -0.348444 0.0101168 -0.0268942 0.999096 -0.0329257 -0.112185 0.347676 0.0402301 0.936751 -0.116099 0 0 0 1
41 0.928842 0.050545 -0.367011 -0.0106161 -0.00115982 0.991041 0.133552 -0.116438 0.370473 -0.123623 0.92058 0.0270364 0 0 0 1
42 0.938775 0.0472709 -0.341271 -0.0152801 0.0617119 0.951452 0.301548 -0.118025 0.338958 -0.304146 0.890282 0.185613 0 0 0 1
43 0.944117 0.0553252 -0.324934 -0.0227924 0.118435 0.863035 0.491064 -0.11117 0.307598 -0.502106 0.808253 0.364538 0 0 0 1
44 0.949651 0.03006 -0.311863 -0.0132787 0.180433 0.76128 0.622813 -0.103089 0.256137 -0.647726 0.717527 0.506813 0 0 0 1
45 0.943202 0.0423056 -0.329514 -0.0130667 0.226197 0.644665 0.730234 -0.0846052 0.243319 -0.763294 0.59848 0.647394 0 0 0 1
46 0.944874 0.0517245 -0.323323 -0.0191394 0.233555 0.585606 0.776221 -0.0608639 0.229489 -0.808944 0.541243 0.712657 0 0 0 1
47 0.949997 0.0418884 -0.309437 -0.0141562 0.217368 0.62273 0.751637 -0.0798942 0.224181 -0.781315 0.582486 0.695219 0 0 0 1
#####################################################
*BONEANIMATION, BONEINDEX=5, NFRAMES=48
0 0.835107 0.00911199 0.550012 0.408757 0.409199 0.657931 -0.632205 -0.269477 -0.367631 0.753023 0.545714 -0.70171 0 0 0 1
1 0.815288 0.0166369 0.578817 0.419162 0.267529 0.875687 -0.401995 -0.244705 -0.513551 0.482592 0.709486 -0.391708 0 0 0 1
2 0.807546 0.134818 0.574189 0.365064 -0.000486331 0.973677 -0.227933 -0.172263 -0.589804 0.183787 0.786354 -0.122228 0 0 0 1
3 0.763607 0.0891937 0.639491 0.427095 -0.0855086 0.995659 -0.0367659 -0.0284279 -0.639994 -0.0266073 0.767919 0.0766671 0 0 0 1
4 0.777983 0.0844267 0.622587 0.415324 -0.166806 0.983124 0.0751225 0.0944398 -0.605738 -0.162295 0.778936 0.243252 0 0 0 1
5 0.79983 0.0729694 0.595774 0.406357 -0.185351 0.974098 0.129529 0.124628 -0.570891 -0.214029 0.792638 0.352655 0 0 0 1
6 0.77456 0.0933338 0.625577 0.41001 -0.140859 0.989668 0.0267505 -0.00126628 -0.616617 -0.108838 0.779704 0.3099 0 0 0 1
7 0.823197 0.0293087 0.566998 0.414812 -0.0323325 0.999466 -0.00472135 -0.0919086 -0.566834 -0.0144459 0.823705 0.273881 0 0 0 1
8 0.78872 0.0104859 0.614664 0.447008 0.0934867 0.98618 -0.136783 -0.205171 -0.607603 0.165347 0.776839 0.0368481 0 0 0 1
9 0.771909 -0.00238342 0.635728 0.464897 0.205512 0.947236 -0.245984 -0.244284 -0.601599 0.320528 0.73167 -0.179452 0 0 0 1
10 0.803726 0.00164826 0.594997 0.434981 0.364125 0.78951 -0.494051 -0.328643 -0.470571 0.613735 0.63395 -0.483038 0 0 0 1
11 0.833965 0.00132585 0.551816 0.41539 0.423734 0.639043 -0.641929 -0.330824 -0.353485 0.76917 0.532378 -0.677308 0 0 0 1
12 0.830834 -0.0464221 0.554581 0.436088 0.452299 0.636941 -0.624285 -0.256706 -0.324255 0.769513 0.550189 -0.705636 0 0 0 1
13 0.824824 0.0142974 0.565209 0.415217 0.352794 0.768173 -0.534272 -0.279508 -0.441817 0.640083 0.628563 -0.532865 0 0 0 1
14 0.779851 0.0405166 0.624652 0.435114 0.267035 0.881012 -0.390526 -0.228463 -0.566149 0.471356 0.676239 -0.340285 0 0 0 1
15 0.772649 0.0929796 0.627988 0.406089 0.0320422 0.982244 -0.184854 -0.120528 -0.634025 0.162949 0.75595 -0.038871 0 0 0 1
16 0.789066 0.0716944 0.610111 0.408827 -0.105982 0.994162 0.0202436 0.0563887 -0.605097 -0.0806342 0.792058 0.190765 0 0 0 1
17 0.790383 0.0833145 0.606922 0.404834 -0.17205 0.981024 0.0893889 0.0942294 -0.587958 -0.175073 0.789719 0.340879 0 0 0 1
18 0.797526 0.0830566 0.59754 0.397229 -0.155445 0.985325 0.0705118 0.0545407 -0.582914 -0.149119 0.798733 0.405305 0 0 0 1
19 0.862576 -0.00189195 0.505924 0.380185 0.027247 0.998715 -0.04272 -0.0936309 -0.505194 0.0506342 0.861519 0.328025 0 0 0 1
20 0.836033 -0.00294352 0.548671 0.413787 0.19525 0.936124 -0.292488 -0.250911 -0.512764 0.351658 0.783205 -0.137324 0 0 0 1
21 0.832886 0.00366419 0.553433 0.410253 0.272779 0.867364 -0.41626 -0.301406 -0.481553 0.497662 0.721415 -0.327359 0 0 0 1
22 0.851633 -0.00664686 0.524097 0.396748 0.335293 0.77547 -0.535 -0.359682 -0.402866 0.631349 0.662644 -0.459263 0 0 0 1
23 0.863153 0.00339846 0.504932 0.386561 0.368352 0.679735 -0.634253 -0.355121 -0.345376 0.73345 0.585464 -0.598079 0 0 0 1
24 0.835108 0.0091133 0.55001 0.408755 0.409196 0.657934 -0.632204 -0.269478 -0.367632 0.753021 0.545717 -0.701708 0 0 0 1
25 0.815287 0.0166371 0.578817 0.419162 0.267528 0.875688 -0.401995 -0.244705 -0.513551 0.482591 0.709486 -0.391708 0 0 0 1
26 0.807547 0.134814 0.574189 0.365065 -0.000487854 0.973679 -0.227925 -0.17226 -0.589804 0.18378 0.786357 -0.122222 0 0 0 1
27 0.763607 0.0891937 0.639491 0.427095 -0.0855086 0.995659 -0.0367659 -0.0284279 -0.639994 -0.0266073 0.767919 0.0766671 0 0 0 1
28 0.777984 0.0844293 0.622585 0.415322 -0.166808 0.983124 0.075121 0.0944388 -0.605735 -0.162295 0.778938 0.243254 0 0 0 1
29 0.799821 0.0729652 0.595787 0.406366 -0.185353 0.974097 0.129533 0.124629 -0.570903 -0.214034 0.792628 0.352648 0 0 0 1
30 0.774556 0.0933373 0.62558 0.41001 -0.140862 0.989668 0.0267475 -0.00126866 -0.61662 -0.108838 0.779701 0.309898 0 0 0 1
31 0.823199 0.0293059 0.566997 0.41481 -0.0323303 0.999466 -0.00471962 -0.0919071 -0.566832 -0.014446 0.823707 0.273882 0 0 0 1
32 0.788734 0.0105071 0.614645 0.446949 0.0934748 0.986177 -0.136809 -0.205186 -0.607586 0.165359 0.77685 0.0368503 0 0 0 1
33 0.771864 -0.00225303 0.635784 0.464906 0.205441 0.947233 -0.246055 -0.244351 -0.601681 0.320537 0.731598 -0.179518 0 0 0 1
34 0.803712 0.00167012 0.595017 0.434993 0.364106 0.789533 -0.494028 -0.328641 -0.47061 0.613706 0.633949 -0.483036 0 0 0 1
35 0.833965 0.00132585 0.551816 0.41539 0.423734 0.639043 -0.641929 -0.330824 -0.353485 0.76917 0.532378 -0.677308 0 0 0 1
36 0.830834 -0.0464221 0.554581 0.436088 0.452299 0.636941 -0.624285 -0.256706 -0.324255 0.769513 0.550189 -0.705636 0 0 0 1
37 0.824838 0.0142916 0.565188 0.41521 0.352788 0.768168 -0.534284 -0.279516 -0.441795 0.640089 0.628572 -0.53286 0 0 0 1
38 0.779851 0.0405164 0.624653 0.435114 0.267035 0.881012 -0.390526 -0.228463 -0.566149 0.471357 0.676238 -0.340286 0 0 0 1
39 0.772754 0.0931195 0.627838 0.405956 0.0320403 0.982195 -0.185113 -0.120708 -0.633897 0.163163 0.756011 -0.0389186 0 0 0 1
40 0.78907 0.0716776 0.610108 0.408832 -0.105912 0.994171 0.0201797 0.0563379 -0.605105 -0.0805406 0.792061 0.190725 0 0 0 1
41 0.790383 0.0833145 0.606922 0.404834 -0.17205 0.981024 0.0893889 0.0942294 -0.587958 -0.175073 0.789719 0.340879 0 0 0 1
42 0.797526 0.0830538 0.59754 0.39723 -0.155444 0.985325 0.0705149 0.0545438 -0.582915 -0.149122 0.798732 0.405306 0 0 0 1
43 0.862578 -0.00190167 0.50592 0.380178 0.0272559 0.998715 -0.0427164 -0.0936252 -0.505189 0.0506355 0.861522 0.328027 0 0 0 1
44 0.83603 -0.00294631 0.548676 0.41379 0.195255 0.936123 -0.292488 -0.25091 -0.512766 0.35166 0.783202 -0.137327 0 0 0 1
45 0.832891 0.00366227 0.553425 0.41025 0.272774 0.867365 -0.416259 -0.301406 -0.481546 0.497659 0.721422 -0.327353 0 0 0 1
46 0.851626 -0.00663953 0.524108 0.396754 0.3353 0.775462 -0.535007 -0.359649 -0.402873 0.631359 0.66263 -0.459306 0 0 0 1
47 0.863153 0.00339846 0.504932 0.386561 0.368352 0.679735 -0.634253 -0.355121 -0.345376 0.73345 0.585464 -0.598079 0 0 0 1
#####################################################
*BONEANIMATION, BONEINDEX=6, NFRAMES=48
0 0.977864 -0.0487278 -0.203489 -0.0517678 -0.0343347 0.921956 -0.385769 0.182628 0.206406 0.384216 0.899875 0.453814 0 0 0 1
1 0.976029 -0.04403 -0.21314 -0.0441563 -0.0225641 0.953573 -0.300315 0.0688657 0.216467 0.297925 0.929722 0.258609 0 0 0 1
2 0.969432 -0.0217199 -0.244399 -0.034356 -0.052183 0.955035 -0.291864 0.0796305 0.239749 0.295696 0.924708 0.0166269 0 0 0 1
3 0.959478 0.215761 0.181243 -0.135437 0.266674 -0.487493 -0.831406 0.317107 -0.0910304 0.846048 -0.525277 -0.122816 0 0 0 1
4 0.955726 -0.0368923 -0.291937 -0.0444827 -0.293659 -0.0562966 -0.954251 0.415073 0.0187695 0.997732 -0.0646379 -0.199526 0 0 0 1
5 0.993041 -0.00627402 -0.117604 -0.0831715 -0.107309 -0.459658 -0.881589 0.412506 -0.0485266 0.888074 -0.457132 -0.0644495 0 0 0 1
6 0.953714 -0.102441 -0.282729 -0.0458633 -0.272912 -0.689694 -0.670702 0.504396 -0.126289 0.716818 -0.685728 0.0365707 0 0 0 1
7 0.943994 -0.17063 -0.28242 -0.0346869 -0.323295 -0.649494 -0.688214 0.536202 -0.0660006 0.740975 -0.668282 0.187077 0 0 0 1
8 0.981748 -0.110718 -0.154633 -0.0643271 -0.18615 -0.392833 -0.900573 0.518228 0.0389646 0.912921 -0.406273 0.272208 0 0 0 1
9 0.964767 -0.00242172 -0.263093 -0.0501212 -0.242563 0.37916 -0.892973 0.383234 0.101917 0.925328 0.365214 0.402043 0 0 0 1
10 0.974471 0.073712 -0.212068 -0.0626142 -0.154829 0.904663 -0.397004 0.321569 0.162586 0.419703 0.892981 0.561864 0 0 0 1
11 0.975124 0.0286706 -0.219798 -0.0584583 -0.100659 0.940735 -0.323861 0.275282 0.197486 0.33793 0.920219 0.557507 0 0 0 1
12 0.976979 -0.0443512 -0.208674 -0.0562162 -0.0476741 0.908026 -0.416192 0.182838 0.20794 0.416559 0.885008 0.464217 0 0 0 1
13 0.967972 -0.0713192 -0.240716 -0.0345 -0.0131919 0.943029 -0.332448 0.0802801 0.250712 0.324976 0.911885 0.301114 0 0 0 1
14 0.973008 -0.0217479 -0.229746 -0.0380247 -0.0685284 0.923414 -0.377639 0.101608 0.220363 0.38319 0.896998 0.0806393 0 0 0 1
15 0.976814 -0.0383121 -0.210635 -0.0351543 -0.116369 0.730814 -0.672584 0.17426 0.179703 0.6815 0.709411 -0.153599 0 0 0 1
16 0.960165 -0.00733285 -0.279337 -0.0375607 -0.279106 -0.0735936 -0.957436 0.373413 -0.0135367 0.997261 -0.0727087 -0.135504 0 0 0 1
17 0.996433 0.0814403 0.0221212 -0.101262 0.0569363 -0.455278 -0.888527 0.379655 -0.0622906 0.886617 -0.458291 0.0359103 0 0 0 1
18 0.976748 -0.0516235 -0.208084 -0.062274 -0.20202 -0.546565 -0.812684 0.499798 -0.0717779 0.835824 -0.544285 0.1844 0 0 0 1
19 0.995052 -0.0414555 -0.0902966 -0.0917606 -0.0993439 -0.430515 -0.897099 0.468852 -0.00168433 0.901631 -0.432503 0.26719 0 0 0 1
20 0.910687 -0.0730282 -0.40659 -0.0201275 -0.412305 -0.0998044 -0.905563 0.451321 0.0255522 0.992324 -0.121001 0.321967 0 0 0 1
21 0.962111 0.0262235 -0.271394 -0.0442202 -0.260012 0.387865 -0.884282 0.35194 0.0820754 0.921343 0.379988 0.388019 0 0 0 1
