#####################################################
# (c) Binh Le (bhle2@cs.uh.edu)
#
# Running time: 292.531 (s)
# Repeat      : 16
#
#####################################################
*OBJFILENAME
..\Data\camel-gallop.obj
#####################################################
*BONEANIMATION, BONEINDEX=0, NFRAMES=48
0 0.987898 -0.0208058 0.153705 -0.0692589 0.140382 0.541356 -0.828991 0.573402 -0.0659611 0.840536 0.537725 -0.868337 0 0 0 1
1 0.987673 -0.0125031 0.15603 -0.081715 0.139342 0.524359 -0.840019 0.601206 -0.071313 0.851406 0.519637 -0.890684 0 0 0 1
2 0.99034 -0.0122317 0.138122 -0.0744184 0.126553 0.486835 -0.864278 0.707085 -0.056671 0.873408 0.48368 -0.916583 0 0 0 1
3 0.988959 -0.0313151 0.144845 -0.0601021 0.143947 0.435238 -0.888734 0.815354 -0.0352112 0.899771 0.43494 -0.935705 0 0 0 1
4 0.993041 -0.00027299 0.117765 -0.0881741 0.107117 0.417623 -0.902284 0.862417 -0.0489352 0.90862 0.414746 -0.91576 0 0 0 1
5 0.992952 -0.00824368 0.118228 -0.0744178 0.110672 0.421358 -0.900116 0.879541 -0.0423961 0.906857 0.419301 -0.902545 0 0 0 1
6 0.993965 -0.0277475 0.106127 -0.0465706 0.107758 0.42795 -0.897356 0.877973 -0.0205175 0.903376 0.428358 -0.892505 0 0 0 1
7 0.993135 -0.0149432 0.116012 -0.0611911 0.109254 0.472779 -0.874382 0.776975 -0.0417819 0.881055 0.471166 -0.864811 0 0 0 1
8 0.991341 -0.00796975 0.131067 -0.0752393 0.115323 0.530153 -0.840023 0.651245 -0.0627908 0.847864 0.526482 -0.839634 0 0 0 1
9 0.990572 0.00598645 0.136866 -0.0954476 0.107117 0.588966 -0.801027 0.516924 -0.0854045 0.808135 0.582772 -0.812342 0 0 0 1
10 0.989112 -0.00362679 0.147121 -0.0880018 0.121956 0.579723 -0.805635 0.510212 -0.0823673 0.814805 0.573853 -0.812232 0 0 0 1
11 0.98949 -0.0125457 0.144054 -0.0729366 0.127772 0.542281 -0.830425 0.558868 -0.0676994 0.840103 0.538185 -0.835624 0 0 0 1
12 0.987863 -0.0201864 0.154011 -0.0691962 0.14332 0.500727 -0.853658 0.624899 -0.0598851 0.86537 0.497542 -0.863221 0 0 0 1
13 0.986095 -0.0180227 0.1652 -0.0809825 0.153933 0.473624 -0.867171 0.67062 -0.062614 0.880543 0.469813 -0.887562 0 0 0 1
14 0.989543 -0.0107056 0.143841 -0.0782636 0.132681 0.45871 -0.878624 0.74102 -0.0565753 0.888521 0.455334 -0.91637 0 0 0 1
15 0.988833 0.00728723 0.14885 -0.110585 0.129004 0.458221 -0.879427 0.760396 -0.0746149 0.888808 0.452164 -0.921028 0 0 0 1
16 0.989825 0.00498853 0.142205 -0.107526 0.126193 0.430982 -0.893493 0.824594 -0.0657449 0.902347 0.425967 -0.910816 0 0 0 1
17 0.991225 -0.0101982 0.131791 -0.0843849 0.122164 0.451472 -0.883883 0.826781 -0.050486 0.892227 0.448757 -0.895861 0 0 0 1
18 0.992909 -0.0140879 0.118041 -0.0687518 0.110256 0.480409 -0.870087 0.788902 -0.0444503 0.876931 0.478555 -0.886975 0 0 0 1
19 0.990459 -0.00360667 0.137758 -0.0868464 0.119034 0.526083 -0.842062 0.704852 -0.0694353 0.850426 0.521493 -0.859435 0 0 0 1
20 0.990166 0.0121403 0.139371 -0.110351 0.108209 0.564961 -0.817991 0.622383 -0.0886697 0.825028 0.558092 -0.838847 0 0 0 1
21 0.987861 0.0178803 0.154309 -0.125479 0.111479 0.610185 -0.784377 0.51406 -0.108182 0.792057 0.600785 -0.823688 0 0 0 1
22 0.987813 0.0164694 0.154773 -0.122169 0.110958 0.622833 -0.774447 0.474002 -0.109152 0.782182 0.613415 -0.821402 0 0 0 1
23 0.989044 0.0117587 0.147153 -0.110363 0.112252 0.587484 -0.801412 0.523333 -0.0958735 0.80915 0.579728 -0.830578 0 0 0 1
24 0.987897 -0.0208062 0.153706 -0.0692597 0.140384 0.541357 -0.82899 0.573399 -0.065962 0.840535 0.537727 -0.868341 0 0 0 1
25 0.987673 -0.0125035 0.156034 -0.0817171 0.139346 0.524356 -0.84002 0.601209 -0.0713142 0.851407 0.519635 -0.890685 0 0 0 1
26 0.99034 -0.0122323 0.138122 -0.0744173 0.126553 0.486836 -0.864277 0.707084 -0.0566705 0.873408 0.483681 -0.916583 0 0 0 1
27 0.988959 -0.0313151 0.144845 -0.0601021 0.143947 0.435238 -0.888734 0.815354 -0.0352112 0.899771 0.43494 -0.935705 0 0 0 1
28 0.993042 -0.000272748 0.117763 -0.0881729 0.107115 0.417623 -0.902285 0.862418 -0.0489346 0.90862 0.414746 -0.91576 0 0 0 1
29 0.992952 -0.00824462 0.11823 -0.0744194 0.110675 0.421358 -0.900116 0.87954 -0.0423962 0.906857 0.419301 -0.902544 0 0 0 1
30 0.993965 -0.0277505 0.106125 -0.0465656 0.107758 0.427948 -0.897356 0.877975 -0.0205141 0.903377 0.428356 -0.892503 0 0 0 1
31 0.993135 -0.0149408 0.116015 -0.0611997 0.109255 0.472779 -0.874382 0.776975 -0.0417855 0.881055 0.471166 -0.864811 0 0 0 1
32 0.991341 -0.00796805 0.131071 -0.075244 0.115326 0.530156 -0.840021 0.65124 -0.0627948 0.847863 0.526484 -0.839633 0 0 0 1
33 0.990572 0.00598793 0.136861 -0.0954567 0.107112 0.588968 -0.801026 0.516919 -0.0854032 0.808134 0.582774 -0.812346 0 0 0 1
34 0.989112 -0.00362965 0.147121 -0.0879999 0.121958 0.579721 -0.805637 0.510216 -0.0823647 0.814807 0.573851 -0.812234 0 0 0 1
35 0.98949 -0.0125457 0.144054 -0.0729366 0.127772 0.542281 -0.830425 0.558868 -0.0676994 0.840103 0.538185 -0.835624 0 0 0 1
36 0.987863 -0.0201864 0.154011 -0.0691962 0.14332 0.500727 -0.853658 0.624899 -0.0598851 0.86537 0.497542 -0.863221 0 0 0 1
37 0.986096 -0.0180227 0.165196 -0.0809764 0.15393 0.473624 -0.867171 0.670619 -0.0626121 0.880543 0.469813 -0.887561 0 0 0 1
38 0.989543 -0.0107045 0.143841 -0.0782633 0.13268 0.45871 -0.878625 0.74102 -0.056576 0.888522 0.455333 -0.916368 0 0 0 1
39 0.988833 0.00729085 0.148851 -0.110596 0.129003 0.458222 -0.879426 0.76039 -0.0746184 0.888808 0.452164 -0.92103 0 0 0 1
40 0.989825 0.0049887 0.142206 -0.107527 0.126194 0.430983 -0.893493 0.824589 -0.0657457 0.902346 0.425968 -0.910817 0 0 0 1
41 0.991225 -0.0101982 0.131791 -0.0843849 0.122164 0.451472 -0.883883 0.826781 -0.050486 0.892227 0.448757 -0.895861 0 0 0 1
42 0.992909 -0.0140902 0.118041 -0.0687494 0.110257 0.480411 -0.870086 0.788899 -0.0444483 0.876931 0.478557 -0.886974 0 0 0 1
43 0.990459 -0.00360771 0.13776 -0.0868447 0.119036 0.526084 -0.84206 0.70485 -0.0694356 0.850425 0.521494 -0.859434 0 0 0 1
44 0.990165 0.0121402 0.139378 -0.110352 0.108215 0.564962 -0.81799 0.62238 -0.0886738 0.825027 0.558092 -0.838846 0 0 0 1
45 0.987861 0.0178814 0.15431 -0.125481 0.111479 0.610187 -0.784375 0.514056 -0.108184 0.792056 0.600786 -0.823688 0 0 0 1
46 0.987813 0.0164698 0.154773 -0.122171 0.110958 0.622831 -0.774448 0.474005 -0.109153 0.782183 0.613413 -0.821402 0 0 0 1
47 0.989044 0.0117587 0.147153 -0.110363 0.112252 0.587484 -0.801412 0.523333 -0.0958735 0.80915 0.579728 -0.830578 0 0 0 1
#####################################################
*BONEANIMATION, BONEINDEX=1, NFRAMES=48
0 0.951404 -0.118339 0.284301 0.0674862 0.207913 0.927875 -0.309549 -0.266546 -0.227164 0.353615 0.907388 -0.0439669 0 0 0 1
1 0.995308 -0.0190713 0.0948626 -0.0742816 0.0791373 0.724564 -0.684649 -0.402232 -0.0556768 0.688944 0.722673 -0.382429 0 0 0 1
2 0.918074 0.0888614 0.38632 0.142541 0.314309 0.430677 -0.846007 -0.453894 -0.241557 0.898121 0.367463 -0.632562 0 0 0 1
3 0.927548 -0.0634956 0.36827 0.142413 0.327602 0.612315 -0.719547 -0.427713 -0.179809 0.78806 0.588753 -0.379124 0 0 0 1
4 0.999519 0.00476425 0.0306488 -0.100581 0.0139905 0.812651 -0.582582 -0.303667 -0.0276824 0.582731 0.812194 -0.056222 0 0 0 1
5 0.99439 -0.0374251 -0.0989305 -0.172752 -0.0203753 0.850018 -0.526359 -0.224257 0.103792 0.525422 0.844487 0.0648265 0 0 0 1
6 0.997589 0.00438902 -0.0692556 -0.168934 -0.0335378 0.9042 -0.425791 -0.134733 0.060752 0.427087 0.902167 0.219821 0 0 0 1
7 0.997178 -0.0683622 0.0310206 -0.112202 0.0728855 0.980608 -0.18192 -0.0355923 -0.0179826 0.183668 0.982824 0.449557 0 0 0 1
8 0.988133 -0.0585036 0.142019 -0.0380191 0.0473697 0.995624 0.080553 0.112583 -0.146111 -0.0728697 0.986581 0.634207 0 0 0 1
9 0.949063 -0.0464226 0.311649 0.0796103 0.0209691 0.9962 0.0845349 0.103933 -0.314389 -0.0736939 0.946429 0.741703 0 0 0 1
10 0.922971 -0.0172918 0.38448 0.128654 0.0271771 0.999425 -0.0202917 -0.0662165 -0.383908 0.0291777 0.92291 0.614983 0 0 0 1
11 0.960791 -0.0715944 0.267872 0.0437618 0.0789784 0.996733 -0.0168782 -0.065174 -0.265789 0.0373725 0.963307 0.298736 0 0 0 1
12 0.958807 -0.112354 0.260895 0.0474842 0.194132 0.929672 -0.313086 -0.26962 -0.20737 0.350837 0.913187 -0.0523317 0 0 0 1
13 0.992062 -0.0437522 0.117891 -0.0625303 0.109745 0.758933 -0.641854 -0.382504 -0.0613891 0.649697 0.75771 -0.370587 0 0 0 1
14 0.960588 0.0923556 0.262186 0.0366007 0.202984 0.411354 -0.888586 -0.450927 -0.189917 0.906784 0.376395 -0.634125 0 0 0 1
15 0.949816 0.0414857 0.310046 0.0732784 0.230394 0.577646 -0.783099 -0.43195 -0.211584 0.815232 0.539099 -0.395595 0 0 0 1
16 0.999971 -0.00555116 0.0052885 -0.13057 0.00760664 0.804716 -0.593612 -0.301875 -0.000960503 0.593634 0.804734 -0.0711509 0 0 0 1
17 0.99691 -0.0177089 -0.0765358 -0.174897 -0.0111082 0.932694 -0.360496 -0.140444 0.0777685 0.360232 0.929615 0.200481 0 0 0 1
18 0.998937 -0.0166543 -0.0429863 -0.15552 0.00947497 0.986728 -0.162106 0.0171551 0.0451155 0.161526 0.985837 0.420527 0 0 0 1
19 0.995806 -0.0899243 0.0168525 -0.115595 0.0900393 0.995919 -0.00619704 0.096575 -0.0162265 0.00768844 0.999839 0.556332 0 0 0 1
20 0.964731 -0.0526586 0.257918 0.041231 0.0494597 0.998598 0.0188797 0.0921754 -0.25855 -0.00545725 0.965982 0.650576 0 0 0 1
21 0.927273 -0.029723 0.373203 0.124156 0.0250806 0.999536 0.0172897 0.0645403 -0.373544 -0.00667206 0.927588 0.727853 0 0 0 1
22 0.910857 -0.0324598 0.411445 0.151852 0.0512724 0.998079 -0.034766 -0.0243064 -0.409526 0.0527626 0.910772 0.69863 0 0 0 1
23 0.961018 -0.0654481 0.268629 0.0411236 0.0437667 0.99534 0.0859273 0.014059 -0.273001 -0.0708206 0.959403 0.464317 0 0 0 1
24 0.951406 -0.118341 0.284294 0.0674813 0.207913 0.927873 -0.309554 -0.26655 -0.227156 0.35362 0.907388 -0.0439681 0 0 0 1
25 0.995307 -0.0190688 0.0948693 -0.0742782 0.0791401 0.724563 -0.68465 -0.402233 -0.0556834 0.688945 0.722672 -0.382429 0 0 0 1
26 0.918092 0.088873 0.386274 0.142506 0.314263 0.430674 -0.846025 -0.453897 -0.241547 0.898121 0.367469 -0.632563 0 0 0 1
27 0.927548 -0.0634956 0.36827 0.142413 0.327602 0.612315 -0.719547 -0.427713 -0.179809 0.78806 0.588753 -0.379124 0 0 0 1
28 0.999519 0.00476904 0.0306544 -0.100578 0.0139897 0.812654 -0.582579 -0.303665 -0.0276897 0.582727 0.812196 -0.0562192 0 0 0 1
29 0.99439 -0.0374226 -0.0989315 -0.172753 -0.0203781 0.850017 -0.526361 -0.224257 0.103791 0.525424 0.844486 0.064827 0 0 0 1
30 0.997589 0.00438445 -0.0692665 -0.16894 -0.0335386 0.904198 -0.425795 -0.134735 0.0607637 0.427092 0.902164 0.219815 0 0 0 1
31 0.997181 -0.0683307 0.0309981 -0.112246 0.07285 0.980615 -0.1819 -0.0355697 -0.0179678 0.183645 0.982828 0.449568 0 0 0 1
32 0.988127 -0.0584977 0.142065 -0.0379458 0.0473622 0.995625 0.0805401 0.112577 -0.146155 -0.0728554 0.986575 0.634213 0 0 0 1
33 0.949054 -0.0464622 0.31167 0.0795319 0.0210062 0.996198 0.0845431 0.103929 -0.314413 -0.0736889 0.946422 0.7417 0 0 0 1
34 0.922981 -0.0173087 0.384456 0.12864 0.0271932 0.999424 -0.0202885 -0.0662179 -0.383884 0.0291805 0.92292 0.614984 0 0 0 1
35 0.960791 -0.0715944 0.267872 0.0437618 0.0789784 0.996733 -0.0168782 -0.065174 -0.265789 0.0373725 0.963307 0.298736 0 0 0 1
36 0.958807 -0.112354 0.260895 0.0474842 0.194132 0.929672 -0.313086 -0.26962 -0.20737 0.350837 0.913187 -0.0523317 0 0 0 1
37 0.992071 -0.0437851 0.117806 -0.0625368 0.109716 0.758923 -0.641871 -0.382508 -0.0613017 0.649706 0.75771 -0.370612 0 0 0 1
38 0.960583 0.0923594 0.262202 0.0366112 0.202997 0.411357 -0.888582 -0.450927 -0.189928 0.906783 0.376394 -0.634124 0 0 0 1
39 0.949815 0.0414656 0.31005 0.073282 0.230405 0.57766 -0.783085 -0.431944 -0.211575 0.815224 0.539116 -0.395581 0 0 0 1
40 0.999971 -0.00554449 0.00529429 -0.130567 0.00760472 0.804716 -0.593611 -0.301873 -0.00096913 0.593634 0.804735 -0.0711466 0 0 0 1
41 0.99691 -0.0177089 -0.0765358 -0.174897 -0.0111082 0.932694 -0.360496 -0.140444 0.0777685 0.360232 0.929615 0.200481 0 0 0 1
42 0.998935 -0.016593 -0.0430443 -0.155512 0.00940514 0.986729 -0.162104 0.0171672 0.0451628 0.161527 0.985834 0.420517 0 0 0 1
43 0.995806 -0.0899168 0.0168663 -0.115587 0.0900318 0.99592 -0.00618431 0.0965844 -0.0162414 0.00767688 0.999839 0.556336 0 0 0 1
44 0.964733 -0.052672 0.257906 0.0412234 0.0494732 0.998597 0.0188815 0.0921743 -0.258538 -0.00545615 0.965986 0.650577 0 0 0 1
45 0.927271 -0.0297199 0.373208 0.124159 0.0250768 0.999536 0.0172911 0.0645417 -0.373549 -0.00667463 0.927586 0.727853 0 0 0 1
46 0.910848 -0.0324574 0.411463 0.151866 0.0512806 0.998078 -0.0347877 -0.0243236 -0.409543 0.0527864 0.910762 0.69863 0 0 0 1
47 0.961018 -0.0654481 0.268629 0.0411236 0.0437667 0.99534 0.0859273 0.014059 -0.273001 -0.0708206 0.959403 0.464317 0 0 0 1
#####################################################
*BONEANIMATION, BONEINDEX=2, NFRAMES=48
0 0.977985 0.0680521 -0.197268 -0.206759 -0.0966627 0.98553 -0.139238 -0.419549 0.184938 0.155241 0.970411 -0.039023 0 0 0 1
1 0.982763 0.0597514 -0.17495 -0.187473 -0.0822903 0.988795 -0.12455 -0.420527 0.165547 0.136799 0.976668 0.000494545 0 0 0 1
2 0.98796 0.0490815 -0.146719 -0.162294 -0.0580241 0.996669 -0.057303 -0.37412 0.143418 0.0651263 0.987517 0.099345 0 0 0 1
3 0.985988 0.0375273 -0.162542 -0.157286 -0.0318788 0.998798 0.0372216 -0.313119 0.163743 -0.0315184 0.985999 0.220138 0 0 0 1
4 0.986715 0.0817142 -0.140414 -0.186957 -0.063007 0.989129 0.132864 -0.226147 0.149744 -0.122252 0.981138 0.335575 0 0 0 1
5 0.983105 0.0767892 -0.166157 -0.196734 -0.0519358 0.987463 0.149065 -0.190011 0.17552 -0.137917 0.974767 0.360581 0 0 0 1
6 0.979241 0.0636536 -0.192443 -0.191298 -0.0354802 0.988582 0.146449 -0.184567 0.199568 -0.136581 0.970319 0.351722 0 0 0 1
7 0.97919 0.0338611 -0.200101 -0.159739 -0.00634682 0.99061 0.136573 -0.207619 0.202846 -0.132461 0.97021 0.340705 0 0 0 1
8 0.978559 0.0332552 -0.203265 -0.157112 -0.0112291 0.994026 0.108569 -0.240026 0.205661 -0.103958 0.973086 0.303349 0 0 0 1
9 0.982629 0.0322907 -0.182751 -0.151882 -0.0179319 0.996659 0.0796843 -0.282336 0.184713 -0.075023 0.979925 0.268977 0 0 0 1
10 0.981174 0.0378409 -0.189381 -0.164622 -0.0462869 0.998112 -0.0403739 -0.369207 0.187496 0.0483797 0.981073 0.112841 0 0 0 1
11 0.970695 0.0531207 -0.234372 -0.204906 -0.0750373 0.9935 -0.0856027 -0.397192 0.228301 0.100681 0.968371 0.0483528 0 0 0 1
12 0.978353 0.0618514 -0.197484 -0.19701 -0.0903536 0.986198 -0.138745 -0.431779 0.186177 0.153585 0.970438 -0.0346813 0 0 0 1
13 0.982834 0.0543519 -0.176307 -0.185883 -0.0753754 0.990522 -0.114827 -0.421612 0.168395 0.126145 0.977615 -0.0108994 0 0 0 1
14 0.985632 0.050484 -0.161187 -0.172358 -0.0570383 0.997712 -0.0362948 -0.371832 0.158986 0.0449671 0.986256 0.0915857 0 0 0 1
15 0.988771 0.0524921 -0.139916 -0.159448 -0.0460559 0.997744 0.0488502 -0.308802 0.142165 -0.0418577 0.988958 0.221969 0 0 0 1
16 0.986766 0.0752164 -0.143652 -0.184877 -0.0605925 0.992772 0.103599 -0.239094 0.150406 -0.0935233 0.984191 0.307008 0 0 0 1
17 0.981591 0.0739778 -0.176087 -0.197271 -0.0492571 0.988807 0.140836 -0.174005 0.184535 -0.12957 0.974248 0.351773 0 0 0 1
18 0.977591 0.0646761 -0.20033 -0.19523 -0.0331037 0.987025 0.157116 -0.14241 0.207892 -0.146964 0.967048 0.36186 0 0 0 1
19 0.974718 0.0380227 -0.22018 -0.170868 -0.00833843 0.990918 0.134207 -0.184291 0.223283 -0.128978 0.966183 0.329978 0 0 0 1
20 0.984649 0.0518565 -0.166663 -0.156191 -0.0296054 0.990631 0.133321 -0.222321 0.172015 -0.126341 0.976959 0.327611 0 0 0 1
21 0.986124 0.0468535 -0.159263 -0.150536 -0.0369422 0.997225 0.0646345 -0.288798 0.161849 -0.0578541 0.985118 0.248505 0 0 0 1
22 0.984627 0.0473617 -0.168126 -0.158376 -0.0454378 0.99885 0.0152739 -0.33724 0.168656 -0.00739982 0.985647 0.179339 0 0 0 1
23 0.979744 0.05945 -0.191225 -0.18838 -0.0724964 0.995442 -0.0619633 -0.363118 0.186669 0.0745713 0.979589 0.0902631 0 0 0 1
24 0.977985 0.0680505 -0.197267 -0.206757 -0.096661 0.98553 -0.139239 -0.419549 0.184938 0.155241 0.970411 -0.039024 0 0 0 1
25 0.982763 0.0597517 -0.174948 -0.187472 -0.0822904 0.988795 -0.12455 -0.420527 0.165546 0.136799 0.976668 0.000494658 0 0 0 1
26 0.98796 0.0490822 -0.146719 -0.162294 -0.0580248 0.996669 -0.0573027 -0.374121 0.143417 0.0651261 0.987517 0.0993466 0 0 0 1
27 0.985988 0.0375273 -0.162542 -0.157286 -0.0318788 0.998798 0.0372216 -0.313119 0.163743 -0.0315184 0.985999 0.220138 0 0 0 1
28 0.986715 0.0817158 -0.140412 -0.186957 -0.0630085 0.989129 0.132866 -0.226146 0.149743 -0.122253 0.981138 0.335576 0 0 0 1
29 0.983105 0.076789 -0.166157 -0.196733 -0.0519358 0.987463 0.149063 -0.190012 0.17552 -0.137915 0.974768 0.36058 0 0 0 1
30 0.979241 0.0636542 -0.192445 -0.1913 -0.0354809 0.988582 0.146447 -0.184569 0.19957 -0.136579 0.970319 0.351719 0 0 0 1
31 0.979191 0.0338726 -0.200095 -0.159758 -0.00635874 0.990609 0.136576 -0.207616 0.202842 -0.132461 0.970211 0.340705 0 0 0 1
32 0.978559 0.0332485 -0.203264 -0.157101 -0.0112228 0.994026 0.108567 -0.240029 0.205659 -0.103958 0.973086 0.303348 0 0 0 1
33 0.982631 0.0322887 -0.182741 -0.151898 -0.0179299 0.996659 0.0796886 -0.282336 0.184703 -0.075028 0.979926 0.268977 0 0 0 1
34 0.981173 0.0378388 -0.189389 -0.164622 -0.0462851 0.998112 -0.0403736 -0.369207 0.187504 0.0483794 0.981072 0.11284 0 0 0 1
35 0.970695 0.0531207 -0.234372 -0.204906 -0.0750373 0.9935 -0.0856027 -0.397192 0.228301 0.100681 0.968371 0.0483528 0 0 0 1
36 0.978353 0.0618514 -0.197484 -0.19701 -0.0903536 0.986198 -0.138745 -0.431779 0.186177 0.153585 0.970438 -0.0346813 0 0 0 1
37 0.982834 0.0543383 -0.176309 -0.185861 -0.0753618 0.990523 -0.114826 -0.421615 0.168399 0.126142 0.977614 -0.0108996 0 0 0 1
38 0.985632 0.0504854 -0.161186 -0.172358 -0.0570394 0.997712 -0.0362933 -0.371831 0.158985 0.0449658 0.986256 0.091588 0 0 0 1
39 0.988772 0.0524881 -0.139909 -0.159456 -0.0460526 0.997744 0.0488467 -0.308816 0.142157 -0.0418551 0.988959 0.221956 0 0 0 1
40 0.986766 0.0752116 -0.143654 -0.184872 -0.0605876 0.992772 0.103597 -0.239102 0.150408 -0.0935225 0.984191 0.307004 0 0 0 1
41 0.981591 0.0739778 -0.176087 -0.197271 -0.0492571 0.988807 0.140836 -0.174005 0.184535 -0.12957 0.974248 0.351773 0 0 0 1
42 0.977595 0.0646587 -0.200318 -0.195206 -0.0330889 0.987026 0.157112 -0.14241 0.207878 -0.146963 0.967051 0.361861 0 0 0 1
43 0.974718 0.0380165 -0.220179 -0.170859 -0.00833253 0.990918 0.134206 -0.184291 0.223281 -0.128979 0.966183 0.329979 0 0 0 1
44 0.98465 0.0518509 -0.166662 -0.156185 -0.0296013 0.990632 0.133314 -0.222327 0.172013 -0.126334 0.97696 0.327605 0 0 0 1
45 0.986124 0.0468534 -0.15926 -0.150534 -0.0369416 0.997225 0.0646385 -0.288796 0.161847 -0.0578582 0.985118 0.24851 0 0 0 1
46 0.984628 0.0473573 -0.168121 -0.15837 -0.0454334 0.998851 0.0152742 -0.337242 0.168651 -0.00740113 0.985648 0.179341 0 0 0 1
47 0.979744 0.05945 -0.191225 -0.18838 -0.0724964 0.995442 -0.0619633 -0.363118 0.186669 0.0745713 0.979589 0.0902631 0 0 0 1
#####################################################
*BONEANIMATION, BONEINDEX=3, NFRAMES=48
0 0.977174 0.0283014 0.210549 0.0641392 -0.0470627 0.9953 0.084636 -0.0384092 -0.207164 -0.0926131 0.973913 -0.253312 0 0 0 1
1 0.915827 0.0720306 0.39506 0.0136436 0.189146 0.790445 -0.582598 0.190556 -0.354238 0.608283 0.710287 -0.400227 0 0 0 1
2 0.783015 0.161482 0.600675 -0.0644023 0.599452 0.0617629 -0.798024 0.504952 -0.165966 0.984941 -0.0484392 -0.201868 0 0 0 1
3 0.907254 0.105136 0.407231 -0.0108531 0.41622 -0.0853326 -0.905251 0.481766 -0.0604247 0.99079 -0.121178 0.0137125 0 0 0 1
4 0.966863 0.0806338 0.242226 0.0416759 0.225915 0.171667 -0.958902 0.440444 -0.118902 0.98185 0.147762 0.0925609 0 0 0 1
5 0.786303 0.162595 0.596062 -0.0484407 0.574343 0.163224 -0.802177 0.543636 -0.227722 0.973098 0.0349579 0.127982 0 0 0 1
6 0.981535 0.124877 0.144898 0.0613535 0.100578 0.30741 -0.946247 0.425988 -0.162707 0.943348 0.289174 0.137374 0 0 0 1
7 0.993037 0.112594 0.0346323 0.090953 -0.0716073 0.810404 -0.581479 0.229175 -0.0935372 0.57495 0.812824 0.311291 0 0 0 1
8 0.98591 0.153649 -0.0661315 0.101885 -0.146629 0.984082 0.100409 0.130172 0.0805066 -0.0892974 0.992746 0.58312 0 0 0 1
9 0.991061 0.132202 0.0178881 0.0836069 -0.13032 0.930709 0.341756 0.0550578 0.0285323 -0.341032 0.939619 0.585774 0 0 0 1
10 0.992039 0.0793494 0.0977835 0.0720796 -0.110136 0.923203 0.368193 -0.0634637 -0.0610581 -0.376032 0.924593 0.436495 0 0 0 1
11 0.986444 0.0824378 0.141885 0.0673878 -0.116593 0.960545 0.252506 -0.148168 -0.115471 -0.265626 0.957136 0.17375 0 0 0 1
12 0.98947 0.035623 0.140287 0.0690294 -0.053622 0.990492 0.12669 -0.0941366 -0.13444 -0.132879 0.981972 -0.0778581 0 0 0 1
13 0.926318 0.0383905 0.37478 -0.00147679 0.112842 0.92085 -0.373231 0.0988276 -0.359445 0.388022 0.848668 -0.327996 0 0 0 1
14 0.797561 0.140469 0.586656 -0.0604987 0.581916 0.0771239 -0.809583 0.547412 -0.158967 0.987077 -0.0202302 -0.252336 0 0 0 1
15 0.868377 0.118657 0.4815 -0.0306471 0.491309 -0.0739692 -0.867839 0.540036 -0.067359 0.990176 -0.12253 -0.0665231 0 0 0 1
16 0.881585 0.127981 0.454344 -0.0044994 0.441198 0.118729 -0.889521 0.498702 -0.167785 0.984644 0.0482047 0.0334986 0 0 0 1
17 0.963219 0.123687 0.238559 0.0381199 0.177793 0.37233 -0.910912 0.454565 -0.201491 0.919822 0.336644 0.132126 0 0 0 1
18 0.967223 0.126353 0.220261 0.0369074 0.0777369 0.678429 -0.730542 0.372561 -0.241738 0.723719 0.646369 0.241416 0 0 0 1
19 0.992412 0.107946 0.0588779 0.0800255 -0.0995652 0.986457 -0.130344 0.163516 -0.0721506 0.123492 0.989719 0.45265 0 0 0 1
20 0.981655 0.190342 -0.0111256 0.0824449 -0.173548 0.91616 0.361292 0.0716035 0.0789619 -0.352733 0.932386 0.59034 0 0 0 1
21 0.986146 0.160504 0.0418813 0.0732554 -0.162843 0.888657 0.428685 0.0163724 0.0315878 -0.429566 0.902483 0.555637 0 0 0 1
22 0.986089 0.133459 0.0990811 0.0633116 -0.159017 0.931002 0.328557 -0.0549051 -0.0483957 -0.339742 0.939273 0.418173 0 0 0 1
23 0.982565 0.113718 0.147083 0.0602321 -0.146423 0.960834 0.235285 -0.113999 -0.114566 -0.25272 0.960733 0.22297 0 0 0 1
24 0.977177 0.0282857 0.210537 0.0641434 -0.0470394 0.995303 0.0846075 -0.0383959 -0.207155 -0.09258 0.973918 -0.253339 0 0 0 1
25 0.915824 0.0720358 0.395065 0.0136414 0.189143 0.790448 -0.582594 0.190553 -0.354246 0.608278 0.710287 -0.400228 0 0 0 1
26 0.783019 0.161478 0.600671 -0.0643992 0.599447 0.0617638 -0.798028 0.504952 -0.165964 0.984942 -0.0484352 -0.201869 0 0 0 1
27 0.907254 0.105136 0.407231 -0.0108531 0.41622 -0.0853326 -0.905251 0.481766 -0.0604247 0.99079 -0.121178 0.0137125 0 0 0 1
28 0.966873 0.0806378 0.242187 0.0416854 0.225874 0.171675 -0.95891 0.440439 -0.118902 0.981848 0.147774 0.0925582 0 0 0 1
29 0.786308 0.162589 0.596057 -0.0484394 0.574339 0.163221 -0.80218 0.54364 -0.227715 0.9731 0.0349603 0.127985 0 0 0 1
30 0.981535 0.124876 0.144899 0.0613534 0.10058 0.307407 -0.946248 0.42599 -0.162707 0.943349 0.289171 0.137377 0 0 0 1
31 0.993038 0.11259 0.0346327 0.0909545 -0.071604 0.810404 -0.58148 0.229175 -0.0935356 0.574952 0.812823 0.311292 0 0 0 1
32 0.985904 0.153712 -0.0660794 0.1019 -0.146694 0.98407 0.100432 0.130164 0.0804644 -0.089323 0.992747 0.583127 0 0 0 1
33 0.991064 0.13218 0.0178778 0.0836118 -0.130296 0.930709 0.341766 0.0550619 0.0285358 -0.341042 0.939615 0.585775 0 0 0 1
34 0.992038 0.0793635 0.0977857 0.0720801 -0.110149 0.923205 0.368185 -0.0634665 -0.0610557 -0.376025 0.924596 0.436492 0 0 0 1
35 0.986444 0.0824378 0.141885 0.0673878 -0.116593 0.960545 0.252506 -0.148168 -0.115471 -0.265626 0.957136 0.17375 0 0 0 1
36 0.98947 0.035623 0.140287 0.0690294 -0.053622 0.990492 0.12669 -0.0941366 -0.13444 -0.132879 0.981972 -0.0778581 0 0 0 1
37 0.926342 0.0383679 0.374723 -0.00145698 0.112832 0.920858 -0.373216 0.0988178 -0.359386 0.388007 0.8487 -0.327977 0 0 0 1
38 0.797569 0.140438 0.586652 -0.0604746 0.581914 0.0771053 -0.809587 0.547412 -0.15893 0.987083 -0.0202259 -0.252327 0 0 0 1
39 0.868363 0.118634 0.481531 -0.030655 0.491336 -0.0739518 -0.867825 0.540038 -0.0673436 0.99018 -0.122506 -0.0665249 0 0 0 1
40 0.881585 0.127977 0.454345 -0.00449981 0.441198 0.118733 -0.88952 0.498702 -0.167784 0.984644 0.0482097 0.0334978 0 0 0 1
41 0.963219 0.123687 0.238559 0.0381199 0.177793 0.37233 -0.910912 0.454565 -0.201491 0.919822 0.336644 0.132126 0 0 0 1
42 0.967222 0.126343 0.220269 0.0369071 0.0777508 0.678423 -0.730546 0.372564 -0.241734 0.723726 0.646363 0.24142 0 0 0 1
43 0.992413 0.10794 0.0588737 0.0800268 -0.0995561 0.986451 -0.130393 0.163526 -0.0721506 0.123543 0.989713 0.452643 0 0 0 1
44 0.981669 0.190271 -0.0110561 0.0824643 -0.173507 0.916171 0.361285 0.0715804 0.0788711 -0.352744 0.93239 0.590299 0 0 0 1
45 0.986151 0.160476 0.0418728 0.0732627 -0.162814 0.888661 0.428687 0.0164072 0.0315833 -0.429568 0.902482 0.555668 0 0 0 1
46 0.986089 0.133457 0.0990879 0.0633098 -0.159017 0.931 0.32856 -0.0549051 -0.0484022 -0.339746 0.939271 0.418172 0 0 0 1
47 0.982565 0.113718 0.147083 0.0602321 -0.146423 0.960834 0.235285 -0.113999 -0.114566 -0.25272 0.960733 0.22297 0 0 0 1
#####################################################
*BONEANIMATION, BONEINDEX=4, NFRAMES=48
0 0.675591 0.101939 -0.730195 0.0446579 0.39484 0.786375 0.475096 -0.13393 0.622638 -0.609281 0.491018 0.53231 0 0 0 1
1 0.646118 0.113879 -0.754694 0.0421205 0.174017 0.940783 0.29094 -0.206778 0.743135 -0.319311 0.58804 0.210071 0 0 0 1
2 0.693591 0.16012 -0.702348 0.0189009 -0.0928666 0.986723 0.133243 -0.11019 0.714358 -0.0271913 0.699252 -0.0894932 0 0 0 1
3 0.800687 0.151736 -0.579548 -0.0115944 -0.213516 0.976144 -0.0394159 0.0468765 0.559742 0.155302 0.813984 -0.287672 0 0 0 1
4 0.845926 0.195475 -0.496185 -0.0498165 -0.203173 0.978364 0.0390501 0.0448158 0.493083 0.0677779 0.867338 -0.226605 0 0 0 1
5 0.860095 0.200327 -0.469153 -0.0699995 -0.156314 0.978924 0.131428 0.0217187 0.485594 -0.0397058 0.873282 -0.106036 0 0 0 1
6 0.841591 0.235286 -0.486173 -0.0841337 -0.157117 0.96785 0.196418 0.0215187 0.516757 -0.0889178 0.851502 -0.0292665 0 0 0 1
7 0.858017 0.15636 -0.489242 -0.0471739 0.0533457 0.920255 0.387666 -0.0347601 0.510843 -0.358723 0.781253 0.21937 0 0 0 1
8 0.858595 0.0768855 -0.506856 -0.00870715 0.282083 0.754708 0.592321 -0.0162223 0.428069 -0.65154 0.626301 0.493987 0 0 0 1
9 0.826343 0.0641137 -0.559506 0.012667 0.409039 0.614562 0.674538 -0.00801874 0.387098 -0.786259 0.481613 0.668549 0 0 0 1
10 0.758501 0.0785224 -0.646924 0.0275153 0.478554 0.606712 0.634734 -0.0283823 0.442337 -0.791034 0.422614 0.741704 0 0 0 1
11 0.722768 0.100728 -0.68371 0.0267904 0.454072 0.676592 0.579691 -0.0792657 0.520984 -0.729436 0.443281 0.682047 0 0 0 1
12 0.702986 0.0932548 -0.705064 0.0372222 0.395963 0.772188 0.496929 -0.144059 0.590783 -0.628513 0.505912 0.558355 0 0 0 1
13 0.583293 0.10591 -0.805327 0.0619534 0.26813 0.91078 0.313983 -0.194883 0.76673 -0.399077 0.502854 0.30811 0 0 0 1
14 0.649596 0.145158 -0.746294 0.0348143 -0.036351 0.986412 0.160221 -0.124308 0.75941 -0.0769502 0.646046 -0.0398486 0 0 0 1
15 0.731932 0.139545 -0.666936 0.0199328 -0.134861 0.989109 0.0589508 -0.0486364 0.667899 0.0467955 0.74278 -0.183974 0 0 0 1
16 0.815134 0.142596 -0.561447 -0.015546 -0.126802 0.989646 0.0672533 -0.00647202 0.565224 0.0163719 0.824775 -0.164287 0 0 0 1
17 0.803779 0.188782 -0.564181 -0.0391903 -0.0594737 0.969066 0.239529 -0.0202394 0.591948 -0.158975 0.790142 0.0197197 0 0 0 1
18 0.802727 0.193854 -0.563959 -0.0398938 0.0660894 0.910946 0.407197 -0.0139977 0.592673 -0.36414 0.71843 0.229251 0 0 0 1
19 0.80119 0.0991801 -0.590134 0.00337278 0.253981 0.836581 0.485413 -0.0197896 0.541838 -0.538791 0.64507 0.389981 0 0 0 1
20 0.901634 0.0246201 -0.4318 -0.00666592 0.273444 0.741067 0.613228 -0.0263728 0.33509 -0.67098 0.661438 0.510124 0 0 0 1
21 0.868743 0.0163507 -0.494992 0.0186941 0.354381 0.677667 0.644346 -0.0473225 0.345976 -0.735187 0.582925 0.616015 0 0 0 1
22 0.817355 0.0449694 -0.574376 0.0252939 0.390164 0.69034 0.609264 -0.0692322 0.423913 -0.722086 0.546708 0.637896 0 0 0 1
23 0.791222 0.0777567 -0.606566 0.0197741 0.369597 0.729425 0.575619 -0.0982577 0.487203 -0.679627 0.548398 0.609886 0 0 0 1
24 0.675588 0.101934 -0.730199 0.0446617 0.394852 0.786369 0.475096 -0.133929 0.622634 -0.609289 0.491012 0.532313 0 0 0 1
25 0.646128 0.113871 -0.754687 0.0421214 0.174017 0.940784 0.290936 -0.206776 0.743126 -0.31931 0.588051 0.210069 0 0 0 1
26 0.69359 0.16012 -0.702349 0.0189014 -0.0928664 0.986723 0.133242 -0.11019 0.714359 -0.027191 0.699251 -0.0894934 0 0 0 1
27 0.800687 0.151736 -0.579548 -0.0115944 -0.213516 0.976144 -0.0394159 0.0468765 0.559742 0.155302 0.813984 -0.287672 0 0 0 1
28 0.845929 0.19548 -0.496177 -0.0498203 -0.203176 0.978363 0.0390533 0.0448167 0.493075 0.067775 0.867343 -0.226604 0 0 0 1
29 0.860096 0.200326 -0.469153 -0.0700019 -0.156313 0.978924 0.131427 0.0217174 0.485594 -0.0397049 0.873283 -0.106034 0 0 0 1
30 0.841584 0.235292 -0.486184 -0.0841339 -0.157123 0.967849 0.196418 0.0215161 0.516768 -0.0889117 0.851496 -0.0292664 0 0 0 1
31 0.858012 0.156356 -0.489252 -0.0471716 0.0533527 0.920256 0.387663 -0.0347609 0.510851 -0.358723 0.781249 0.21937 0 0 0 1
32 0.858596 0.0768709 -0.506857 -0.0087023 0.282094 0.754708 0.592316 -0.0162241 0.428061 -0.651541 0.626305 0.493988 0 0 0 1
33 0.82634 0.0641104 -0.55951 0.0126669 0.409044 0.614561 0.674535 -0.00802006 0.387098 -0.78626 0.481613 0.668547 0 0 0 1
34 0.758513 0.0785325 -0.646908 0.0274976 0.478538 0.606709 0.634748 -0.0283807 0.442334 -0.791035 0.422616 0.741703 0 0 0 1
35 0.722768 0.100728 -0.68371 0.0267904 0.454072 0.676592 0.579691 -0.0792657 0.520984 -0.729436 0.443281 0.682047 0 0 0 1
36 0.702986 0.0932548 -0.705064 0.0372222 0.395963 0.772188 0.496929 -0.144059 0.590783 -0.628513 0.505912 0.558355 0 0 0 1
37 0.583284 0.10592 -0.805333 0.061953 0.268123 0.910782 0.313985 -0.194882 0.76674 -0.399071 0.502845 0.308108 0 0 0 1
38 0.649598 0.145161 -0.746291 0.0348124 -0.0363565 0.986411 0.160221 -0.124306 0.759408 -0.076947 0.646048 -0.0398485 0 0 0 1
39 0.731915 0.139538 -0.666955 0.0199404 -0.134856 0.98911 0.0589478 -0.0486397 0.667918 0.0467983 0.742762 -0.183975 0 0 0 1
40 0.81513 0.142593 -0.561453 -0.0155436 -0.126799 0.989646 0.0672522 -0.00647397 0.56523 0.0163723 0.824771 -0.164287 0 0 0 1
41 0.803779 0.188782 -0.564181 -0.0391903 -0.0594737 0.969066 0.239529 -0.0202394 0.591948 -0.158975 0.790142 0.0197197 0 0 0 1
42 0.802711 0.193868 -0.563977 -0.0398988 0.0660826 0.910948 0.407195 -0.0139983 0.592696 -0.364129 0.718416 0.229245 0 0 0 1
43 0.801168 0.0991884 -0.590162 0.0033766 0.253986 0.836586 0.485401 -0.0197901 0.541867 -0.538781 0.645054 0.389974 0 0 0 1
44 0.901615 0.0246115 -0.431838 -0.00665143 0.273472 0.741076 0.613205 -0.0263796 0.335117 -0.67097 0.661435 0.510118 0 0 0 1
45 0.868744 0.0163459 -0.494992 0.0186964 0.354387 0.677659 0.644351 -0.0473201 0.345968 -0.735195 0.582919 0.61602 0 0 0 1
46 0.817356 0.0449686 -0.574375 0.0252937 0.390162 0.690341 0.609263 -0.0692326 0.423912 -0.722085 0.54671 0.637896 0 0 0 1
47 0.791222 0.0777567 -0.606566 0.0197741 0.369597 0.729425 0.575619 -0.0982577 0.487203 -0.679627 0.548398 0.609886 0 0 0 1
#####################################################
*BONEANIMATION, BONEINDEX=5, NFRAMES=48
0 0.9534 0.180387 -0.241846 -0.151224 -0.278435 0.834772 -0.475005 -0.325649 0.116201 0.520208 0.846098 -0.359206 0 0 0 1
1 0.871579 0.123359 0.474481 0.313745 0.15684 0.846803 -0.508257 -0.339175 -0.46449 0.517404 0.718709 -0.421193 0 0 0 1
2 0.506483 0.133276 0.851888 0.499419 0.19847 0.943434 -0.265597 -0.179563 -0.839097 0.303595 0.451382 -0.482008 0 0 0 1
3 0.734288 0.00644726 0.678808 0.483038 0.022501 0.999174 -0.0338301 -0.0386748 -0.678465 0.0401149 0.733537 -0.0280983 0 0 0 1
4 0.766564 -0.00810338 0.642116 0.45924 -0.0199753 0.999136 0.0364556 0.0540945 -0.641857 -0.040772 0.76574 0.144141 0 0 0 1
5 0.732231 -0.0162189 0.680863 0.499201 -0.105921 0.98484 0.137372 0.112274 -0.67277 -0.172705 0.719412 0.230171 0 0 0 1
6 0.834259 -0.0680631 0.547156 0.423909 -0.0700433 0.97123 0.227612 0.107459 -0.546906 -0.228212 0.805489 0.351127 0 0 0 1
7 0.990936 -0.132356 0.0229666 0.157715 0.11976 0.947869 0.295298 0.112717 -0.060854 -0.289871 0.955129 0.520614 0 0 0 1
8 0.928352 -0.0475407 -0.368649 -0.138771 0.117058 0.978715 0.168568 -0.0152244 0.352788 -0.199644 0.914157 0.418151 0 0 0 1
9 0.830105 0.104818 -0.547666 -0.329238 -0.0709106 0.994043 0.0827697 -0.103208 0.553079 -0.0298722 0.832593 0.209188 0 0 0 1
10 0.707515 0.20972 -0.674863 -0.474655 -0.245593 0.968398 0.0434641 -0.154213 0.662651 0.13499 0.736662 -0.0640968 0 0 0 1
11 0.86841 0.122438 -0.480493 -0.288671 -0.25689 0.939939 -0.224772 -0.273379 0.424113 0.318627 0.847706 -0.198861 0 0 0 1
12 0.939627 0.160204 -0.302384 -0.181689 -0.2848 0.855987 -0.43148 -0.312948 0.189712 0.491549 0.849934 -0.35001 0 0 0 1
13 0.907508 0.124437 0.401179 0.27653 0.126233 0.830158 -0.543049 -0.349965 -0.400617 0.543464 0.737667 -0.445098 0 0 0 1
14 0.454287 0.143888 0.879159 0.507868 0.2915 0.908534 -0.299322 -0.199781 -0.841814 0.392253 0.370792 -0.60302 0 0 0 1
15 0.563586 0.0386328 0.825153 0.524928 0.148897 0.977793 -0.147477 -0.0944741 -0.812527 0.205979 0.545319 -0.273551 0 0 0 1
16 0.763288 -0.019813 0.645754 0.468911 0.0303901 0.999524 -0.005254 0.0307026 -0.645343 0.0236348 0.763527 0.0862068 0 0 0 1
17 0.795502 -0.0479415 0.604052 0.452832 -0.0664154 0.983961 0.165559 0.118754 -0.6023 -0.171821 0.779559 0.303691 0 0 0 1
18 0.806213 -0.0568327 0.588889 0.444776 -0.135679 0.951086 0.277538 0.16305 -0.575857 -0.303654 0.759067 0.426501 0 0 0 1
19 0.981366 -0.124403 0.14644 0.218345 0.0717256 0.944206 0.321452 0.146811 -0.178259 -0.304958 0.935534 0.548547 0 0 0 1
20 0.850065 0.0224367 -0.526199 -0.285221 0.029041 0.995575 0.0893657 -0.0570251 0.525876 -0.091248 0.845653 0.243797 0 0 0 1
21 0.707018 0.161098 -0.688603 -0.47057 -0.12277 0.986883 0.104827 -0.0806464 0.696458 0.0104258 0.717522 0.0467604 0 0 0 1
22 0.71902 0.201789 -0.66505 -0.470362 -0.202542 0.976224 0.077226 -0.138096 0.664821 0.0791733 0.742795 -0.0348454 0 0 0 1
23 0.834487 0.187885 -0.518006 -0.34794 -0.284186 0.952151 -0.11246 -0.224912 0.472091 0.241057 0.847952 -0.130196 0 0 0 1
24 0.953405 0.18038 -0.24183 -0.151211 -0.278423 0.834769 -0.475017 -0.325655 0.116189 0.520215 0.846095 -0.359212 0 0 0 1
25 0.871579 0.123357 0.474483 0.313746 0.15684 0.846804 -0.508255 -0.339174 -0.464491 0.517402 0.718709 -0.421192 0 0 0 1
26 0.506494 0.133277 0.851881 0.499415 0.19847 0.943432 -0.265603 -0.179568 -0.839091 0.303599 0.451391 -0.482 0 0 0 1
27 0.734288 0.00644726 0.678808 0.483038 0.022501 0.999174 -0.0338301 -0.0386748 -0.678465 0.0401149 0.733537 -0.0280983 0 0 0 1
28 0.76657 -0.0081063 0.642109 0.459236 -0.0199733 0.999136 0.0364584 0.0540959 -0.64185 -0.040773 0.765746 0.144146 0 0 0 1
29 0.732225 -0.0162168 0.68087 0.499202 -0.10592 0.984841 0.137365 0.112269 -0.672776 -0.1727 0.719407 0.230164 0 0 0 1
30 0.834265 -0.0680579 0.547148 0.423902 -0.0700446 0.97123 0.227609 0.107456 -0.546897 -0.228211 0.805496 0.351131 0 0 0 1
31 0.990938 -0.132345 0.0229585 0.157703 0.119751 0.947868 0.295308 0.112722 -0.0608442 -0.289883 0.955126 0.520617 0 0 0 1
32 0.928369 -0.0475057 -0.368611 -0.138796 0.117013 0.97872 0.168569 -0.0152299 0.352758 -0.199627 0.914172 0.418144 0 0 0 1
33 0.830089 0.104763 -0.547701 -0.329211 -0.0708465 0.994048 0.0827644 -0.103214 0.553112 -0.0298992 0.83257 0.209185 0 0 0 1
34 0.707514 0.209705 -0.674869 -0.47464 -0.245581 0.968402 0.0434545 -0.15422 0.662656 0.134991 0.736657 -0.0641015 0 0 0 1
35 0.86841 0.122438 -0.480493 -0.288671 -0.25689 0.939939 -0.224772 -0.273379 0.424113 0.318627 0.847706 -0.198861 0 0 0 1
36 0.939627 0.160204 -0.302384 -0.181689 -0.2848 0.855987 -0.43148 -0.312948 0.189712 0.491549 0.849934 -0.35001 0 0 0 1
37 0.907515 0.124427 0.401165 0.276528 0.12623 0.830162 -0.543044 -0.349965 -0.400602 0.543459 0.737679 -0.445089 0 0 0 1
38 0.454284 0.143887 0.87916 0.507868 0.291499 0.908535 -0.299319 -0.19978 -0.841816 0.39225 0.370791 -0.60302 0 0 0 1
39 0.563631 0.0386062 0.825124 0.524928 0.148943 0.977785 -0.14749 -0.0945032 -0.812488 0.206027 0.545359 -0.273557 0 0 0 1
40 0.763271 -0.0198267 0.645774 0.468928 0.0304187 0.999523 -0.00526568 0.0306844 -0.645362 0.0236627 0.763511 0.0861801 0 0 0 1
41 0.795502 -0.0479415 0.604052 0.452832 -0.0664154 0.983961 0.165559 0.118754 -0.6023 -0.171821 0.779559 0.303691 0 0 0 1
42 0.80622 -0.0568153 0.588881 0.444765 -0.135695 0.951083 0.277537 0.163049 -0.575843 -0.303665 0.759073 0.426513 0 0 0 1
43 0.98137 -0.124388 0.146424 0.218324 0.0717161 0.944207 0.32145 0.146809 -0.178239 -0.304961 0.935537 0.548553 0 0 0 1
44 0.85008 0.022443 -0.526174 -0.285202 0.0290286 0.995576 0.0893627 -0.0570273 0.525852 -0.0912396 0.845668 0.243803 0 0 0 1
45 0.707006 0.161099 -0.688614 -0.47058 -0.122765 0.986883 0.104835 -0.0806424 0.69647 0.0104188 0.71751 0.046755 0 0 0 1
46 0.718994 0.2018 -0.665075 -0.470384 -0.202603 0.976215 0.0771792 -0.138101 0.664831 0.0792545 0.742778 -0.034915 0 0 0 1
47 0.834487 0.187885 -0.518006 -0.34794 -0.284186 0.952151 -0.11246 -0.224912 0.472091 0.241057 0.847952 -0.130196 0 0 0 1
#####################################################
*BONEANIMATION, BONEINDEX=6, NFRAMES=48
0 0.925797 0.362919 -0.105784 -0.055274 -0.377694 0.899684 -0.218898 0.217612 0.01573 0.242609 0.969997 0.514219 0 0 0 1
1 0.930162 0.362082 -0.0607925 -0.0582179 -0.354818 0.843957 -0.402294 0.150823 -0.0943569 0.395768 0.91349 0.356642 0 0 0 1
2 0.989085 0.104431 -0.103946 -0.045072 -0.141167 0.873767 -0.465407 0.112426 0.0422216 0.475001 0.878972 0.0931535 0 0 0 1
3 0.76099 0.640241 0.104813 -0.0694591 0.391712 -0.32465 -0.860909 0.284214 -0.517162 0.696199 -0.497845 -0.0466902 0 0 0 1
4 0.914987 0.321268 -0.244103 -0.0401673 -0.167072 -0.249016 -0.95398 0.387378 -0.367269 0.913662 -0.174171 -0.119613 0 0 0 1
5 0.867935 0.493323 -0.0576377 -0.069556 0.181009 -0.422238 -0.888229 0.34044 -0.462521 0.760492 -0.45577 -0.00746981 0 0 0 1
6 0.813453 0.547247 -0.197016 -0.0414093 0.223742 -0.607086 -0.762487 0.414256 -0.536874 0.576167 -0.616278 0.0671899 0 0 0 1
7 0.847175 0.493965 -0.195685 -0.045112 0.0884624 -0.4943 -0.864779 0.475363 -0.523898 0.715308 -0.462456 0.185167 0 0 0 1
8 0.886145 0.446689 -0.123355 -0.0626265 -0.0628828 -0.147821 -0.987013 0.481779 -0.459122 0.882394 -0.102902 0.25751 0 0 0 1
9 0.890194 0.35509 -0.285421 -0.0356 -0.433595 0.468076 -0.770001 0.374602 -0.139821 0.809207 0.570643 0.392473 0 0 0 1
10 0.893576 0.370898 -0.252896 -0.0353024 -0.428608 0.872405 -0.234957 0.343992 0.133483 0.318345 0.93853 0.569951 0 0 0 1
11 0.900771 0.384612 -0.201705 -0.0417479 -0.420439 0.888652 -0.183109 0.317379 0.10882 0.249744 0.962178 0.589898 0 0 0 1
12 0.920977 0.368624 -0.126164 -0.0573595 -0.38842 0.894037 -0.223223 0.210756 0.03051 0.254588 0.966568 0.51314 0 0 0 1
13 0.914305 0.391113 -0.105249 -0.0455548 -0.399772 0.829721 -0.389546 0.166015 -0.0650294 0.398239 0.914974 0.394199 0 0 0 1
14 0.983162 0.179725 -0.0330461 -0.0603686 -0.168971 0.825245 -0.538906 0.133712 -0.0695837 0.535416 0.841717 0.180439 0 0 0 1
15 0.972109 0.218971 -0.0840024 -0.0472193 -0.185303 0.49756 -0.847406 0.20943 -0.143761 0.839337 0.524258 -0.0494091 0 0 0 1
16 0.898234 0.394515 -0.193738 -0.0381498 -0.120613 -0.202619 -0.971801 0.33529 -0.422645 0.896272 -0.134416 -0.0586607 0 0 0 1
17 0.820364 0.570244 0.0427136 -0.0644939 0.284836 -0.342715 -0.895218 0.319632 -0.495854 0.746571 -0.443578 0.0911494 0 0 0 1
18 0.818347 0.56181 -0.121151 -0.052381 0.152558 -0.415582 -0.89667 0.427577 -0.554107 0.715305 -0.425799 0.219568 0 0 0 1
19 0.872008 0.482901 -0.0800535 -0.0751603 0.017655 -0.194466 -0.98075 0.439035 -0.489173 0.853809 -0.178102 0.272503 0 0 0 1
20 0.858146 0.332124 -0.391508 -0.0230648 -0.440325 0.083985 -0.893902 0.427417 -0.264006 0.939489 0.218314 0.282171 0 0 0 1
21 0.893548 0.34738 -0.284427 -0.0338439 -0.43441 0.508936 -0.74315 0.338459 -0.113401 0.787598 0.605664 0.371037 0 0 0 1
