#####################################################
# (c) Binh Le (bhle2@cs.uh.edu)
#
# Running time: 13.625 (s)
# Repeat      : 11
#
#####################################################
*OBJFILENAME
..\Data\cat-poses.obj
#####################################################
*BONEANIMATION, BONEINDEX=0, NFRAMES=9
0 0.997817 0.0340711 -0.0565792 -0.0350574 0.0231113 0.622381 0.782373 0.122809 0.0618701 -0.781973 0.620234 0.451936 0 0 0 1
1 0.991343 0.0893393 -0.0962122 -0.063822 0.0271664 0.577364 0.816035 0.107925 0.128453 -0.811584 0.569939 0.480844 0 0 0 1
2 0.978964 0.0625834 -0.194197 -0.0902913 -0.165037 0.802526 -0.573337 -0.0151357 0.119967 0.593326 0.795972 -0.346854 0 0 0 1
3 -0.292757 -0.419313 0.859342 0.334605 0.944995 0.0102246 0.326926 0.22893 -0.145871 0.907784 0.393256 -0.714435 0 0 0 1
4 0.960803 0.00867148 -0.277097 -0.0639988 0.0265642 0.992032 0.123153 -0.0406526 0.275957 -0.125687 0.952917 0.0849745 0 0 0 1
5 0.998892 0.0370315 -0.0290558 -0.0055806 -0.0470601 0.798263 -0.600468 -0.101821 0.000957953 0.60117 0.799121 -0.489581 0 0 0 1
6 0.399211 0.833241 -0.382543 -0.739659 -0.861457 0.483718 0.154625 0.105419 0.313883 0.267817 0.910907 -0.197716 0 0 0 1
7 0.986043 0.0951771 -0.1366 -0.0687767 0.0443955 0.640457 0.76671 0.100164 0.16046 -0.762074 0.627293 0.497176 0 0 0 1
8 0.995703 0.0389409 -0.0840211 -0.0292307 0.0397212 0.640007 0.767342 0.0912274 0.083655 -0.767382 0.63571 0.489715 0 0 0 1
#####################################################
*BONEANIMATION, BONEINDEX=1, NFRAMES=9
0 0.235264 -0.843025 -0.483694 0.384426 0.705408 0.490459 -0.511712 -0.838736 0.668618 -0.220814 0.710064 -0.0673345 0 0 0 1
1 0.692203 0.523309 -0.496993 -0.69305 -0.691128 0.678972 -0.247666 -0.527505 0.207839 0.514922 0.83166 -0.297056 0 0 0 1
2 0.967828 -0.0104619 -0.251393 -0.420493 -0.208473 -0.592767 -0.777925 0.698804 -0.140879 0.805306 -0.575877 -2.11447 0 0 0 1
3 -0.948673 0.314675 0.0316107 0.182421 -0.271999 -0.862817 0.426102 1.11993 0.161358 0.395634 0.904123 -0.207599 0 0 0 1
4 0.0933103 0.962992 -0.252863 -0.778154 -0.938125 0.170105 0.301638 0.357737 0.333488 0.209072 0.91928 0.00240946 0 0 0 1
5 0.946246 0.262535 -0.188927 -0.431441 -0.314264 0.884438 -0.344976 -0.0223932 0.0765255 0.385805 0.919401 -0.29473 0 0 0 1
6 -0.984129 -0.148669 0.0968942 -0.232185 -0.167604 0.95811 -0.232238 -0.632236 -0.0583086 -0.244792 -0.967821 -1.08972 0 0 0 1
7 -0.188046 -0.239487 -0.952515 -0.824454 -0.910867 0.405277 0.0779261 -0.062076 0.36737 0.882268 -0.294352 -0.644213 0 0 0 1
8 -0.152529 -0.0768462 -0.985307 -0.993122 -0.902645 0.416815 0.107224 -0.121984 0.40245 0.905737 -0.132941 -0.465443 0 0 0 1
#####################################################
*BONEANIMATION, BONEINDEX=2, NFRAMES=9
0 0.627235 -0.00886753 -0.77878 0.497323 0.235316 0.955359 0.178647 -0.433128 0.74243 -0.295313 0.601321 0.446739 0 0 0 1
1 0.738974 -0.0869927 -0.668094 0.493882 0.0368115 0.995361 -0.0888893 0.0882518 0.672727 0.0410934 0.738749 -0.00449206 0 0 0 1
2 0.99977 0.0170615 0.0129612 -0.0215054 -0.0166571 0.99939 -0.0306927 -0.00757739 -0.013477 0.0304697 0.999445 -0.0162135 0 0 0 1
3 0.0048143 0.989255 0.14612 -0.544622 0.99845 -0.0128569 0.0541469 0.16997 0.0554438 0.145633 -0.987784 0.861194 0 0 0 1
4 0.644275 -0.139994 -0.751871 0.59214 0.755013 0.273145 0.596109 0.855054 0.121918 -0.951732 0.281679 0.381756 0 0 0 1
5 0.654909 0.181471 -0.733596 0.294302 -0.136543 0.983178 0.121313 -0.440301 0.74327 0.0207186 0.668671 0.12838 0 0 0 1
6 -0.243032 -0.935776 0.255459 -0.148501 -0.969141 0.22304 -0.104976 0.104613 0.0412562 -0.273088 -0.961104 0.741529 0 0 0 1
7 0.740773 -0.0739865 -0.667668 0.481983 0.166623 0.983093 0.0759269 0.0205742 0.650763 -0.167493 0.740577 0.172209 0 0 0 1
8 0.983479 0.00379239 -0.180982 0.117928 -0.101477 0.839469 -0.533849 0.459266 0.149904 0.543395 0.825985 -0.389849 0 0 0 1
#####################################################
*BONEANIMATION, BONEINDEX=3, NFRAMES=9
0 0.855917 -0.14966 0.494983 -0.227626 -0.327459 0.583967 0.742801 -0.366634 -0.400222 -0.797862 0.45082 0.389955 0 0 0 1
1 0.976893 0.0953973 0.191258 -0.0957497 -0.144542 0.954072 0.2624 -0.164911 -0.157442 -0.283981 0.945815 -0.0745907 0 0 0 1
2 -0.328391 -0.235845 -0.914624 0.309644 0.162711 0.939724 -0.300738 0.238834 0.930422 -0.247579 -0.270222 1.03195 0 0 0 1
3 -0.0749684 -0.260352 0.962599 -0.290414 0.952884 -0.303234 -0.00780327 0.214457 0.293924 0.91666 0.270818 -0.361456 0 0 0 1
4 0.998495 -0.0418432 -0.0354566 0.016775 0.01678 -0.382415 0.923838 1.15774 -0.0522155 -0.923043 -0.381137 0.632865 0 0 0 1
5 0.981809 -0.17227 -0.0798336 0.0529912 0.187677 0.81681 0.545527 -0.241072 -0.0287692 -0.550586 0.834283 0.505753 0 0 0 1
6 0.072347 0.462586 -0.883618 -0.14103 -0.994393 -0.0350573 -0.0997697 0.175471 -0.0771293 0.885881 0.457456 -0.641638 0 0 0 1
7 0.999094 -0.0372128 0.0206668 0.0207699 0.0325322 0.980648 0.193059 -0.0834595 -0.0274511 -0.192212 0.980969 -0.0971165 0 0 0 1
8 0.767028 -0.594758 0.240688 0.0655033 0.380844 0.723934 0.57522 0.229421 -0.516359 -0.349545 0.781788 0.359112 0 0 0 1
#####################################################
*BONEANIMATION, BONEINDEX=4, NFRAMES=9
0 0.999918 0.0120402 0.0043586 -0.00870886 -0.011107 0.984919 -0.172658 -0.319169 -0.00637171 0.172595 0.984972 -0.0994117 0 0 0 1
1 0.999907 0.002365 0.0134404 -0.00350752 -0.00720168 0.928012 0.37248 -0.149787 -0.0115919 -0.372542 0.927943 0.16921 0 0 0 1
2 0.999652 -0.013792 0.0224879 0.00112746 0.014022 0.999851 -0.0101002 -0.0117584 -0.0223452 0.010412 0.999696 0.000189433 0 0 0 1
3 -0.0368552 -0.222329 0.974275 -0.199662 0.99932 -0.0096498 0.0356005 0.182721 0.00148653 0.974924 0.222534 -0.459506 0 0 0 1
4 0.999948 -0.00336705 -0.00960027 0.0113124 0.00997247 0.137686 0.990426 0.708754 -0.00201299 -0.99047 0.137712 0.506003 0 0 0 1
5 0.999232 -0.0251467 -0.0300374 0.0231055 0.0191554 0.982496 -0.185297 -0.207345 0.0341713 0.184579 0.982223 -0.181028 0 0 0 1
6 -0.003053 -0.34074 -0.940152 0.120408 -0.99888 -0.0433475 0.0189542 0.181092 -0.0472118 0.939158 -0.340227 -0.481591 0 0 0 1
7 0.999915 0.00756413 0.0106317 -0.00451705 -0.0104999 0.950193 0.311485 -0.100505 -0.00774609 -0.31157 0.950192 0.143033 0 0 0 1
8 0.999627 0.0199785 -0.0186395 0.000902287 -0.0147454 0.96876 0.247562 -0.0916439 0.0230031 -0.247195 0.968693 0.0980718 0 0 0 1
#####################################################
*BONEANIMATION, BONEINDEX=5, NFRAMES=9
0 0.922441 0.261024 0.28455 -0.00752276 -0.188796 0.947704 -0.257319 -0.631026 -0.336836 0.18364 0.923481 -0.146023 0 0 0 1
1 0.959226 -0.276721 -0.0575358 0.196875 0.273889 0.960327 -0.0524963 -0.712658 0.06978 0.0345974 0.996962 -0.0159569 0 0 0 1
2 -0.734899 -0.524779 -0.429571 0.182294 0.42408 0.138697 -0.894941 0.0168043 0.529226 -0.839864 0.12062 0.268642 0 0 0 1
3 -0.167231 0.687169 -0.706989 -1.0787 0.843321 0.471167 0.258479 -0.038024 0.510729 -0.552993 -0.658297 -0.632576 0 0 0 1
4 0.458755 -0.802193 -0.382138 0.254425 0.758724 0.129809 0.638347 0.512333 -0.462473 -0.582782 0.668194 0.428527 0 0 0 1
5 0.856915 -0.490294 -0.159086 0.273136 0.35748 0.787624 -0.501853 -0.196651 0.371355 0.373175 0.850197 -0.286039 0 0 0 1
6 -0.058818 0.0597575 0.996479 0.499988 0.398397 0.916674 -0.031456 -0.271237 -0.915325 0.395144 -0.0777241 -0.85071 0 0 0 1
7 -0.503494 -0.855297 0.122313 0.513677 -0.856435 0.475369 -0.201356 -0.360109 0.114076 -0.206135 -0.971851 -0.679415 0 0 0 1
8 0.0961806 -0.576561 0 0.249808 -0.114208 0.691106 0 -0.372485 0 0 -1 -0.875626 0 0 0 1
#####################################################
*BONEANIMATION, BONEINDEX=6, NFRAMES=9
0 0.953285 0.182971 0.240354 0.0320926 -0.301564 0.622651 0.722056 0.298417 -0.0175418 -0.760807 0.648741 0.406707 0 0 0 1
1 0.978486 0.0637173 0.196229 0.0802244 -0.197058 0.570324 0.797433 0.245599 -0.0611035 -0.818945 0.57061 0.511838 0 0 0 1
2 0.482319 0.0446749 -0.874856 -0.25764 0.125814 0.984812 0.119653 0.0483361 0.866914 -0.16778 0.469373 -0.0529884 0 0 0 1
3 0.764111 -0.280841 0.580744 0.130207 0.63679 0.184473 -0.748644 -0.151188 0.103118 0.941859 0.319794 -0.75495 0 0 0 1
4 0.878482 -0.0109368 0.477651 0.213297 -0.106971 0.969856 0.218945 -0.0448671 -0.465647 -0.243434 0.850831 0.0999481 0 0 0 1
5 0.919285 -0.23038 0.319125 0.105574 0.19809 0.971436 0.130664 0.049791 -0.340111 -0.056902 0.938662 -0.276926 0 0 0 1
6 -0.0256808 0.946757 -0.320923 -0.589522 -0.640887 -0.261969 -0.721551 0.00355007 -0.767205 0.187145 0.613492 -0.131024 0 0 0 1
7 0.993266 -0.0194162 0.114217 0.0605097 -0.0703014 0.682603 0.7274 0.2187 -0.0920883 -0.730531 0.676642 0.573571 0 0 0 1
8 0.957084 0.0316882 0.288072 0.114309 -0.215572 0.742191 0.634572 0.18553 -0.193696 -0.669439 0.71717 0.545905 0 0 0 1
#####################################################
*BONEANIMATION, BONEINDEX=7, NFRAMES=9
0 0.78741 0.0813965 -0.611032 0.288202 0.49469 0.507978 0.705153 -0.351694 0.367788 -0.857516 0.359721 0.404628 0 0 0 1
1 0.978936 0.0381552 -0.200571 0.0568344 -0.0177658 0.994575 0.102491 -0.079256 0.203394 -0.0967686 0.974303 -0.0753359 0 0 0 1
2 0.99551 0.0933493 0.0156872 -0.0343778 -0.0849213 0.953967 -0.287637 0.217633 -0.0418158 0.285013 0.957611 -0.271656 0 0 0 1
3 0.387061 -0.501426 0.773793 -0.0939922 0.86985 0.476941 -0.126047 0.0425295 -0.305851 0.721872 0.62077 -0.409133 0 0 0 1
4 0.995583 0.0824414 -0.0449315 -0.0101522 0.0930553 -0.802715 0.589058 1.5037 0.0124956 -0.590637 -0.806841 0.616318 0 0 0 1
5 0.999318 0.00391698 -0.0367082 0.0196795 0.0287866 0.539847 0.841271 -0.371508 0.0231121 -0.841754 0.539366 0.649633 0 0 0 1
6 -0.229982 -0.0154426 -0.973072 0.0203155 -0.965927 -0.118348 0.230171 0.155947 -0.118716 0.992852 0.0123015 -0.529507 0 0 0 1
7 0.948083 0.184001 -0.259389 0.0235834 -0.173264 0.982802 0.0638699 -0.000805033 0.26668 -0.015611 0.963659 -0.0957267 0 0 0 1
8 0.970155 0.231484 -0.0722059 -0.0683337 -0.225079 0.970448 0.0870011 0.00382536 0.0902115 -0.0681525 0.993588 -0.0700988 0 0 0 1
#####################################################
*BONEANIMATION, BONEINDEX=8, NFRAMES=9
0 0.998917 -0.0349316 -0.0307328 0.00880925 0.0453158 0.880168 0.472493 -0.271643 0.0105451 -0.473374 0.880798 0.312848 0 0 0 1
1 0.999824 -0.00900838 -0.0164833 0.00258124 0.0184081 0.644618 0.764284 -0.0445141 0.00374049 -0.764452 0.64467 0.465893 0 0 0 1
2 0.997914 0.0645582 0.000298651 -0.0430474 -0.0644956 0.99713 -0.0396371 -0.0101901 -0.0028567 0.0395352 0.999214 -0.0287313 0 0 0 1
3 -0.0305318 -0.999534 -1.7971e-005 0.389959 0.99844 -0.0304975 -0.0467715 0.200766 0.0467491 -0.00144596 0.998906 0.00193848 0 0 0 1
4 0.998898 0.0425749 -0.0197688 -0.0206313 -0.00752549 0.560946 0.827818 0.432976 0.0463335 -0.826757 0.560648 0.446448 0 0 0 1
5 0.998757 0.0467181 0.0173994 -0.0164684 -0.0280718 0.81545 -0.578146 -0.101 -0.0411982 0.576939 0.815748 -0.435281 0 0 0 1
6 0.742269 0.656174 -0.135916 -0.520507 -0.656637 0.752691 0.0477868 -0.218012 0.133659 0.053777 0.989567 -0.0800104 0 0 0 1
7 0.998041 -0.0178501 -0.0599683 0.00542868 0.0623058 0.371285 0.926426 0.2 0.00572851 -0.928347 0.37167 0.549293 0 0 0 1
8 0.997645 0.0527647 -0.0438219 -0.029721 0.0254443 0.308608 0.950849 0.245725 0.063695 -0.949725 0.306539 0.543529 0 0 0 1
#####################################################
*BONEANIMATION, BONEINDEX=9, NFRAMES=9
0 0.965333 0.244484 -0.0914331 -0.0945745 -0.247789 0.96845 -0.0265618 -0.316585 0.0820545 0.0482971 0.995457 -0.188437 0 0 0 1
1 0.992736 0.118468 0.0210002 -0.0457196 -0.100993 0.725653 0.680609 -0.0820988 0.0653917 -0.677786 0.732346 0.321784 0 0 0 1
2 0.946183 -0.30309 -0.113465 0.162553 0.239267 0.891207 -0.38536 0.0963256 0.217919 0.337472 0.915764 -0.204197 0 0 0 1
3 -0.0845425 -0.751922 -0.653809 0.437824 0.996021 -0.082339 -0.0340982 0.259316 -0.0281948 -0.65409 0.755891 0.220911 0 0 0 1
4 0.926717 -0.372789 -0.0471527 0.200077 -0.00819837 -0.145516 0.989322 0.843652 -0.37567 -0.916435 -0.137908 0.573711 0 0 0 1
5 0.933271 -0.338807 0.11923 0.146464 0.357569 0.907762 -0.219347 -0.243305 -0.0339163 0.247344 0.968334 -0.149567 0 0 0 1
6 0.567459 0.678692 -0.466226 -0.436057 -0.492095 0.733509 0.468835 -0.372617 0.660176 -0.0366177 0.750218 -0.185835 0 0 0 1
7 0.991562 0.123779 0.0385261 -0.0519572 -0.121721 0.786709 0.605205 -0.0744268 0.0446026 -0.604788 0.795137 0.293233 0 0 0 1
8 0.93159 -0.357799 0.0641914 0.209541 0.334291 0.912608 0.235363 -0.213771 -0.142794 -0.197803 0.969785 0.103872 0 0 0 1
#####################################################
*VERTEXWEIGHTS, NVERTICES=7207  #(vtx0Based bone0 w0 bone1 w1 ... )
0  8 0.820998 0 0.111436 5 0.0348364 9 0.0327304
1  8 0.817708 0 0.105435 9 0.0476545 5 0.0292024
2  8 0.785521 0 0.124622 9 0.0505732 5 0.0392835
3  8 0.883412 0 0.0495028 9 0.0458913 5 0.021194
4  8 0.870455 9 0.077057 0 0.0361922 5 0.0162958
5  8 0.878516 9 0.0847943 6 0.0227586 5 0.0139312
6  8 0.910297 9 0.0707676 0 0.010746 6 0.00818959
7  8 0.732798 0 0.197703 5 0.0582877 9 0.0112113
8  8 0.780669 0 0.125424 9 0.0510952 5 0.0428125
9  8 0.779453 0 0.132057 5 0.0497712 9 0.0387182
10  8 0.789057 0 0.15381 5 0.049668 9 0.00746505
11  8 0.853107 9 0.109197 6 0.0299459 5 0.00774976
12  8 0.851121 9 0.113298 6 0.0267311 5 0.00884997
13  8 0.800754 9 0.162083 4 0.023763 6 0.0133999
14  8 0.736018 9 0.208271 0 0.0289502 6 0.0267611
15  9 0.44431 0 0.269771 8 0.195693 4 0.0902264
16  9 0.422061 8 0.347785 0 0.161636 4 0.0685181
17  9 0.481014 0 0.25663 4 0.109157 8 0.153199
18  9 0.487234 0 0.332417 4 0.140301 6 0.0400486
19  8 0.861852 0 0.0882328 9 0.0321959 5 0.0177194
20  8 0.876448 0 0.0535288 6 0.0440212 5 0.0260018
21  8 0.874241 0 0.0651076 6 0.0370558 5 0.0235955
22  8 0.853224 0 0.0963093 9 0.0359522 5 0.0145147
23  8 0.80939 9 0.0808355 0 0.0772435 6 0.0325312
24  8 0.821444 9 0.0889986 0 0.068053 6 0.021504
25  8 0.811877 0 0.105251 6 0.0278728 9 0.0549999
26  8 0.818286 0 0.0949552 6 0.0347417 9 0.0520167
27  8 0.54363 0 0.234776 9 0.163951 6 0.0576434
28  8 0.762961 9 0.144977 0 0.085488 2 0.00657405
29  8 0.767734 0 0.101021 9 0.123662 2 0.00758328
30  8 0.587668 0 0.227941 9 0.135835 6 0.0485554
31  8 0.590432 0 0.239152 9 0.121501 6 0.0489144
32  8 0.742288 0 0.124618 9 0.0796115 4 0.0534823
33  8 0.813128 9 0.111474 6 0.0405757 0 0.0348228
34  8 0.683677 0 0.243815 9 0.046546 3 0.025962
35  8 0.746269 0 0.135607 9 0.0580479 4 0.0600768
36  8 0.808238 9 0.119309 6 0.046651 0 0.0258021
37  0 0.265829 8 0.455005 9 0.208915 6 0.0702512
38  0 0.297641 9 0.262441 8 0.359672 6 0.0802452
39  8 0.669928 9 0.188701 0 0.11438 6 0.0269911
40  8 0.740225 9 0.158723 0 0.0877296 6 0.0133231
41  8 0.558013 0 0.333983 9 0.0750864 3 0.0329167
42  8 0.601147 0 0.248547 9 0.104701 6 0.0456051
43  8 0.740598 0 0.132149 9 0.0672316 4 0.0600215
44  8 0.738697 0 0.139955 9 0.0546708 4 0.066677
45  9 0.386891 0 0.378858 4 0.163272 6 0.0709784
46  8 0.345112 9 0.298186 0 0.255452 4 0.10125
47  8 0.585058 9 0.228736 0 0.146141 6 0.040065
48  0 0.40212 9 0.342275 4 0.173896 6 0.0817088
49  8 0.858652 0 0.0852455 9 0.0323745 5 0.023728
50  8 0.856153 0 0.0827781 9 0.045758 5 0.015311
51  8 0.818202 9 0.0979763 0 0.0535193 6 0.0303024
52  8 0.817978 9 0.0961105 0 0.0552832 6 0.0306287
53  8 0.809276 9 0.114817 6 0.04608 0 0.0298278
54  8 0.813273 9 0.10752 6 0.0401408 0 0.0390667
55  8 0.813165 9 0.105308 6 0.0405869 0 0.04094
56  8 0.466604 9 0.342511 0 0.149982 4 0.0409031
57  8 0.602596 9 0.324182 4 0.0355168 0 0.037706
58  8 0.884093 0 0.0647708 5 0.0287183 9 0.0224179
59  8 0.817302 0 0.129309 5 0.0385498 1 0.0148388
60  8 0.844351 0 0.0741209 9 0.0487484 5 0.03278
61  8 0.864842 0 0.0482295 9 0.0646595 5 0.0222693
62  8 0.873396 9 0.088702 6 0.0259932 5 0.011909
63  8 0.866871 9 0.0967315 6 0.0248489 5 0.0115482
64  8 0.847233 0 0.0858021 9 0.0489824 5 0.0179823
65  9 0.444991 0 0.340063 4 0.167544 6 0.0474009
66  9 0.371554 8 0.223638 0 0.276113 4 0.128695
67  8 0.816697 0 0.102845 9 0.0540213 5 0.0264365
68  8 0.787399 0 0.116768 9 0.0577069 5 0.0381267
69  8 0.841024 0 0.0898581 9 0.0519501 5 0.0171679
70  8 0.818058 0 0.10029 9 0.0554123 5 0.0262397
71  8 0.789514 0 0.110612 9 0.0610176 5 0.0388563
72  8 0.779561 0 0.117358 9 0.0603358 5 0.0427451
73  8 0.794472 0 0.0997354 9 0.0655145 5 0.0402779
74  8 0.779959 0 0.111454 9 0.0648423 5 0.0437446
75  8 0.797353 0 0.0979707 9 0.0637023 5 0.0409737
76  8 0.844488 0 0.0660393 9 0.0597914 5 0.0296813
77  8 0.731039 9 0.179354 0 0.0360583 4 0.0535488
78  8 0.735402 0 0.102319 9 0.0981432 4 0.0641357
79  8 0.734944 9 0.124548 0 0.0857796 4 0.0547288
80  8 0.731437 9 0.196434 0 0.0257221 4 0.0464069
81  8 0.841337 0 0.0902112 9 0.0511256 5 0.017326
82  8 0.850728 0 0.0855389 9 0.0487825 5 0.0149506
83  8 0.819739 0 0.0978293 9 0.053979 5 0.0284525
84  8 0.797022 0 0.103951 9 0.0575281 5 0.0414982
85  8 0.847431 0 0.0876495 9 0.0497219 5 0.0151975
86  8 0.838282 0 0.0740717 9 0.0541004 5 0.0335457
87  8 0.82268 0 0.0812006 9 0.0564796 5 0.03964
88  8 0.791507 0 0.0972155 5 0.0556311 9 0.0556464
89  8 0.808283 0 0.0894276 5 0.0498529 9 0.0524361
90  8 0.853957 0 0.0618301 9 0.0586674 5 0.0255455
91  8 0.853161 0 0.0623002 9 0.0573962 5 0.0271426
92  8 0.805116 0 0.0927766 9 0.060405 5 0.0417022
93  8 0.786326 0 0.104974 9 0.0589366 5 0.0497643
94  8 0.83071 0 0.0805676 9 0.0512816 5 0.0374406
95  8 0.710083 9 0.232536 4 0.0534016 2 0.00397946
96  8 0.714827 9 0.235984 4 0.0454622 2 0.00372693
97  8 0.719876 9 0.194225 4 0.0527495 0 0.0331498
98  8 0.575287 9 0.248545 0 0.0950011 4 0.0811672
99  8 0.850644 0 0.0745566 9 0.0515828 5 0.0232165
100  8 0.852241 0 0.0698608 9 0.0533626 5 0.0245355
101  8 0.853756 0 0.0721898 9 0.0570421 5 0.017012
102  8 0.854482 0 0.0671402 9 0.0583781 5 0.0200001
103  8 0.888683 9 0.0740932 5 0.0178448 6 0.0193793
104  8 0.878401 9 0.0860878 6 0.0208175 5 0.0146936
105  8 0.888166 9 0.0730144 5 0.0188308 6 0.0199892
106  8 0.886404 9 0.0832478 6 0.0172631 5 0.013085
107  8 0.878879 9 0.0900253 6 0.0186786 5 0.0124172
108  8 0.878226 9 0.0853807 6 0.0218209 5 0.0145722
109  8 0.874034 9 0.0782995 0 0.0316839 5 0.0159822
110  8 0.8604 9 0.0657002 0 0.0506225 5 0.0232774
111  8 0.857821 9 0.0666607 0 0.0530735 5 0.022445
112  8 0.865783 9 0.0665384 0 0.0460374 5 0.0216416
113  8 0.86775 9 0.0971147 6 0.0229744 5 0.0121607
114  9 0.412927 8 0.401191 0 0.122515 4 0.0633675
115  8 0.619219 9 0.311387 4 0.0590808 1 0.0103137
116  9 0.430358 8 0.378598 0 0.121328 4 0.0697151
117  9 0.435665 0 0.242975 8 0.199007 4 0.122353
118  8 0.869326 9 0.0987011 6 0.0206085 5 0.0113643
119  8 0.850427 9 0.116763 6 0.0244197 5 0.00839051
120  8 0.868317 9 0.104467 6 0.0184545 5 0.00876126
121  8 0.841516 9 0.129716 6 0.00832762 4 0.0204407
122  8 0.725347 9 0.15895 4 0.100016 6 0.0156871
123  8 0.791975 9 0.151074 4 0.0517238 6 0.0052272
124  8 0.805554 9 0.141091 4 0.0467912 6 0.00656395
125  8 0.745064 9 0.150407 4 0.0882039 6 0.0163251
126  8 0.866659 9 0.0722555 0 0.0469155 5 0.0141695
127  8 0.857476 9 0.0636372 0 0.0577451 5 0.0211416
128  8 0.856297 9 0.0607161 0 0.0614613 5 0.0215257
129  8 0.864262 9 0.069362 0 0.0525303 5 0.0138458
130  8 0.895468 9 0.0752742 5 0.0131624 6 0.0160959
131  8 0.862637 9 0.0714295 0 0.0473953 5 0.0185384
132  8 0.861218 9 0.067158 0 0.0590438 5 0.0125798
133  8 0.899632 9 0.0805178 5 0.00425213 6 0.0155975
134  8 0.895371 9 0.0834329 6 0.014972 5 0.0062239
135  8 0.749262 9 0.144006 4 0.0877942 6 0.0189377
136  8 0.82294 9 0.126195 4 0.0423216 6 0.00854385
137  8 0.825334 9 0.121334 4 0.0454932 6 0.00783902
138  8 0.758922 9 0.137222 4 0.083023 6 0.0208336
139  8 0.814997 9 0.133744 4 0.0435808 6 0.00767822
140  8 0.878874 9 0.0951631 6 0.0214818 5 0.00448122
141  8 0.868306 9 0.104769 6 0.000972536 4 0.0259532
142  8 0.822194 9 0.119641 4 0.0508051 6 0.00735958
143  8 0.762164 9 0.133257 4 0.0832529 6 0.0213266
144  8 0.858212 9 0.065561 0 0.0657578 5 0.0104693
145  8 0.853091 0 0.0750263 9 0.0566199 5 0.0152629
146  8 0.882671 9 0.067714 0 0.035211 4 0.0144045
147  8 0.881212 9 0.0820497 0 0.0168402 4 0.0198979
148  8 0.887695 9 0.0841879 0 0.0115189 4 0.0165986
149  8 0.816849 9 0.119578 4 0.0566919 6 0.00688092
150  8 0.756759 4 0.0893132 9 0.132866 6 0.0210617
151  8 0.413699 9 0.36746 4 0.103669 0 0.115172
152  8 0.448919 9 0.313347 0 0.130169 4 0.107565
153  8 0.614532 9 0.306543 4 0.0684808 1 0.010444
154  8 0.587713 9 0.322741 4 0.0724779 0 0.0170684
155  8 0.710226 9 0.224034 4 0.0617632 2 0.00397629
156  8 0.716273 9 0.205234 4 0.0747969 2 0.00369607
157  8 0.709534 9 0.168024 4 0.106902 6 0.0155389
158  8 0.688432 9 0.181636 4 0.111931 6 0.0180013
159  8 0.715817 9 0.219409 4 0.0560617 7 0.00871224
160  8 0.747576 9 0.171764 4 0.0717014 5 0.0089583
161  8 0.720741 9 0.236379 4 0.0398214 2 0.00305905
162  8 0.729499 9 0.23294 4 0.0353913 2 0.00216966
163  8 0.729274 9 0.185928 0 0.0431629 4 0.0416353
164  8 0.725905 9 0.190816 0 0.0377233 4 0.045556
165  8 0.731436 9 0.163687 0 0.0445169 4 0.06036
166  8 0.756879 9 0.18958 4 0.0328659 6 0.0206745
167  8 0.811309 9 0.106911 0 0.0491004 6 0.0326803
168  8 0.736719 0 0.117289 9 0.0723415 4 0.0736506
169  8 0.733422 9 0.224781 4 0.0367289 0 0.00506854
170  8 0.732674 9 0.219789 4 0.0378363 0 0.00970084
171  8 0.732344 9 0.171306 0 0.054363 4 0.0419872
172  8 0.731195 9 0.179543 0 0.0486492 4 0.0406131
173  8 0.852084 0 0.0761311 9 0.0510853 5 0.0206991
174  8 0.819191 9 0.142691 4 0.033138 6 0.00498054
175  8 0.843473 9 0.129952 6 0.00247445 4 0.0241003
176  8 0.752705 9 0.188968 4 0.054323 1 0.00400333
177  8 0.868082 9 0.107854 6 0.0179907 5 0.00607266
178  8 0.733668 9 0.152767 0 0.0672274 4 0.0463376
179  8 0.732186 9 0.212769 0 0.0148297 4 0.0402154
180  8 0.706594 9 0.18314 4 0.0976782 6 0.0125885
181  8 0.778704 9 0.179676 4 0.0383057 6 0.00331421
182  8 0.865697 9 0.103072 4 0.0306946 6 0.00053601
183  8 0.851751 9 0.0993566 4 0.040418 5 0.00847428
184  8 0.874273 9 0.101336 6 0.0187898 5 0.00560105
185  8 0.887893 9 0.0889046 6 0.0152717 5 0.00793031
186  8 0.878883 9 0.0959198 6 0.0165131 5 0.00868352
187  8 0.84902 0 0.0646313 9 0.0570655 5 0.029283
188  8 0.763532 9 0.181929 6 0.0244342 4 0.0301047
189  8 0.803249 9 0.128709 6 0.0528629 0 0.0151794
190  8 0.814382 9 0.119359 4 0.0598896 6 0.00636936
191  8 0.754134 4 0.092628 9 0.13265 6 0.0205875
192  8 0.854856 9 0.100697 4 0.0373335 0 0.00711347
193  8 0.87744 9 0.0811282 0 0.0192567 4 0.0221752
194  8 0.849265 0 0.0843047 9 0.0508112 5 0.0156192
195  8 0.846344 0 0.0876135 9 0.050482 5 0.015561
196  8 0.853393 0 0.0851313 9 0.0483502 5 0.0131256
197  8 0.851639 0 0.0853142 9 0.0490287 5 0.0140185
198  8 0.852937 0 0.0848622 9 0.0473212 5 0.0148797
199  8 0.853549 0 0.0777507 9 0.0509297 5 0.0177702
200  8 0.852529 0 0.0777206 9 0.0562175 5 0.0135326
201  8 0.879847 9 0.0667974 0 0.0365687 4 0.0167871
202  8 0.873818 9 0.0801698 0 0.0215308 4 0.0244816
203  8 0.850928 9 0.0996527 4 0.0397017 0 0.00971749
204  8 0.811993 9 0.11903 4 0.0630722 6 0.00590487
205  8 0.751597 4 0.0959372 9 0.132337 6 0.0201282
206  8 0.853971 0 0.0958493 9 0.0347402 5 0.0154394
207  8 0.911949 0 0.0347127 9 0.034943 6 0.0183949
208  8 0.895768 0 0.046046 9 0.0445563 4 0.01363
209  8 0.888216 0 0.0484386 9 0.0491576 4 0.0141879
210  8 0.879274 0 0.0705994 9 0.043075 1 0.00705142
211  8 0.878993 0 0.0736326 9 0.043001 5 0.00437362
212  8 0.873624 0 0.0766726 9 0.0430404 5 0.00666254
213  8 0.904271 0 0.0513764 9 0.033906 6 0.0104468
214  8 0.904543 0 0.0480872 9 0.0354878 6 0.0118822
215  8 0.914435 9 0.032121 0 0.035645 6 0.0177989
216  8 0.901353 0 0.039631 9 0.0362179 6 0.0227983
217  8 0.916206 9 0.0304623 0 0.0355051 6 0.0178269
218  8 0.871663 0 0.0707893 9 0.0481342 5 0.00941344
219  8 0.852814 0 0.0822287 9 0.051626 5 0.0133312
220  8 0.768962 9 0.179509 6 0.0267654 4 0.0247641
221  8 0.806773 9 0.116549 6 0.054199 0 0.0224789
222  8 0.806075 9 0.118988 6 0.0531389 0 0.0217985
223  8 0.769617 9 0.175116 6 0.0288261 4 0.0264409
224  8 0.824644 0 0.12717 6 0.00898513 9 0.0392004
225  8 0.825074 0 0.12373 9 0.041846 1 0.0093509
226  8 0.806244 9 0.0810606 0 0.0847687 6 0.0279262
227  8 0.803987 0 0.116457 9 0.0582056 6 0.02135
228  8 0.812934 9 0.1008 6 0.0429467 0 0.0433194
229  8 0.810189 9 0.107588 6 0.048603 0 0.0336203
230  8 0.792954 0 0.120355 9 0.0781983 2 0.00849335
231  8 0.757227 0 0.183929 9 0.0563577 1 0.0024855
232  8 0.778205 9 0.186276 6 0.0285962 3 0.00692271
233  8 0.812124 9 0.101404 0 0.0452377 6 0.0412339
234  8 0.800204 9 0.171631 0 0.0217032 6 0.00646137
235  8 0.813375 0 0.0769485 9 0.0849663 6 0.0247107
236  8 0.81728 9 0.0947278 0 0.0563535 6 0.0316388
237  8 0.813131 9 0.103044 6 0.0411559 0 0.0426695
238  8 0.810048 9 0.109541 6 0.0469574 0 0.0334536
239  8 0.805052 9 0.121798 6 0.0526403 0 0.0205092
240  8 0.76859 9 0.175471 6 0.0284359 4 0.0275027
241  8 0.809627 9 0.112214 6 0.0464843 0 0.0316749
242  8 0.784148 0 0.13002 9 0.0753391 2 0.0104935
243  8 0.804074 9 0.124837 6 0.0522604 0 0.0188287
244  8 0.767074 9 0.176176 6 0.0276906 4 0.0290598
245  8 0.66681 0 0.224726 6 0.0434602 9 0.0650035
246  8 0.859399 0 0.0990523 5 0.0214706 9 0.020078
247  8 0.890163 0 0.077798 5 0.0282815 2 0.00375771
248  8 0.888527 0 0.0783619 5 0.0127838 9 0.0203275
249  8 0.861797 0 0.0877754 9 0.0345452 5 0.0158827
250  8 0.811998 0 0.0897953 9 0.0523236 4 0.045883
251  8 0.811863 0 0.0770729 9 0.0657671 4 0.0452966
252  8 0.831334 0 0.0753349 9 0.0571601 4 0.0361712
253  8 0.834787 0 0.0930609 4 0.0357556 9 0.036397
254  8 0.904562 0 0.0934225 2 0.00201509
255  8 0.893849 0 0.0949612 6 0.0082929 7 0.00289719
256  8 0.917706 0 0.0530745 6 0.0185733 9 0.0106459
257  8 0.915757 0 0.0572576 6 0.0124291 9 0.014556
258  8 0.654403 9 0.139694 0 0.124686 4 0.0812181
259  8 0.729179 9 0.119339 4 0.0856461 0 0.0658359
260  8 0.775146 9 0.0864532 0 0.0717209 4 0.06668
261  8 0.759869 0 0.0897813 9 0.0797986 4 0.0705511
262  0 0.385237 9 0.271511 8 0.196795 4 0.146458
263  0 0.320957 9 0.280993 8 0.260723 4 0.137327
264  8 0.37717 0 0.248122 9 0.257541 4 0.117166
265  0 0.316087 8 0.306036 9 0.252649 4 0.125228
266  8 0.610039 0 0.219955 9 0.104856 6 0.065149
267  8 0.639071 0 0.210671 9 0.0927342 6 0.0575234
268  8 0.738133 0 0.110824 9 0.0918215 4 0.0592214
269  8 0.733383 0 0.098421 9 0.107217 4 0.0609784
270  8 0.639195 0 0.218359 6 0.0567214 9 0.0857239
271  8 0.745166 0 0.126868 9 0.0710814 4 0.0568843
272  8 0.550184 0 0.249861 9 0.124434 6 0.0755204
273  8 0.698962 0 0.11897 9 0.118499 4 0.063569
274  8 0.716442 0 0.107367 9 0.136439 6 0.0397525
275  8 0.486765 0 0.280985 9 0.14685 6 0.0853999
276  8 0.756801 0 0.127199 9 0.0670496 4 0.0489511
277  8 0.646469 0 0.223369 6 0.0532237 9 0.0769388
278  0 0.310541 8 0.403059 9 0.196091 6 0.0903092
279  0 0.309701 8 0.425858 9 0.171849 6 0.0925923
280  8 0.654832 0 0.139544 9 0.154002 6 0.0516219
281  8 0.583943 0 0.17682 9 0.176649 6 0.0625886
282  8 0.478585 0 0.21474 9 0.207268 4 0.099406
283  8 0.541605 9 0.212811 0 0.148239 4 0.0973457
284  8 0.848313 0 0.105539 4 0.0350562 1 0.0110913
285  8 0.848019 0 0.0732605 9 0.0506579 4 0.0280622
286  8 0.873296 0 0.0707715 9 0.0373931 4 0.0185394
287  8 0.851795 0 0.115855 1 0.0103597 4 0.02199
288  8 0.786599 0 0.0907413 9 0.06717 4 0.0554901
289  8 0.796077 0 0.0760583 9 0.074078 4 0.0537864
290  8 0.362191 0 0.280487 9 0.226308 4 0.131015
291  0 0.36453 8 0.237896 9 0.248776 4 0.148798
292  8 0.772334 9 0.183326 0 0.0192077 4 0.0251321
293  8 0.753393 9 0.113203 0 0.085839 4 0.0475645
294  8 0.808117 0 0.0688793 9 0.101095 6 0.0219091
295  8 0.773305 9 0.174762 0 0.0272952 4 0.0246383
296  8 0.763847 9 0.197374 4 0.0357231 3 0.00305583
297  8 0.759532 9 0.192786 4 0.0447559 3 0.00292546
298  8 0.614758 9 0.184201 0 0.108115 4 0.0929256
299  8 0.721548 9 0.156306 4 0.0728335 0 0.0493124
300  8 0.711299 4 0.128095 9 0.152512 0 0.00809429
301  8 0.763065 9 0.130029 4 0.092449 0 0.0144569
302  8 0.749754 9 0.136003 4 0.0966624 0 0.0175809
303  8 0.688907 4 0.135705 9 0.153924 0 0.0214645
304  8 0.805484 9 0.120044 4 0.0694623 0 0.00500999
305  8 0.749134 4 0.100214 9 0.131774 6 0.0188791
306  8 0.669242 4 0.137163 9 0.153573 0 0.040022
307  8 0.716525 9 0.148634 4 0.101643 0 0.0331977
308  8 0.646524 9 0.182351 4 0.106252 0 0.064873
309  8 0.651403 9 0.156686 4 0.134822 0 0.0570894
310  8 0.768004 9 0.20023 4 0.0288205 3 0.00294493
311  8 0.734058 9 0.154953 0 0.0491991 4 0.0617897
312  8 0.741314 9 0.152225 0 0.0516175 4 0.0548444
313  8 0.772979 9 0.19996 4 0.0245415 3 0.00251919
314  8 0.778777 9 0.19627 4 0.0230792 3 0.00187359
315  8 0.745808 9 0.1487 0 0.0549101 4 0.0505819
316  8 0.748175 9 0.14424 0 0.0590347 4 0.0485502
317  8 0.773404 9 0.194068 4 0.0261322 0 0.00639586
318  8 0.773183 9 0.1917 4 0.0249816 0 0.0101357
319  8 0.749892 9 0.132001 0 0.0701247 4 0.0479829
320  8 0.741268 9 0.150469 4 0.0860086 6 0.0222537
321  8 0.520407 9 0.233112 0 0.129658 4 0.116822
322  8 0.430511 9 0.252844 0 0.184178 4 0.132467
323  8 0.75489 9 0.167649 4 0.0669649 6 0.0104958
324  8 0.75754 9 0.185239 4 0.0545115 3 0.00270951
325  8 0.507172 9 0.219789 0 0.155667 4 0.117372
326  8 0.797775 9 0.119093 4 0.0744698 0 0.00866138
327  8 0.742594 4 0.104227 9 0.133159 6 0.0200193
328  8 0.732318 4 0.110058 9 0.136313 6 0.0213108
329  8 0.78434 9 0.121207 4 0.0827238 0 0.011729
330  8 0.772799 9 0.124955 4 0.0885986 0 0.0136478
331  8 0.895872 0 0.0697843 9 0.030137 5 0.00420678
332  8 0.868017 0 0.0809061 9 0.0407874 5 0.010289
333  8 0.916852 0 0.043733 9 0.024101 6 0.0153144
334  8 0.913172 9 0.030581 6 0.025256 0 0.0309915
335  8 0.908668 9 0.0329005 6 0.0245514 0 0.0338799
336  8 0.87967 0 0.0569217 9 0.0448914 4 0.0185171
337  8 0.874893 0 0.0542819 9 0.0511661 4 0.0196592
338  8 0.875009 0 0.0515751 9 0.0531015 4 0.0203148
339  8 0.879765 0 0.0465189 9 0.0575512 4 0.016165
340  8 0.845348 0 0.0592578 9 0.059885 4 0.0355092
341  8 0.82813 9 0.0700835 0 0.0571461 4 0.0446407
342  8 0.847006 9 0.0632971 0 0.0531784 4 0.0365181
343  8 0.840356 0 0.0654112 9 0.0585657 4 0.0356671
344  8 0.821247 9 0.0671382 0 0.0672212 4 0.044394
345  8 0.828056 9 0.0774115 4 0.0484626 0 0.0460696
346  8 0.840861 9 0.0729414 0 0.0435772 4 0.0426199
347  8 0.863281 0 0.05365 9 0.0557525 4 0.0273169
348  8 0.862761 0 0.0577357 9 0.0529174 4 0.0265854
349  8 0.807516 9 0.0767165 0 0.0628204 4 0.0529476
350  8 0.857661 0 0.0627611 9 0.0521195 4 0.0274589
351  8 0.400364 0 0.224044 9 0.26049 4 0.115102
352  8 0.566307 9 0.210233 0 0.124878 4 0.0985823
353  0 0.291438 8 0.302155 9 0.263709 4 0.142697
354  8 0.375852 0 0.229836 9 0.27418 4 0.120132
355  8 0.780531 9 0.0925453 4 0.0690018 0 0.0579222
356  8 0.81261 9 0.0828184 4 0.0553429 0 0.0492282
357  8 0.781045 9 0.102577 4 0.0734345 0 0.042943
358  8 0.811465 9 0.0928633 4 0.0610787 0 0.034593
359  8 0.870283 9 0.065042 0 0.0394395 4 0.025235
360  8 0.875679 0 0.0469419 9 0.056922 4 0.0204573
361  8 0.871356 0 0.0475757 9 0.0576214 4 0.0234471
362  8 0.865571 9 0.0655058 0 0.0401662 4 0.028757
363  8 0.874854 9 0.0655265 0 0.0384569 4 0.0211625
364  8 0.860501 9 0.0608247 0 0.0485017 4 0.0301722
365  8 0.855141 9 0.0682372 0 0.0415024 4 0.0351191
366  8 0.854679 9 0.0797556 4 0.0384066 0 0.0271592
367  8 0.861324 9 0.0789378 0 0.0261273 4 0.0336105
368  8 0.838849 9 0.0974861 4 0.048196 0 0.0154688
369  8 0.832308 9 0.0979608 4 0.0531789 0 0.0165527
370  8 0.867638 9 0.0790799 0 0.02442 4 0.0288623
371  8 0.567343 9 0.213649 0 0.116452 4 0.102556
372  8 0.79629 9 0.110322 4 0.0731276 0 0.0202604
373  8 0.771826 9 0.119237 4 0.0816883 0 0.0272488
374  8 0.709299 9 0.148174 4 0.0939355 0 0.0485914
375  8 0.814002 9 0.104035 4 0.0651504 0 0.0168129
376  8 0.719397 9 0.135877 4 0.0901553 0 0.0545704
377  8 0.84499 9 0.0980425 4 0.0436453 0 0.013322
378  8 0.824111 9 0.100424 4 0.0591832 0 0.0162824
379  8 0.843839 9 0.0827237 4 0.0452681 0 0.0281694
380  8 0.829885 9 0.087229 4 0.0525952 0 0.0302911
381  8 0.876534 0 0.0567821 9 0.0478859 4 0.0187975
382  8 0.740198 9 0.24579 7 0.00963753 2 0.00437449
383  8 0.708255 9 0.261625 4 0.0231443 2 0.00697549
384  8 0.748943 9 0.238474 7 0.00941933 2 0.00316405
385  8 0.698734 9 0.266236 4 0.0276895 2 0.00734027
386  8 0.591357 9 0.333155 4 0.0646419 2 0.0108466
387  8 0.576389 9 0.344697 4 0.0714224 2 0.00749121
388  8 0.693916 9 0.245203 4 0.0505607 2 0.010321
389  8 0.687676 9 0.257587 4 0.0453925 2 0.00934417
390  8 0.700895 9 0.230116 4 0.0582098 2 0.0107784
391  8 0.665827 9 0.268212 4 0.0447063 2 0.021254
392  8 0.67999 9 0.269418 4 0.0420216 2 0.00857079
393  8 0.69433 4 0.147779 9 0.142674 6 0.0152172
394  8 0.697326 4 0.146129 9 0.142282 6 0.0142625
395  8 0.698053 4 0.142395 9 0.145045 6 0.0145074
396  8 0.700983 4 0.143933 9 0.140447 6 0.0146374
397  8 0.627824 4 0.244593 9 0.101766 0 0.0258175
398  8 0.669155 4 0.189056 9 0.12734 2 0.0144488
399  8 0.706358 4 0.138576 9 0.138123 6 0.0169428
400  8 0.710284 4 0.136003 9 0.133873 6 0.0198395
401  8 0.709393 4 0.136528 9 0.135514 6 0.0185656
402  8 0.711301 4 0.134244 9 0.133286 6 0.0211694
403  8 0.593196 4 0.275741 9 0.121713 2 0.00935014
404  8 0.603335 4 0.267359 9 0.120621 2 0.00868438
405  8 0.699936 9 0.153872 4 0.13509 6 0.0111019
406  8 0.683718 4 0.152156 9 0.146389 2 0.0177374
407  8 0.682744 9 0.162492 4 0.133664 2 0.0210996
408  8 0.707817 9 0.184763 4 0.0981572 2 0.00926285
409  8 0.685704 9 0.270006 4 0.0364436 2 0.00784705
410  8 0.693189 9 0.267438 4 0.0318696 2 0.00750263
411  8 0.643811 9 0.287022 4 0.0498454 2 0.0193224
412  8 0.617626 9 0.311747 4 0.0554125 2 0.0152147
413  8 0.757196 9 0.231711 7 0.00921503 2 0.00187829
414  8 0.7637 9 0.224935 7 0.00819036 3 0.00317454
415  8 0.576489 9 0.350033 4 0.0660659 3 0.00741153
416  8 0.564379 9 0.359843 4 0.0654842 3 0.0102937
417  8 0.599631 9 0.326667 4 0.0611449 2 0.0125569
418  8 0.464078 9 0.422138 4 0.102888 2 0.0108959
419  8 0.474953 9 0.427534 4 0.0853864 3 0.0121272
420  8 0.460689 9 0.43482 4 0.0887181 3 0.0157733
421  8 0.475446 9 0.412655 4 0.0969409 2 0.0149588
422  8 0.514187 4 0.298328 9 0.153623 2 0.0338619
423  8 0.481761 4 0.287253 9 0.196768 2 0.0342182
424  8 0.511547 4 0.332439 9 0.126558 2 0.0294554
425  8 0.498461 4 0.363799 9 0.113688 2 0.0240521
426  8 0.665818 9 0.252871 4 0.0574421 2 0.0238684
427  8 0.510312 9 0.334794 4 0.124198 2 0.0306963
428  8 0.521499 9 0.355046 4 0.0977005 2 0.0257538
429  8 0.498341 9 0.260102 4 0.207709 2 0.033848
430  8 0.510434 9 0.304657 4 0.151428 2 0.033481
431  8 0.668689 9 0.228779 4 0.0774771 2 0.0250541
432  8 0.675715 9 0.191735 4 0.108454 2 0.0240949
433  8 0.490396 9 0.394663 4 0.0946282 2 0.0203128
434  8 0.70687 9 0.210651 4 0.0715953 2 0.0108834
435  8 0.456181 4 0.41701 9 0.111856 2 0.0149519
436  8 0.472343 4 0.401727 9 0.109522 2 0.0164089
437  8 0.617198 4 0.254709 9 0.119231 2 0.00886209
438  8 0.485891 4 0.384315 9 0.109822 2 0.0199711
439  8 0.617667 4 0.257426 9 0.105145 0 0.019762
440  4 0.428739 8 0.441022 9 0.116016 2 0.0142232
441  8 0.45346 9 0.43635 4 0.0917072 3 0.0184831
442  8 0.561375 9 0.363326 4 0.0629525 3 0.0123464
443  8 0.590336 4 0.277171 9 0.122995 2 0.0094971
444  4 0.427696 8 0.439528 9 0.119132 2 0.0136445
445  8 0.712213 4 0.13256 9 0.132869 6 0.0223579
446  8 0.587634 4 0.278285 9 0.124376 2 0.00970524
447  4 0.426436 8 0.437942 9 0.122504 2 0.0131183
448  8 0.483948 9 0.40146 4 0.0889088 3 0.0256826
449  8 0.635064 9 0.323996 3 0.0179702 4 0.0229692
450  8 0.614159 9 0.336988 3 0.0178472 4 0.0310052
451  8 0.46811 9 0.412735 4 0.0934216 3 0.0257328
452  8 0.454125 9 0.423064 4 0.0976766 3 0.025134
453  8 0.591529 9 0.349972 3 0.0174589 4 0.0410404
454  8 0.577052 9 0.357514 3 0.0165671 4 0.0488668
455  8 0.447767 9 0.429102 4 0.0991946 3 0.0239359
456  8 0.408033 4 0.363912 9 0.212891 2 0.0151639
457  8 0.67728 9 0.183134 4 0.126831 2 0.0127553
458  8 0.716472 9 0.170751 4 0.101052 6 0.0117253
459  8 0.445279 4 0.310278 9 0.227919 2 0.0165236
460  8 0.567451 9 0.313688 4 0.102858 3 0.0160036
461  8 0.741828 9 0.238581 3 0.0102811 2 0.00931
462  8 0.734773 9 0.247042 3 0.0106596 2 0.00752484
463  8 0.571779 9 0.334195 4 0.0745256 3 0.0194999
464  8 0.496882 9 0.231366 4 0.26087 1 0.0108813
465  8 0.79999 9 0.169973 3 0.0125846 6 0.0174527
466  8 0.756546 9 0.222756 3 0.00947496 2 0.011223
467  8 0.567204 9 0.288965 4 0.132286 3 0.0115454
468  8 0.501658 9 0.388608 4 0.0847638 3 0.02497
469  8 0.525841 9 0.368599 4 0.0824269 3 0.0231332
470  8 0.699597 9 0.275128 3 0.0205189 1 0.00475656
471  8 0.680072 9 0.292156 3 0.0228415 1 0.00492971
472  8 0.445038 4 0.414104 9 0.128333 2 0.0125252
473  8 0.589731 4 0.273174 9 0.127436 2 0.00965911
474  8 0.595262 4 0.261909 9 0.132214 2 0.0106149
475  8 0.44313 4 0.407258 9 0.137024 2 0.012588
476  8 0.432118 4 0.404048 9 0.150774 2 0.0130591
477  8 0.607178 4 0.239754 9 0.142352 2 0.0107156
478  8 0.620622 4 0.215291 9 0.15276 2 0.0113262
479  8 0.42158 4 0.399245 9 0.16563 2 0.0135452
480  8 0.573153 9 0.358959 3 0.0154988 4 0.052389
481  8 0.448565 9 0.430522 4 0.098369 3 0.0225443
482  8 0.71535 9 0.265423 3 0.0132383 2 0.00598865
483  8 0.645012 4 0.177009 9 0.166073 2 0.0119058
484  8 0.408093 4 0.389446 9 0.188347 2 0.0141137
485  8 0.670701 9 0.301116 3 0.0234661 1 0.00471633
486  8 0.567989 9 0.361246 4 0.0561764 3 0.0145883
487  8 0.449355 9 0.432714 4 0.09652 3 0.0214115
488  8 0.452892 9 0.433941 4 0.0932071 3 0.0199596
489  8 0.565822 9 0.361706 4 0.0589513 3 0.0135212
490  8 0.765635 9 0.223573 3 0.00602782 7 0.0047638
491  8 0.767964 9 0.221273 3 0.00511679 7 0.0056465
492  8 0.762841 9 0.226125 3 0.00720355 7 0.00383066
493  8 0.767862 9 0.221314 7 0.00639027 3 0.00443371
494  8 0.759661 9 0.22893 3 0.0083764 7 0.00303292
495  8 0.767108 9 0.221873 7 0.00725323 3 0.00376612
496  8 0.749872 9 0.238226 3 0.0107087 2 0.00119374
497  8 0.755968 9 0.232195 3 0.00939639 7 0.0024401
498  8 0.748751 9 0.238681 3 0.0109755 2 0.00159286
499  8 0.763127 9 0.222397 3 0.0100376 2 0.00443845
500  8 0.774559 9 0.210529 3 0.00920591 2 0.00570627
501  8 0.751988 9 0.233901 3 0.0108497 2 0.00326079
502  8 0.788323 9 0.196106 3 0.00842321 2 0.00714787
503  8 0.706968 4 0.13537 9 0.131383 6 0.0262791
504  8 0.716937 4 0.128327 9 0.125639 6 0.0290976
505  8 0.707549 4 0.134049 9 0.13278 6 0.0256219
506  8 0.743638 9 0.120395 4 0.104794 6 0.0311728
507  8 0.71472 4 0.127318 9 0.132655 6 0.025307
508  8 0.712537 4 0.128158 9 0.132898 6 0.0264067
509  8 0.766783 9 0.124988 6 0.028976 4 0.0792529
510  8 0.827925 9 0.122031 6 0.0351728 3 0.0148718
511  8 0.749416 9 0.236988 3 0.0111369 2 0.00245859
512  8 0.750206 9 0.236734 3 0.0110513 2 0.00200815
513  8 0.810342 9 0.161781 6 0.0162949 3 0.0115827
514  4 0.847253 8 0.124219 7 0.0225352 2 0.00599252
515  4 0.855696 8 0.10643 2 0.0154871 7 0.0223868
516  4 0.759421 8 0.143568 9 0.0843558 2 0.0126551
517  4 0.779147 8 0.15949 9 0.0529294 7 0.0084333
518  4 0.835575 8 0.125878 7 0.0195984 9 0.0189493
519  4 0.835161 8 0.129787 7 0.0199494 9 0.0151018
520  4 0.782474 8 0.167425 9 0.0405188 7 0.00958229
521  4 0.78583 8 0.164002 9 0.0395153 7 0.0106526
522  4 0.841186 8 0.117399 7 0.0210508 9 0.0203636
523  4 0.800262 8 0.148852 9 0.0392642 7 0.0116217
524  4 0.803683 8 0.142473 9 0.0417975 7 0.0120466
525  4 0.845445 8 0.113567 7 0.0220573 9 0.0189301
526  4 0.842389 8 0.0721196 9 0.0598269 2 0.0256648
527  4 0.762375 9 0.125103 2 0.0401861 8 0.0723364
528  4 0.757571 9 0.112138 8 0.0988791 2 0.0314126
529  4 0.841716 8 0.083768 9 0.0497563 2 0.0247593
