#####################################################
# (c) Binh Le (bhle2@cs.uh.edu)
#
# Running time: 38.250 (s)
# Repeat      : 11
#
#####################################################
*OBJFILENAME
..\Data\cat-poses.obj
#####################################################
*BONEANIMATION, BONEINDEX=0, NFRAMES=9
0 0.996295 -0.0833533 0.0211906 0.0525698 -0.0116593 0.113214 0.993502 0.348039 -0.0852108 -0.990068 0.111823 0.443826 0 0 0 1
1 0.996232 -0.0678715 -0.0539888 0.0387882 0.0647763 0.168399 0.983588 0.306044 -0.0576659 -0.98338 0.172161 0.493672 0 0 0 1
2 0.990798 0.0952344 -0.096171 -0.0729176 0.00319551 0.6939 0.720064 0.321898 0.135308 -0.713746 0.687211 0.361549 0 0 0 1
3 0.0633841 -0.35716 0.93189 0.230596 0.947529 0.314699 0.0561648 0.00173945 -0.313324 0.879433 0.358366 -0.632667 0 0 0 1
4 0.99728 -0.0239547 -0.0696995 -0.00118563 0.029778 0.996042 0.0837464 -0.00102439 0.0674175 -0.0855942 0.994047 0.12019 0 0 0 1
5 0.998146 0.0257679 -0.0551373 -0.0220493 -0.057038 0.712094 -0.699763 -0.093239 0.0212315 0.701611 0.712244 -0.512166 0 0 0 1
6 -0.013094 0.988642 -0.149716 -0.628847 -0.988741 0.00951961 0.149336 0.250733 0.149065 0.149986 0.977386 -0.133813 0 0 0 1
7 0.993796 -0.0805206 -0.076718 0.0390044 0.0920027 0.207629 0.973871 0.331286 -0.0624878 -0.974888 0.213749 0.539042 0 0 0 1
8 0.993324 -0.0908323 -0.0711061 0.045604 0.0893072 0.215397 0.972434 0.32768 -0.0730124 -0.972293 0.222071 0.539585 0 0 0 1
#####################################################
*BONEANIMATION, BONEINDEX=1, NFRAMES=9
0 0.47632 0.418654 -0.773206 -0.872655 -0.870034 0.351549 -0.345622 -0.526066 0.127124 0.837342 0.531693 -0.940691 0 0 0 1
1 0.944129 -0.00483291 -0.32954 -0.201087 -0.261504 0.597576 -0.75797 -1.07704 0.200588 0.801798 0.562925 -0.822756 0 0 0 1
2 0.992735 -0.117843 0.02429 0.0827256 0.0157393 -0.0729557 -0.997211 0.115199 0.119287 0.990349 -0.0705709 -1.48325 0 0 0 1
3 0.188951 -0.934157 -0.302734 0.520434 0.969545 0.128553 0.208461 0.204001 -0.155818 -0.332904 0.929998 0.443796 0 0 0 1
4 0.937933 0.0574285 -0.342029 -0.281109 -0.0393031 0.997443 0.0596965 -0.50602 0.344582 -0.0425485 0.937791 0.244518 0 0 0 1
5 0.99013 -0.129286 0.0541106 0.121023 0.138761 0.850021 -0.508144 -0.229836 0.0197006 0.510637 0.859571 -0.423304 0 0 0 1
6 -0.643604 0.751015 0.147477 -0.716224 0.727118 0.539843 0.424109 0.337176 0.238898 0.380192 -0.893522 -1.4954 0 0 0 1
7 0.0771731 -0.18712 -0.979301 -0.926356 -0.960183 0.250572 -0.123544 -0.180778 0.268503 0.949842 -0.160332 -0.603543 0 0 0 1
8 0.109301 -0.286899 -0.951705 -0.87705 -0.983887 0.105061 -0.144669 -0.170379 0.141492 0.952182 -0.270793 -0.710115 0 0 0 1
#####################################################
*BONEANIMATION, BONEINDEX=2, NFRAMES=9
0 0.611404 -0.0608104 -0.788979 0.550171 0.262222 0.956279 0.129499 -0.405608 0.746609 -0.286063 0.600619 0.437937 0 0 0 1
1 0.740775 -0.0797624 -0.667001 0.490152 0.0456992 0.996609 -0.0684243 0.0726504 0.670197 0.0202056 0.741908 0.00487429 0 0 0 1
2 0.999141 0.0344494 -0.0230314 -0.00834614 -0.0350728 0.999014 -0.0272323 -0.0121866 0.0220705 0.0280167 0.999364 -0.016977 0 0 0 1
3 -0.0157844 0.975304 0.220303 -0.601991 0.999033 0.00634202 0.0435024 0.165421 0.0410309 0.220776 -0.974461 0.811952 0 0 0 1
4 0.631641 -0.252406 -0.733021 0.669464 0.766806 0.342662 0.542762 0.832602 0.114182 -0.904917 0.409986 0.263243 0 0 0 1
5 0.627271 0.0744226 -0.775237 0.407962 -0.089728 0.995701 0.0229851 -0.388293 0.773615 0.0551425 0.631252 0.125609 0 0 0 1
6 -0.198971 -0.964485 0.17372 -0.0615205 -0.978907 0.18721 -0.0818153 0.114475 0.0463876 -0.186335 -0.981391 0.71564 0 0 0 1
7 0.762409 -0.17873 -0.621923 0.515285 0.298309 0.949958 0.0926921 0.0286621 0.574234 -0.256195 0.777573 0.195805 0 0 0 1
8 0.984437 -0.1369 -0.110194 0.155204 0.0334414 0.7615 -0.647301 0.598481 0.172528 0.633542 0.754227 -0.426779 0 0 0 1
#####################################################
*BONEANIMATION, BONEINDEX=3, NFRAMES=9
0 0.890864 0.159945 0.425182 -0.193386 -0.131012 0.986658 -0.0966575 -0.00923853 -0.434969 0.0304049 0.899932 0.149361 0 0 0 1
1 0.990731 -0.0732156 0.114416 -0.0472326 0.11213 0.916233 -0.384635 0.156818 -0.0766703 0.393899 0.91595 -0.0701217 0 0 0 1
2 0.998858 -0.0417307 0.023275 0.032023 0.0453732 0.981084 -0.188188 0.161196 -0.0149816 0.189029 0.981857 0.295166 0 0 0 1
3 0.359167 0.918946 0.162904 0.0477048 0.914468 -0.381391 0.135238 0.142605 0.186406 0.100397 -0.97733 0.23209 0 0 0 1
4 0.974479 -0.0679623 0.213944 -0.0911253 -0.196396 0.203467 0.959182 1.05941 -0.108719 -0.97672 0.184927 0.377449 0 0 0 1
5 0.972466 -0.225486 0.0588761 -0.00793774 0.206429 0.950703 0.23141 -0.12453 -0.108153 -0.212885 0.971073 0.374845 0 0 0 1
6 -0.376366 -0.662131 -0.648021 -0.219248 -0.850158 0.524812 -0.0424739 0.13478 0.368212 0.534935 -0.760437 -0.0227022 0 0 0 1
7 0.973931 -0.150726 0.169528 -0.0391109 0.213871 0.859222 -0.464754 0.245342 -0.0756115 0.488896 0.869059 -0.0812564 0 0 0 1
8 0.514348 0.0785694 0.853975 -0.2752 0.590609 0.689551 -0.419165 0.659765 -0.621793 0.719962 0.308266 0.459042 0 0 0 1
#####################################################
*BONEANIMATION, BONEINDEX=4, NFRAMES=9
0 0.999945 0.000296672 0.010489 0.00439817 0.000897281 0.993521 -0.113641 -0.335862 -0.0104548 0.113644 0.993467 -0.0754949 0 0 0 1
1 0.999797 0.0149864 0.0134768 -0.00686636 -0.0191898 0.91225 0.409185 -0.147072 -0.00616204 -0.409361 0.912352 0.197415 0 0 0 1
2 0.999906 0.0136058 -0.00193206 -0.00999602 -0.0136788 0.998898 -0.0449072 -0.00262373 0.00131894 0.0449294 0.998989 -0.0280499 0 0 0 1
3 -0.0243353 -0.256067 0.966353 -0.184399 0.99968 -0.0128696 0.0217643 0.19275 0.0068634 0.966573 0.256299 -0.448527 0 0 0 1
4 0.99963 0.0223749 0.0154348 -0.0117456 -0.0188031 0.159144 0.987076 0.693252 0.0196294 -0.987002 0.159506 0.50769 0 0 0 1
5 0.999857 -0.0152851 -0.00727525 0.0138663 0.0136393 0.981963 -0.188582 -0.220204 0.0100265 0.188456 0.98203 -0.185503 0 0 0 1
6 -0.0268273 -0.261792 -0.964751 0.0892737 -0.993577 -0.0991486 0.0545335 0.210916 -0.10993 0.960018 -0.25745 -0.49818 0 0 0 1
7 0.999815 0.0127511 0.0143817 -0.00617056 -0.0169246 0.938697 0.344329 -0.0969352 -0.00910953 -0.344509 0.938739 0.155424 0 0 0 1
8 0.999668 0.0250214 0.00613578 -0.0118012 -0.0256044 0.938566 0.344148 -0.0973351 0.00285222 -0.34419 0.938896 0.156289 0 0 0 1
#####################################################
*BONEANIMATION, BONEINDEX=5, NFRAMES=9
0 0.782502 0.493093 0.380196 -0.119774 -0.516813 0.85491 -0.0450911 -0.480596 -0.347268 -0.161206 0.923806 0.108723 0 0 0 1
1 0.876676 0.327318 0.352564 -0.0379168 -0.381952 0.919137 0.0964325 -0.521171 -0.292491 -0.219203 0.930806 0.226095 0 0 0 1
2 0.998672 -0.0515096 0.000804563 0.0314711 0.0511988 0.990674 -0.126269 -0.026901 0.00570702 0.126143 0.991996 -0.0853977 0 0 0 1
3 0.264601 0.167419 -0.949714 -0.789613 0.942682 0.162725 0.291328 0.208439 0.203316 -0.972364 -0.114766 0.128153 0 0 0 1
4 0.981674 -0.106679 0.157909 0.150129 -0.100652 0.413368 0.904984 0.573493 -0.161817 -0.904293 0.395055 0.43263 0 0 0 1
5 0.990556 -0.117487 -0.0706757 0.044899 0.0698945 0.876177 -0.476894 -0.112121 0.117953 0.467451 0.876115 -0.316014 0 0 0 1
6 0.224999 0.607966 0.761415 -0.0416912 0.0978539 0.763402 -0.638468 -0.539037 -0.969433 0.218162 0.112273 -0.602312 0 0 0 1
7 -0.0877262 -0.930705 0.355095 0.750976 -0.676711 -0.205909 -0.706869 -0.135285 0.731003 -0.302308 -0.611755 -0.404239 0 0 0 1
8 -0.0744365 -0.972104 0.222426 0.715946 -0.656252 -0.12019 -0.744907 -0.203825 0.750861 -0.201416 -0.628999 -0.475964 0 0 0 1
#####################################################
*BONEANIMATION, BONEINDEX=6, NFRAMES=9
0 0.938322 -0.339725 0.064335 0.0859391 0.214273 0.717363 0.662931 0.191752 -0.271366 -0.608257 0.745911 0.338649 0 0 0 1
1 0.999308 -0.0354182 0.011398 -0.0244094 0.0232567 0.833719 0.551698 0.127027 -0.0290429 -0.551051 0.833966 0.457641 0 0 0 1
2 0.975918 0.062072 -0.20912 -0.100675 -0.16268 0.845768 -0.508145 -0.0179955 0.145326 0.529927 0.835498 -0.343043 0 0 0 1
3 0.254415 0.180421 0.950116 0.215289 0.930346 -0.313913 -0.189511 0.167186 0.264062 0.932152 -0.247718 -0.8192 0 0 0 1
4 0.983664 0.00871063 0.179806 0.0521903 -0.0619598 0.954183 0.292738 0.0434174 -0.169018 -0.299097 0.939135 0.125696 0 0 0 1
5 0.990265 -0.0455029 0.131548 0.0116641 0.0286789 0.991479 0.127068 0.0368397 -0.136209 -0.122058 0.983132 -0.265516 0 0 0 1
6 0.516573 0.798029 -0.310326 -0.502477 -0.853711 0.45218 -0.258283 -0.0354948 -0.065794 0.398351 0.91487 -0.0908136 0 0 0 1
7 0.998533 -0.0540972 -0.00222013 -0.0269902 0.0478856 0.863258 0.502487 0.143788 -0.0252666 -0.501856 0.864582 0.486024 0 0 0 1
8 0.998646 -0.0415959 0.0312467 -0.0191934 0.019331 0.854296 0.519427 0.143796 -0.0483 -0.51812 0.853943 0.477985 0 0 0 1
#####################################################
*BONEANIMATION, BONEINDEX=7, NFRAMES=9
0 0.89087 0.0670597 -0.44928 0.219282 0.418086 0.265715 0.868677 -0.383402 0.177634 -0.961716 0.208681 0.484686 0 0 0 1
1 0.982041 0.0688421 -0.17566 0.0418757 -0.0437472 0.988765 0.14293 -0.0812539 0.183526 -0.132679 0.97402 -0.0513127 0 0 0 1
2 0.997646 0.0673592 0.0128164 -0.0315552 -0.0594723 0.943088 -0.327182 0.213525 -0.0341257 0.325649 0.944875 -0.255185 0 0 0 1
3 0.353777 -0.843518 0.404128 0.128235 0.877596 0.448806 0.168517 -0.0456099 -0.323522 0.295044 0.899046 -0.400204 0 0 0 1
4 0.986273 0.0513513 -0.156938 0.0436907 0.109579 -0.914525 0.389406 1.54662 -0.123527 -0.401257 -0.907598 0.635232 0 0 0 1
5 0.993733 -0.0500346 -0.0999578 0.061867 0.111314 0.361238 0.925806 -0.381746 -0.0102138 -0.93113 0.364544 0.690918 0 0 0 1
6 -0.240289 0.633265 -0.735687 -0.241874 -0.970275 -0.179154 0.162698 0.199329 -0.0287699 0.752914 0.65749 -0.729203 0 0 0 1
7 0.963151 0.205042 -0.174061 -0.0092533 -0.19222 0.97742 0.0877556 0.00261684 0.188124 -0.0510639 0.980817 -0.0922582 0 0 0 1
8 0.964707 0.19318 -0.178947 -0.00368287 -0.174085 0.977753 0.117023 -0.0122984 0.197572 -0.0817411 0.976874 -0.0799271 0 0 0 1
#####################################################
*BONEANIMATION, BONEINDEX=8, NFRAMES=9
0 0.999331 -0.0354799 -0.00892454 0.0335035 0.0364832 0.948251 0.315417 -0.313983 -0.00272826 -0.315532 0.948911 0.19928 0 0 0 1
1 0.999861 0.0165075 -0.00219244 -0.00180074 -0.00985825 0.692875 0.72099 -0.0727716 0.0134208 -0.720869 0.692942 0.419987 0 0 0 1
2 0.998071 0.0620806 -0.000317938 -0.0493604 -0.0620542 0.99747 -0.0346873 -0.00106023 -0.00183628 0.0346401 0.999398 -0.0257171 0 0 0 1
3 0.100201 -0.990361 -0.0956297 0.398973 0.99489 0.0985307 0.0220429 0.11869 -0.012408 -0.0973498 0.995173 0.0804109 0 0 0 1
4 0.996695 0.0811301 0.00416967 -0.0512033 -0.0415944 0.465558 0.884039 0.48935 0.069781 -0.881291 0.467394 0.487015 0 0 0 1
5 0.999849 0.0117007 0.0128421 -0.0066969 -0.00275078 0.836492 -0.547973 -0.124881 -0.017154 0.547855 0.836398 -0.412167 0 0 0 1
6 0.499368 0.854228 -0.144659 -0.599927 -0.866268 0.495088 -0.0668332 -0.0680536 0.0145283 0.158688 0.987222 -0.127197 0 0 0 1
7 0.972907 0.0187092 0.230437 0.0210684 -0.203679 0.540962 0.816012 0.131552 -0.109391 -0.840839 0.530117 0.497509 0 0 0 1
8 0.974186 0.0205748 0.224807 0.0187357 -0.200693 0.534905 0.820731 0.134176 -0.103364 -0.844662 0.525226 0.498253 0 0 0 1
#####################################################
*BONEANIMATION, BONEINDEX=9, NFRAMES=9
0 0.611697 0.0191954 -0.790859 0.487414 0.261619 0.938548 0.225131 -0.45284 0.746581 -0.344616 0.569085 0.507035 0 0 0 1
1 0.726299 -0.0909316 -0.681337 0.510891 0.0364617 0.994912 -0.0939137 0.0947636 0.686411 0.0433667 0.72592 0.00279488 0 0 0 1
2 0.999992 -0.0011765 0.00380965 -0.00607491 0.00129379 0.999521 -0.0309325 -0.00875993 -0.00377144 0.0309372 0.999514 -0.0190695 0 0 0 1
3 0.0259369 0.995952 0.0860667 -0.513589 0.999475 -0.0275092 0.0171336 0.208181 0.0194319 0.0855771 -0.996142 0.918028 0 0 0 1
4 0.627505 -0.071628 -0.775311 0.55559 0.768801 0.21458 0.602412 0.901323 0.123217 -0.974076 0.189718 0.461486 0 0 0 1
5 0.644697 0.220302 -0.732006 0.264589 -0.123636 0.975016 0.184548 -0.471133 0.754374 -0.0284752 0.655827 0.182333 0 0 0 1
6 -0.207088 -0.919109 0.33519 -0.217694 -0.977897 0.184364 -0.0986306 0.129214 0.0288553 -0.348206 -0.936974 0.788996 0 0 0 1
7 0.693777 -0.0381865 -0.719177 0.50222 0.102302 0.993693 0.045926 0.0368102 0.712887 -0.105435 0.693307 0.164366 0 0 0 1
8 0.967538 0.078117 -0.240349 0.112562 -0.179743 0.881245 -0.437149 0.362632 0.177657 0.466159 0.86668 -0.354296 0 0 0 1
#####################################################
*BONEANIMATION, BONEINDEX=10, NFRAMES=9
0 0.962254 0.264081 0.0657841 -0.0565197 -0.182529 0.446945 0.875741 0.258507 0.201865 -0.854694 0.478278 0.336374 0 0 0 1
1 0.927921 -0.00959952 -0.372653 -0.0671627 0.343462 0.410596 0.844656 0.17318 0.144902 -0.911767 0.384298 0.377009 0 0 0 1
2 0.994252 0.0505123 -0.0944031 -0.0648143 -0.00118669 0.886861 0.462035 0.188629 0.107061 -0.459267 0.881823 0.299975 0 0 0 1
3 0.193905 -0.36084 0.912247 0.207227 0.926992 0.371732 -0.0500007 -0.00927518 -0.32107 0.855342 0.406577 -0.641862 0 0 0 1
4 0.976967 -0.213386 0.00145123 0.104266 0.205734 0.943696 0.25906 0.0272198 -0.0566494 -0.252795 0.96586 0.17067 0 0 0 1
5 0.993799 -0.0861603 0.0702801 0.0434503 0.0754596 0.986868 0.142817 0.0251607 -0.0816623 -0.136628 0.987251 -0.20301 0 0 0 1
6 -0.137979 0.96541 -0.221235 -0.490111 -0.887013 -0.0210704 0.461264 0.312708 0.440647 0.259883 0.859238 -0.248233 0 0 0 1
7 0.996288 -0.0350851 -0.0786127 0.0159201 0.0854048 0.517533 0.85139 0.22203 0.0108136 -0.854943 0.518608 0.449865 0 0 0 1
8 0.993121 -0.0381777 -0.110696 0.0100717 0.114196 0.524804 0.843528 0.215291 0.0258895 -0.850366 0.525554 0.446939 0 0 0 1
#####################################################
*BONEANIMATION, BONEINDEX=11, NFRAMES=9
0 0.654423 -0.0275044 -0.755628 0.499757 0.214635 0.964988 0.150763 -0.420153 0.725025 -0.260847 0.637414 0.383513 0 0 0 1
1 0.78845 -0.132453 -0.600669 0.484476 0.0461665 0.986529 -0.156939 0.146824 0.613364 0.0960075 0.783943 -0.0833042 0 0 0 1
2 0.987246 0.00500998 0.159125 -0.11114 0.0107335 0.995136 -0.0979244 0.0383018 -0.158841 0.0983834 0.98239 -0.0532656 0 0 0 1
3 -0.0378112 0.992444 0.116728 -0.525432 0.99769 0.0308949 0.060503 0.126066 0.0564395 0.118746 -0.991319 0.89391 0 0 0 1
4 0.694311 -0.14158 -0.705611 0.560245 0.708282 0.308197 0.6351 0.797555 0.127549 -0.940728 0.314263 0.342387 0 0 0 1
5 0.75289 0.0871729 -0.652347 0.315824 -0.136619 0.9903 -0.0253416 -0.334735 0.64381 0.108202 0.757496 -0.00630073 0 0 0 1
6 -0.218679 -0.9216 0.320676 -0.210883 -0.964865 0.155166 -0.212037 0.236679 0.145655 -0.355777 -0.923151 0.787663 0 0 0 1
7 0.328406 0.0522494 -0.94309 0.585517 0.120603 0.987977 0.0967329 0.0126549 0.936805 -0.145507 0.318156 0.410708 0 0 0 1
8 0.760847 0.133133 -0.635128 0.323648 -0.359352 0.901403 -0.241534 0.238972 0.54035 0.412004 0.733672 -0.245199 0 0 0 1
#####################################################
*BONEANIMATION, BONEINDEX=12, NFRAMES=9
0 0.987582 0.142633 -0.0658676 -0.0879121 -0.0597636 0.728798 0.682116 -0.125675 0.145297 -0.669709 0.728271 0.426643 0 0 0 1
1 0.986032 0.143328 -0.0848367 -0.0953177 -0.0168532 0.592611 0.805312 0.0104499 0.165699 -0.792634 0.58675 0.483148 0 0 0 1
2 0.982458 0.18618 0.0106145 -0.113854 -0.18123 0.966654 -0.180928 -0.0402322 -0.0439456 0.17583 0.983439 -0.13078 0 0 0 1
3 0.0233447 -0.979608 0.199556 0.481783 0.982194 0.0596938 0.178133 0.173551 -0.186413 0.191844 0.963559 -0.159286 0 0 0 1
4 0.997314 0.0261966 -0.0683969 -0.00794037 0.0207442 0.794578 0.606807 0.2027 0.070243 -0.606596 0.791901 0.39829 0 0 0 1
5 0.999519 0.00841029 0.02984 -0.00418138 0.0124339 0.772954 -0.634341 -0.0924618 -0.0283999 0.634407 0.772478 -0.482291 0 0 0 1
6 0.428455 0.834287 -0.346974 -0.697407 -0.900783 0.424486 -0.0916539 9.47179e-006 0.0708202 0.351818 0.933385 -0.224257 0 0 0 1
7 0.993814 0.110027 -0.0150669 -0.0725356 -0.0385296 0.468856 0.882434 0.189791 0.104156 -0.876395 0.470196 0.535173 0 0 0 1
8 0.99438 0.104633 -0.0161387 -0.0710559 -0.0329151 0.450423 0.892208 0.200081 0.100624 -0.886663 0.451336 0.536991 0 0 0 1
#####################################################
*BONEANIMATION, BONEINDEX=13, NFRAMES=9
0 0.963448 0.266502 0.0272889 -0.168689 -0.157107 0.644581 -0.74822 0.123246 -0.216992 0.716584 0.662889 -0.331546 0 0 0 1
1 0.999695 0.0055454 -0.0240601 0.0165316 -0.00934587 0.986934 -0.160851 0.0418808 0.0228537 0.161027 0.986685 -0.174006 0 0 0 1
2 0.999176 -0.039332 -0.0100014 0.0250783 0.0393098 0.876707 0.479417 -0.140235 -0.0100881 -0.479415 0.87753 0.326381 0 0 0 1
3 -0.125947 0.445837 0.886209 -0.597922 0.979624 0.196767 0.040232 0.0596777 -0.15644 0.873219 -0.461535 -0.109278 0 0 0 1
4 0.99994 -0.00352458 0.0103237 0.00797528 -0.0108736 -0.246077 0.969189 0.936499 -0.000875561 -0.969244 -0.246101 0.662636 0 0 0 1
5 0.998832 0.0191524 0.0443576 -0.0211511 -0.0448826 0.707696 0.70509 -0.435796 -0.0178875 -0.706257 0.707729 0.447781 0 0 0 1
6 -0.502842 -0.725879 -0.469307 0.125335 -0.856007 0.493563 0.153779 -0.159651 0.120007 0.479057 -0.869542 0.0626978 0 0 0 1
7 0.999685 0.0145921 -0.0204216 0.0104605 -0.0187784 0.974685 -0.222794 0.113679 0.0166536 0.223107 0.974652 -0.199692 0 0 0 1
8 0.973012 -0.0540952 -0.224323 0.117653 0.175642 0.804104 0.56795 -0.0920361 0.149655 -0.592023 0.791904 0.366647 0 0 0 1
#####################################################
*BONEANIMATION, BONEINDEX=14, NFRAMES=9
0 0.999733 -0.000853091 0.0230856 0.00215291 0.00393219 0.991019 -0.133664 -0.328565 -0.0227643 0.133719 0.990758 -0.0867566 0 0 0 1
1 0.999886 0.00862172 0.0124205 -0.000740773 -0.0140307 0.835213 0.549747 -0.136076 -0.00563403 -0.549858 0.835239 0.301214 0 0 0 1
2 0.999964 -1.41345e-005 0.00847951 -0.00421833 0.000315169 0.99937 -0.0355011 -0.00678218 -0.00847366 0.0355025 0.999334 -0.0218434 0 0 0 1
3 -0.0300083 -0.84353 0.536242 0.277952 0.999542 -0.0274146 0.0128104 0.20326 0.0038949 0.536381 0.843967 -0.335896 0 0 0 1
4 0.999977 0.00112352 -0.00670706 0.00821318 0.00673173 -0.0236182 0.999698 0.798346 0.000964769 -0.99972 -0.0236252 0.559011 0 0 0 1
5 0.99988 -0.000390269 -0.0155011 0.00256066 -0.00226358 0.9853 -0.170816 -0.225623 0.0153399 0.17083 0.985181 -0.1766 0 0 0 1
6 0.201957 0.0799278 -0.976128 -0.117913 -0.877587 0.45724 -0.144129 -0.0936041 0.434805 0.885744 0.162486 -0.557535 0 0 0 1
7 0.999882 0.00241142 0.0151575 0.00225736 -0.00942575 0.87588 0.482437 -0.0941787 -0.0121128 -0.482523 0.8758 0.255077 0 0 0 1
8 0.999713 -0.000251406 0.0239544 0.0019074 -0.0114686 0.872885 0.487791 -0.0934681 -0.0210321 -0.487926 0.872631 0.257843 0 0 0 1
#####################################################
*BONEANIMATION, BONEINDEX=15, NFRAMES=9
0 0.916914 -0.0636218 -0.39398 0.178972 0.0777161 0.996777 0.0199054 -0.0514451 0.391444 -0.0488702 0.918903 0.120732 0 0 0 1
1 0.993075 -0.0354571 -0.112002 0.0256468 0.00274664 0.960114 -0.279594 0.0872362 0.117449 0.277351 0.953563 -0.0595162 0 0 0 1
2 0.999148 0.0377876 -0.0166129 -0.0186005 -0.0405201 0.974638 -0.220088 0.168202 0.00787493 0.220574 0.975338 -0.265473 0 0 0 1
3 0.130987 0.872383 0.470946 -0.0285072 0.792791 0.193051 -0.578112 0.273069 -0.595252 0.449086 -0.66633 0.213188 0 0 0 1
4 0.989594 -0.0171575 -0.142864 0.0488082 0.140748 -0.0909583 0.985858 1.24825 -0.0299096 -0.995707 -0.0875969 0.341298 0 0 0 1
5 0.982927 0.0204359 -0.182859 0.0905297 0.0149328 0.981675 0.189979 -0.124837 0.18339 -0.189466 0.964609 0.37637 0 0 0 1
6 -0.161625 -0.985177 -0.0574837 -0.319985 -0.974764 0.150284 0.165077 0.151895 -0.153991 0.0827135 -0.984604 -0.0200439 0 0 0 1
7 0.982472 0.0944352 -0.160717 -0.00783731 -0.14384 0.93246 -0.331403 0.170532 0.118566 0.348712 0.9297 -0.0830276 0 0 0 1
8 0.982357 0.0878995 -0.165072 -0.00507496 -0.137623 0.937424 -0.319837 0.163987 0.126629 0.336912 0.932982 -0.0827842 0 0 0 1
#####################################################
*BONEANIMATION, BONEINDEX=16, NFRAMES=9
0 0.981188 0.0509428 -0.186211 0.0733434 0.0204894 0.931628 0.362835 -0.535695 0.191963 -0.359825 0.913059 0.292505 0 0 0 1
1 0.996069 0.0118696 -0.0877765 0.0514125 0.0060021 0.979658 0.200585 -0.0849269 0.0883718 -0.200323 0.975736 0.0208097 0 0 0 1
2 0.999931 0.0117139 0.00125901 -0.0110507 -0.0116623 0.999313 -0.0351684 -0.00603996 -0.0016701 0.0351512 0.999381 -0.0215 0 0 0 1
3 -0.0120038 0.414804 0.909832 -0.614586 0.999909 0.0105314 0.00839085 0.184457 -0.00610121 0.90985 -0.414893 -0.0621243 0 0 0 1
4 0.996259 0.00317836 -0.0863549 0.0580696 0.0862782 0.0192941 0.996084 0.786558 0.00483205 -0.999809 0.0189477 0.589456 0 0 0 1
5 0.9385 0.0172426 -0.344849 0.165904 -0.139658 0.932363 -0.333458 -0.111293 0.315775 0.361111 0.877431 -0.253508 0 0 0 1
6 -0.136057 -0.919173 -0.369608 0.238119 -0.976642 0.0618136 0.205789 0.0212134 -0.166309 0.388974 -0.906113 0.229503 0 0 0 1
7 0.995096 0.0212787 -0.0966015 0.0500292 -0.00806145 0.990785 0.135202 -0.0246528 0.0985883 -0.13376 0.986098 -0.0157748 0 0 0 1
8 0.996737 0.0102127 -0.0800726 0.0471214 -0.0325425 0.95862 -0.282821 0.209311 0.0738708 0.284504 0.955825 -0.287441 0 0 0 1
#####################################################
*BONEANIMATION, BONEINDEX=17, NFRAMES=9
0 0.984546 0.0514437 -0.167397 -0.0869212 -0.108445 0.92965 -0.352122 -0.814806 0.137507 0.364834 0.920863 -0.254727 0 0 0 1
1 0.998516 -0.0491988 -0.0233489 0.082767 0.0368112 0.92573 -0.376389 -0.882912 0.0401327 0.374971 0.926168 -0.187625 0 0 0 1
2 0.999204 -0.0327001 -0.0228519 -0.00397535 0.00888515 0.740846 -0.671616 -0.136357 0.0388917 0.670878 0.740547 -0.573094 0 0 0 1
3 0.27826 -0.611247 -0.740911 -0.152379 0.954504 0.0898769 0.28433 0.287379 -0.107205 -0.78632 0.608447 0.379306 0 0 0 1
4 0.981826 0.171748 -0.0807513 -0.12834 -0.0534567 0.658531 0.750652 0.338868 0.1821 -0.732693 0.655744 0.445316 0 0 0 1
5 0.992036 0.124437 -0.0194673 -0.106479 -0.116146 0.844029 -0.52357 -0.17951 -0.0487207 0.521661 0.85176 -0.409554 0 0 0 1
6 -0.597413 -0.0063327 0.801909 0.332497 0.0389779 0.998558 0.0369237 -0.368523 -0.800986 0.0533155 -0.596304 -1.03485 0 0 0 1
7 -0.364142 -0.915733 -0.169804 0.333056 -0.749299 0.396336 -0.530536 -0.590294 0.553128 -0.0659566 -0.830481 -0.62408 0 0 0 1
8 -0.458225 -0.881872 -0.111051 0.329119 -0.753978 0.451818 -0.476841 -0.615453 0.470687 -0.134771 -0.871946 -0.610117 0 0 0 1
#####################################################
*BONEANIMATION, BONEINDEX=18, NFRAMES=9
0 0.638084 0.0746784 -0.766337 0.420799 0.252614 0.919891 0.299979 -0.493533 0.727348 -0.384999 0.568103 0.538497 0 0 0 1
1 0.755884 -0.030812 -0.65398 0.439183 0.0512189 0.998614 0.0121507 0.0149019 0.652699 -0.0426807 0.756414 0.0504236 0 0 0 1
2 0.993995 0.00104108 -0.109417 0.0676166 -0.00709168 0.998465 -0.0549239 0.00654845 0.109192 0.05537 0.992477 -0.0306902 0 0 0 1
3 0.0393163 0.917406 0.396006 -0.662839 0.99534 -0.0708771 0.0653776 0.211012 0.0880455 0.39159 -0.915918 0.610058 0 0 0 1
4 0.667858 -0.029311 -0.743712 0.494629 0.73833 0.152281 0.657023 0.911093 0.0939952 -0.987902 0.123343 0.522388 0 0 0 1
5 0.737204 0.20486 -0.643865 0.219767 -0.130935 0.978179 0.161313 -0.465726 0.662862 -0.0346158 0.747941 0.111605 0 0 0 1
6 -0.288956 -0.955538 0.0587567 0.00391776 -0.949233 0.277997 -0.147221 0.0843461 0.124341 -0.0983142 -0.987357 0.624516 0 0 0 1
7 0.953177 0.0320236 -0.300714 0.163894 0.0513475 0.962801 0.265287 -0.0918986 0.298023 -0.268306 0.916075 0.122225 0 0 0 1
8 0.968108 -0.00473639 0.250489 -0.158547 0.092875 0.935368 -0.341264 0.264128 -0.232683 0.353645 0.905977 -0.307277 0 0 0 1
#####################################################
*BONEANIMATION, BONEINDEX=19, NFRAMES=9
0 0.999963 0.00453496 0.00728975 0.00506519 -0.00767178 0.853137 0.52163 -0.216231 -0.00385359 -0.521667 0.85314 0.306494 0 0 0 1
1 0.999911 -0.0132306 -0.00190221 0.0141213 0.0100795 0.652875 0.757398 -0.0367408 -0.00877889 -0.75735 0.65295 0.449357 0 0 0 1
2 0.999902 -0.00718825 -0.0119902 5.28096e-005 0.00641686 0.997982 -0.0631777 -0.00138417 0.0124201 0.0630945 0.99793 -0.0369325 0 0 0 1
3 -0.0598865 -0.996598 0.0566289 0.427568 0.997888 -0.0612005 -0.0217603 0.232291 0.025152 0.0552062 0.998158 -0.050723 0 0 0 1
4 0.99983 -0.0180664 -0.00364479 0.0199262 0.0150509 0.686234 0.727225 0.3209 -0.0106371 -0.727156 0.68639 0.430584 0 0 0 1
5 0.999976 -0.00405178 0.00555619 0.00478785 0.00654844 0.80771 -0.589544 -0.115612 -0.00209908 0.589567 0.807717 -0.445226 0 0 0 1
6 0.730741 0.682474 0.0157269 -0.479292 -0.675586 0.726289 -0.12684 -0.285241 -0.0979871 0.0820621 0.991799 -0.0967517 0 0 0 1
7 0.990769 -0.0124488 -0.13499 -0.00600379 0.133824 0.248773 0.959272 0.288839 0.02164 -0.968482 0.248142 0.527851 0 0 0 1
8 0.990767 -0.013608 -0.134891 -0.00505564 0.13395 0.251879 0.958444 0.287527 0.0209337 -0.967663 0.251376 0.528408 0 0 0 1
#####################################################
*BONEANIMATION, BONEINDEX=20, NFRAMES=9
0 0.956734 -0.170742 -0.2356 -0.00508477 0.169766 0.985178 -0.0245777 -0.201619 0.236304 -0.0164824 0.971539 0.251608 0 0 0 1
1 0.988056 0.111157 -0.106718 -0.0851985 -0.0921297 0.981282 0.169108 -0.19558 0.123518 -0.157256 0.979803 0.332367 0 0 0 1
2 0.988449 0.0684868 -0.135199 -0.0809748 -0.128164 0.853857 -0.504483 -0.0108579 0.0808904 0.515983 0.852771 -0.336152 0 0 0 1
3 -0.165639 -0.504621 0.847303 0.310387 0.986111 -0.0953949 0.135961 0.267372 0.0122198 0.858055 0.513413 -0.610211 0 0 0 1
4 0.99375 0.0405537 0.104005 0.0409767 -0.0658092 0.96539 0.25237 0.0425305 -0.0901706 -0.257638 0.962025 0.139463 0 0 0 1
5 0.999174 -0.012417 0.0387042 0.00486042 0.0207431 0.97464 -0.222815 -0.0581158 -0.034956 0.223434 0.974092 -0.317722 0 0 0 1
6 0.315478 0.279618 -0.9068 -0.588791 -0.927228 -0.11238 -0.357238 0.0802992 -0.201797 0.953512 0.223817 -0.63046 0 0 0 1
7 0.989475 0.0917269 -0.111918 -0.0739831 -0.0829164 0.993259 0.0809968 -0.187002 0.118593 -0.0708645 0.990411 0.329428 0 0 0 1
8 0.986655 0.106283 -0.12335 -0.08201 -0.0971885 0.992239 0.0775591 -0.187732 0.130636 -0.0645359 0.989328 0.329989 0 0 0 1
#####################################################
*BONEANIMATION, BONEINDEX=21, NFRAMES=9
0 0.999028 0.0403695 0.0177232 -0.0191796 -0.0266104 0.231601 0.972447 0.262169 0.0351525 -0.971973 0.23245 0.448278 0 0 0 1
1 0.992878 0.106239 0.0539124 -0.0482537 -0.0752682 0.208606 0.975099 0.271237 0.0923475 -0.972212 0.215117 0.495861 0 0 0 1
2 0.996862 0.0791478 -0.00137607 -0.0550045 -0.064493 0.80196 -0.593886 -0.00128304 -0.0459012 0.592111 0.804548 -0.405715 0 0 0 1
3 -0.0362435 -0.614323 0.788222 0.347764 0.998284 -0.0585491 0.000270595 0.23007 0.0459835 0.786879 0.615391 -0.55096 0 0 0 1
4 0.998486 -0.0473171 0.0280348 0.0482228 0.0462556 0.99823 0.0373763 -0.0109732 -0.0297537 -0.036023 0.998908 0.0798392 0 0 0 1
5 0.999509 0.0291507 0.0115073 -0.0142639 -0.0122721 0.701908 -0.712162 -0.0839195 -0.0288371 0.711671 0.701921 -0.547828 0 0 0 1
6 0.362647 0.931209 -0.0365784 -0.682247 -0.925998 0.355642 -0.126671 -0.0742791 -0.104948 0.0798085 0.99127 -0.107949 0 0 0 1
7 0.987803 0.0947635 0.12355 -0.033435 -0.143531 0.246565 0.958439 0.285984 0.0603621 -0.964482 0.257159 0.530874 0 0 0 1
8 0.986847 0.104909 0.122995 -0.038777 -0.145635 0.246678 0.958092 0.285991 0.0701724 -0.963402 0.258712 0.530732 0 0 0 1
#####################################################
*BONEANIMATION, BONEINDEX=22, NFRAMES=9
0 0.842387 -0.0849337 0.532137 -0.254166 -0.505968 0.215119 0.835296 -0.383111 -0.185418 -0.972887 0.13824 0.541251 0 0 0 1
1 0.997442 0.0597575 0.039226 -0.0272561 -0.0648365 0.987382 0.144473 -0.0846671 -0.0300977 -0.146647 0.988731 -0.0650793 0 0 0 1
2 0.995419 -0.0951342 0.00951595 0.0407865 0.0642748 0.739548 0.670029 -0.162932 -0.0707801 -0.666347 0.742274 0.445641 0 0 0 1
3 -0.140368 -0.719346 0.680322 -0.0630737 0.989964 -0.0906126 0.108445 0.141331 -0.0163639 0.688717 0.724846 -0.48929 0 0 0 1
4 0.995131 0.0725521 0.0667082 -0.0431108 0.0130124 -0.767629 0.640762 1.27919 0.0976958 -0.636774 -0.764836 0.754712 0 0 0 1
5 0.99211 -0.00010831 0.125372 -0.0455242 -0.116743 0.363789 0.924137 -0.398185 -0.0457092 -0.931481 0.360906 0.677776 0 0 0 1
6 -0.446176 0.710473 -0.544201 -0.413175 -0.890075 -0.288932 0.352539 0.0591235 0.0932323 0.641675 0.761289 -0.645534 0 0 0 1
7 0.999227 -0.0242215 0.0309582 0.00871407 0.0213519 0.995724 0.0898795 -0.0141165 -0.0330028 -0.089149 0.995471 -0.0975372 0 0 0 1
8 0.905916 -0.28633 -0.311981 0.2337 0.204557 -0.349181 0.914456 0.224141 -0.370774 -0.892238 -0.257757 0.845245 0 0 0 1
#####################################################
*BONEANIMATION, BONEINDEX=23, NFRAMES=9
0 0.979772 -0.200094 0.00316955 0.127796 0.108168 0.51619 -0.849616 0.236894 0.168367 0.832773 0.527392 -0.347166 0 0 0 1
1 0.998612 0.0517336 0.00986549 -0.028094 -0.0513754 0.998113 -0.0336337 -0.0148927 -0.0115869 0.0330802 0.999386 -0.103641 0 0 0 1
2 0.998692 -0.0511211 -0.000559935 0.0236815 0.0337702 0.667872 -0.74351 0.47158 0.038383 0.742519 0.668725 -0.313927 0 0 0 1
3 -0.140563 0.217976 0.965779 -0.463925 0.989167 0.0726131 0.127578 0.106213 -0.0423193 0.973249 -0.225821 -0.252677 0 0 0 1
4 0.999671 -0.0181544 0.0181226 0.00240666 -0.0248232 -0.862746 0.505028 1.48762 0.00646675 -0.505312 -0.862913 0.653467 0 0 0 1
5 0.99765 -0.0652926 -0.0207688 0.0411814 0.0588656 0.661688 0.747465 -0.428429 -0.0350615 -0.746931 0.663977 0.494533 0 0 0 1
6 0.00320873 -0.703803 -0.710388 0.258035 -0.994779 -0.0747114 0.0695255 0.192732 -0.102006 0.706456 -0.700368 -0.164625 0 0 0 1
7 0.998855 0.0463734 0.0117879 -0.0265795 -0.0448979 0.993547 -0.104152 0.0553219 -0.0165417 0.103503 0.994492 -0.136397 0 0 0 1
8 0.998391 0.0541085 0.0169786 -0.0309662 -0.0520819 0.993317 -0.103001 0.0550677 -0.0224384 0.10195 0.994536 -0.131837 0 0 0 1
#####################################################
*BONEANIMATION, BONEINDEX=24, NFRAMES=9
0 0.99993 -0.00575037 0.0103555 0.0113617 0.00550348 0.999704 0.0237141 -0.354367 -0.0104888 -0.0236555 0.999665 0.00831555 0 0 0 1
1 0.999981 -0.00595267 0.00186165 0.0109266 0.00290865 0.709126 0.705075 -0.0692394 -0.00551722 -0.705056 0.70913 0.412583 0 0 0 1
2 0.999957 -0.00856352 0.00363399 0.00365749 0.00873626 0.998684 -0.0505302 -7.37039e-005 -0.0031965 0.0505597 0.998716 -0.0285966 0 0 0 1
3 -0.0527929 -0.989145 0.137135 0.42517 0.998569 -0.0511233 0.0156712 0.222838 -0.00849029 0.137766 0.990428 -0.0879385 0 0 0 1
4 0.99994 0.00688783 -0.00856159 0.00192945 0.00802969 0.073859 0.997236 0.746231 0.00750114 -0.997245 0.0737992 0.546808 0 0 0 1
5 0.999966 -0.00665005 -0.00486706 0.00452466 0.00469553 0.945134 -0.326649 -0.18286 0.00677226 0.326615 0.945133 -0.267302 0 0 0 1
6 0.684019 0.340175 -0.64529 -0.320886 -0.485499 0.872526 -0.0546717 -0.342601 0.544435 0.350684 0.761979 -0.276861 0 0 0 1
7 0.999941 -0.00688449 -0.00837981 0.0105274 0.010736 0.737708 0.675035 -0.0290078 0.00153458 -0.675085 0.737738 0.393067 0 0 0 1
8 0.99993 -0.00803254 -0.00866894 0.0114771 0.0117743 0.74031 0.672163 -0.0296205 0.00101852 -0.672218 0.740352 0.39163 0 0 0 1
#####################################################
*VERTEXWEIGHTS, NVERTICES=7207  #(vtx0Based bone0 w0 bone1 w1 ... )
0  19 0.74334 5 0.144449 12 0.0916283 10 0.0205833
1  19 0.753693 5 0.140795 12 0.0638368 24 0.0416757
2  19 0.669347 5 0.173969 12 0.0969311 24 0.0597525
3  19 0.608092 8 0.198517 12 0.0736995 21 0.119691
4  19 0.706514 8 0.236831 21 0.0496677 17 0.00698714
5  19 0.699839 8 0.234371 21 0.0634343 17 0.00235596
6  19 0.618485 8 0.212801 21 0.121915 12 0.0467991
7  19 0.45573 12 0.307589 5 0.188462 10 0.0482184
8  19 0.645135 5 0.162546 12 0.119856 24 0.072463
9  19 0.606221 5 0.13237 12 0.1928 24 0.0686091
10  19 0.520043 12 0.294326 5 0.143073 10 0.0425573
11  19 0.608737 8 0.180775 21 0.134778 0 0.0757094
12  19 0.723074 8 0.183634 21 0.0636732 0 0.0296196
13  19 0.634339 0 0.122411 21 0.138499 24 0.104751
14  0 0.411732 19 0.463291 10 0.0430543 21 0.0819228
15  0 0.846169 10 0.101841 5 0.0396462 16 0.0123434
16  0 0.844513 10 0.0895122 5 0.039231 4 0.0267434
17  0 0.844899 10 0.10158 5 0.0395494 16 0.0139715
18  0 0.844183 10 0.107086 5 0.0360336 16 0.012698
19  19 0.724059 8 0.18181 12 0.042412 0 0.0517188
20  19 0.795935 12 0.1088 0 0.0584642 21 0.0368002
21  19 0.792718 12 0.115566 21 0.0614868 0 0.0302288
22  19 0.699945 8 0.202698 21 0.0791072 12 0.0182504
23  19 0.774515 8 0.18735 0 0.0269762 12 0.0111592
24  19 0.766546 8 0.219214 17 0.0142402
25  19 0.838423 12 0.0997146 21 0.0342768 0 0.0275854
26  19 0.76511 12 0.0536933 0 0.0758479 8 0.105349
27  8 0.456211 0 0.358841 12 0.0704057 19 0.114542
28  8 0.722882 19 0.167816 12 0.0312021 0 0.0781004
29  8 0.726332 12 0.0509087 0 0.0944558 19 0.128304
30  8 0.558465 0 0.27132 12 0.112884 10 0.0573312
31  8 0.539272 0 0.282357 12 0.120185 10 0.0581863
32  8 0.689526 12 0.148135 0 0.112609 4 0.0497307
33  19 0.754283 8 0.224415 24 0.0114706 17 0.00983138
34  8 0.578643 0 0.216359 12 0.174659 4 0.030339
35  8 0.720961 12 0.0712626 0 0.133966 19 0.0738099
36  19 0.746354 8 0.229896 24 0.0160995 17 0.00765063
37  0 0.438314 8 0.376523 19 0.147002 12 0.0381619
38  0 0.537849 8 0.25643 19 0.16072 24 0.0450007
39  8 0.508708 24 0.0994507 19 0.20692 0 0.184921
40  8 0.623732 24 0.0749209 19 0.177964 0 0.123384
41  8 0.522624 0 0.282034 12 0.144998 10 0.0503438
42  8 0.525765 0 0.286897 12 0.130612 10 0.0567262
43  8 0.685482 12 0.147648 0 0.118385 4 0.0484854
44  8 0.678826 12 0.148463 0 0.124814 4 0.0478967
45  0 0.571484 24 0.241327 10 0.0877321 21 0.0994565
46  0 0.3866 24 0.171321 19 0.252947 8 0.189132
47  8 0.365439 0 0.269433 24 0.131145 19 0.233983
48  0 0.573159 24 0.171376 10 0.0623197 19 0.193145
49  19 0.786402 12 0.0784937 5 0.0745037 8 0.0606004
50  19 0.782233 8 0.145224 12 0.0256222 5 0.046921
51  19 0.758898 8 0.219563 17 0.0134958 0 0.00804258
52  19 0.759462 8 0.21905 0 0.00833837 17 0.0131497
53  19 0.753231 8 0.228506 24 0.0100811 17 0.0081817
54  19 0.759821 8 0.223941 17 0.010195 24 0.00604258
55  19 0.754288 8 0.222821 17 0.0113003 0 0.0115907
56  0 0.801702 10 0.0836925 24 0.0775777 5 0.0370282
57  0 0.804193 10 0.0721007 24 0.0831123 5 0.0405944
58  19 0.644617 12 0.104961 8 0.160697 0 0.0897243
59  19 0.617325 12 0.231879 5 0.0993497 0 0.0514463
60  19 0.678047 8 0.19834 12 0.0743382 5 0.0492746
61  19 0.710017 8 0.237869 17 0.011604 21 0.0405104
62  19 0.629904 8 0.22236 21 0.121881 12 0.0258546
63  19 0.701086 8 0.224452 21 0.0744618
64  19 0.794148 5 0.0809929 8 0.110731 12 0.0141279
65  0 0.607898 24 0.214007 10 0.0879495 21 0.0901446
66  0 0.481821 24 0.230141 19 0.247657 10 0.0403808
67  19 0.746043 5 0.136773 24 0.0588426 12 0.0583409
68  19 0.673594 5 0.168405 12 0.0824914 24 0.0755098
69  19 0.801384 5 0.0875331 8 0.0807642 24 0.030319
70  19 0.733682 5 0.138332 24 0.0663072 12 0.0616796
71  19 0.671084 5 0.166982 24 0.0853827 12 0.0765505
72  19 0.654982 5 0.158129 12 0.0974401 24 0.0894484
73  19 0.704543 5 0.0764286 8 0.167216 24 0.0518125
74  19 0.658129 5 0.156353 24 0.0998123 12 0.0857057
75  19 0.695451 5 0.069314 8 0.192686 24 0.0425488
76  19 0.682141 8 0.258687 5 0.0198829 21 0.0392895
77  8 0.457904 24 0.352859 12 0.0925733 19 0.0966642
78  8 0.717606 19 0.156863 12 0.0276661 0 0.0978645
79  8 0.733235 19 0.176992 12 0.0097043 0 0.0800685
80  8 0.427565 24 0.402556 19 0.0821317 12 0.0877471
81  19 0.783566 5 0.0967367 8 0.0883093 24 0.0313879
82  19 0.775893 5 0.0840091 8 0.116054 24 0.0240433
83  19 0.722912 5 0.133489 8 0.104086 24 0.0395125
84  19 0.658444 5 0.174803 24 0.0843557 12 0.0823975
85  19 0.793291 5 0.0896748 8 0.0879441 24 0.0290901
86  19 0.657416 8 0.272921 5 0.0269395 21 0.042724
87  19 0.640833 8 0.286407 5 0.0300416 21 0.0427181
88  19 0.64194 8 0.255598 5 0.0838664 24 0.018596
89  19 0.599621 8 0.303857 5 0.0489294 21 0.0475925
90  19 0.687375 8 0.254806 5 0.0172851 21 0.0405338
91  19 0.686083 8 0.254179 5 0.0185753 21 0.0411633
92  19 0.688317 5 0.0603354 8 0.223521 24 0.0278271
93  19 0.658701 5 0.109447 8 0.189387 24 0.0424647
94  19 0.633379 8 0.28428 5 0.0364118 21 0.0459292
95  24 0.637861 8 0.231085 19 0.102984 20 0.02807
96  24 0.626599 8 0.27138 19 0.0706362 20 0.0313849
97  8 0.39572 24 0.346232 19 0.229248 20 0.0288006
98  24 0.284731 19 0.331122 8 0.241343 0 0.142805
99  19 0.670933 8 0.266946 21 0.0426366 5 0.0194846
100  19 0.679693 8 0.260106 21 0.041167 5 0.0190334
101  19 0.689168 8 0.266676 21 0.0363937 17 0.00776234
102  19 0.683785 8 0.261765 21 0.040571 5 0.0138795
103  19 0.760775 8 0.218621 5 0.0141544 24 0.00644928
104  19 0.772725 8 0.216263 5 0.00975528 24 0.00125726
105  19 0.707672 8 0.239859 5 0.00901853 21 0.0434505
106  19 0.769705 8 0.212075 5 0.00900201 24 0.00921753
107  19 0.777063 8 0.202361 5 0.00763321 24 0.0129436
108  19 0.710061 8 0.231888 21 0.0540346 5 0.00401705
109  19 0.702595 8 0.241193 21 0.0491082 5 0.00710404
110  19 0.696024 8 0.24839 5 0.0138622 21 0.0417238
111  19 0.69652 8 0.250309 5 0.0131344 21 0.040037
112  19 0.708401 8 0.242853 21 0.0418162 17 0.00693029
113  19 0.731263 8 0.21696 21 0.0486411 5 0.00313585
114  0 0.848844 10 0.0856109 5 0.0400308 4 0.0255147
115  0 0.77848 10 0.0643474 24 0.11642 5 0.0407523
116  0 0.849614 10 0.0851573 5 0.0393656 4 0.0258634
117  0 0.690303 10 0.0795108 24 0.207169 5 0.0230169
118  19 0.759062 8 0.204071 0 0.0309235 5 0.00594397
119  19 0.769215 8 0.159125 0 0.0671986 5 0.0044616
120  19 0.800446 8 0.160908 24 0.0185327 0 0.0201132
121  19 0.810058 8 0.112046 24 0.0409184 0 0.0369775
122  8 0.593942 19 0.277123 14 0.0744104 24 0.0545245
123  19 0.721236 8 0.161655 24 0.10609 4 0.0110189
124  19 0.674254 8 0.221562 24 0.0967188 4 0.00746478
125  8 0.551759 19 0.332887 24 0.0571441 14 0.0582098
126  19 0.703049 8 0.252552 21 0.0358679 5 0.00853137
127  19 0.692378 8 0.254928 5 0.0133662 21 0.0393279
128  19 0.689055 8 0.257039 21 0.039608 5 0.0142974
129  19 0.708412 8 0.253725 21 0.0328473 17 0.00501529
130  19 0.712901 8 0.245785 5 0.00750836 21 0.0338058
131  19 0.701989 8 0.249448 5 0.0107054 21 0.0378575
132  19 0.700793 8 0.260096 21 0.0339137 17 0.00519719
133  19 0.721914 8 0.248576 21 0.0271266 17 0.00238368
134  19 0.732493 8 0.240244 21 0.0250591 17 0.00220424
135  8 0.533765 19 0.335693 24 0.0818087 14 0.0487327
136  19 0.63185 8 0.258095 24 0.104568 10 0.005487
137  19 0.620598 8 0.26347 24 0.110193 10 0.0057396
138  8 0.464194 19 0.370325 24 0.154263 4 0.0112191
139  19 0.648971 8 0.240738 24 0.103781 10 0.00651014
140  19 0.738621 8 0.212565 24 0.0337354 21 0.0150786
141  19 0.712624 8 0.233902 24 0.0370852 21 0.0163895
142  19 0.607579 8 0.267748 24 0.118652 10 0.00602076
143  8 0.416584 19 0.39371 24 0.182385 4 0.00732175
144  19 0.692789 8 0.267006 21 0.0349823 17 0.00522249
145  19 0.685802 8 0.26969 21 0.0367768 17 0.00773087
146  19 0.688379 8 0.27081 21 0.0356941 17 0.00511699
147  19 0.69984 8 0.266379 21 0.031298 17 0.00248286
148  19 0.71068 8 0.257585 21 0.0292424 17 0.00249294
149  19 0.596265 8 0.270008 24 0.127564 10 0.00616306
150  8 0.39168 19 0.400074 24 0.199239 4 0.00900751
151  0 0.496654 24 0.209631 19 0.25948 10 0.0342348
152  19 0.322009 24 0.349397 0 0.26288 21 0.0657138
153  0 0.603373 24 0.0565977 10 0.0356996 19 0.30433
154  0 0.546753 24 0.129126 10 0.0322658 19 0.291855
155  24 0.467055 19 0.205073 8 0.316339 5 0.0115323
156  24 0.38444 19 0.272962 8 0.334122 5 0.00847633
157  8 0.528183 19 0.295187 24 0.101584 14 0.0750465
158  8 0.403341 19 0.277798 24 0.281065 0 0.0377965
159  19 0.529505 0 0.327623 24 0.131014 10 0.0118575
160  19 0.754155 24 0.125092 0 0.104091 4 0.0166619
161  24 0.586905 8 0.315319 19 0.0662008 20 0.0315754
162  24 0.536342 8 0.359435 19 0.0737541 20 0.0304683
