#####################################################
# (c) Binh Le (bhle2@cs.uh.edu)
#
# Running time: 28.562 (s)
# Repeat      : 11
#
#####################################################
*OBJFILENAME
..\Data\cat-poses.obj
#####################################################
*BONEANIMATION, BONEINDEX=0, NFRAMES=9
0 0.998392 -0.0550039 0.013703 0.0361053 -0.0127437 0.0177539 0.999761 0.386844 -0.055234 -0.998328 0.0170244 0.445852 0 0 0 1
1 0.998943 -0.039499 -0.0235122 0.0260935 0.0275017 0.103701 0.994228 0.335498 -0.0368327 -0.993824 0.104678 0.496674 0 0 0 1
2 0.989978 0.112395 -0.0855028 -0.0817171 -0.0340211 0.777432 0.628046 0.266925 0.137062 -0.618843 0.773465 0.313089 0 0 0 1
3 0.0543027 -0.513634 0.856289 0.287618 0.9448 0.303931 0.122393 0.0197268 -0.323118 0.802376 0.501785 -0.578874 0 0 0 1
4 0.996755 -0.00889477 -0.0799989 -0.00747929 0.0170854 0.994608 0.102291 -0.00325087 0.0786577 -0.103326 0.991532 0.124655 0 0 0 1
5 0.996011 0.0511363 -0.073127 -0.0369409 -0.0883458 0.68037 -0.727525 -0.0727065 0.0125505 0.731083 0.682173 -0.532712 0 0 0 1
6 0.0416055 0.989983 -0.134917 -0.642295 -0.997224 0.0494921 0.0556372 0.215788 0.0617572 0.132227 0.989294 -0.122158 0 0 0 1
7 0.998484 -0.045212 -0.0313888 0.0260154 0.0384962 0.166072 0.985362 0.350629 -0.0393373 -0.985077 0.167561 0.539144 0 0 0 1
8 0.997098 -0.070622 -0.0284336 0.0400116 0.0406917 0.178722 0.983058 0.34258 -0.0643438 -0.981362 0.181077 0.54098 0 0 0 1
#####################################################
*BONEANIMATION, BONEINDEX=1, NFRAMES=9
0 0.671812 0.337153 -0.659543 -0.699475 -0.719746 0.507524 -0.473693 -0.774389 0.175027 0.792936 0.583625 -0.860745 0 0 0 1
1 0.943819 -0.00213344 -0.330455 -0.205929 -0.254211 0.634236 -0.730152 -1.07273 0.211144 0.773137 0.598062 -0.768017 0 0 0 1
2 0.979657 -0.172858 0.101946 0.206176 0.116678 0.0773009 -0.990157 0.0302143 0.163276 0.981909 0.0958971 -1.29347 0 0 0 1
3 0.0478645 -0.962497 -0.267038 0.57847 0.955957 -0.033364 0.291604 0.403342 -0.289577 -0.269234 0.918509 0.379178 0 0 0 1
4 0.965113 0.0243273 -0.260701 -0.169978 0.0325288 0.976821 0.211573 -0.328041 0.259805 -0.212672 0.941951 0.360548 0 0 0 1
5 0.983025 -0.154899 0.0983234 0.1867 0.183213 0.85717 -0.481344 -0.201268 -0.0097199 0.491188 0.870999 -0.398208 0 0 0 1
6 -0.69271 0.712614 0.111056 -0.73333 0.616914 0.505699 0.603064 0.563873 0.373591 0.48626 -0.789925 -1.46108 0 0 0 1
7 0.110854 -0.286249 -0.951721 -0.834805 -0.918761 0.335607 -0.207955 -0.331339 0.378931 0.897457 -0.225791 -0.639072 0 0 0 1
8 0.114448 -0.328656 -0.93749 -0.83474 -0.971432 0.160463 -0.174845 -0.243038 0.207896 0.930719 -0.300902 -0.727354 0 0 0 1
#####################################################
*BONEANIMATION, BONEINDEX=2, NFRAMES=9
0 0.598445 -0.0860114 -0.796534 0.572389 0.267262 0.958701 0.0972747 -0.382137 0.755271 -0.271097 0.596717 0.431723 0 0 0 1
1 0.721368 -0.0976444 -0.685633 0.516623 0.0500753 0.994773 -0.0889853 0.0899654 0.690739 0.0298579 0.722488 0.014187 0 0 0 1
2 0.999427 0.0218225 -0.0258837 0.0019841 -0.0222187 0.999639 -0.0151201 -0.0200106 0.0255444 0.0156866 0.999551 -0.00924028 0 0 0 1
3 0.035281 0.9865 0.159918 -0.563197 0.999046 -0.0389347 0.0197707 0.214165 0.0257301 0.159067 -0.986932 0.860991 0 0 0 1
4 0.604823 -0.249056 -0.756413 0.683661 0.788254 0.32241 0.524126 0.863444 0.113338 -0.913249 0.39132 0.279682 0 0 0 1
5 0.601062 0.073634 -0.795803 0.422734 -0.0926523 0.995453 0.0221278 -0.382586 0.793814 0.0604329 0.605151 0.14325 0 0 0 1
6 -0.229233 -0.944902 0.233692 -0.121201 -0.973361 0.221386 -0.0596442 0.0744251 0.0046218 -0.241139 -0.97048 0.740303 0 0 0 1
7 0.745325 -0.195815 -0.637297 0.537565 0.25309 0.967442 -0.00126328 0.0901211 0.616796 -0.160352 0.770617 0.141741 0 0 0 1
8 0.985107 -0.0957863 -0.14279 0.153567 -0.0259384 0.738164 -0.674123 0.63185 0.169974 0.667787 0.724686 -0.419152 0 0 0 1
#####################################################
*BONEANIMATION, BONEINDEX=3, NFRAMES=9
0 0.869535 0.0118705 0.493729 -0.223083 -0.11405 0.977515 0.177358 -0.125984 -0.480523 -0.210529 0.851337 0.176556 0 0 0 1
1 0.991998 -0.0928217 0.0855834 -0.0348784 0.110394 0.966623 -0.231199 0.0876689 -0.0612666 0.238797 0.969135 -0.0843112 0 0 0 1
2 0.997378 -0.0677286 0.0255026 0.0322227 0.0674473 0.997654 0.0117345 0.0759029 -0.0262375 -0.00998367 0.999606 0.298567 0 0 0 1
3 0.259582 0.909195 0.32555 -0.02655 0.951112 -0.299105 0.0769588 0.168322 0.167344 0.289657 -0.942388 0.201856 0 0 0 1
4 0.975837 -0.116272 0.184996 -0.0773556 -0.172143 0.112337 0.978646 1.06405 -0.134571 -0.986844 0.0896067 0.417103 0 0 0 1
5 0.976522 -0.207693 0.0571738 -0.00689078 0.175353 0.920553 0.349047 -0.176939 -0.125126 -0.330826 0.93536 0.400806 0 0 0 1
6 -0.381089 -0.681433 -0.624837 -0.236539 -0.84046 0.536937 -0.0729729 0.150719 0.385224 0.497341 -0.777338 -0.0132134 0 0 0 1
7 0.978118 -0.160736 0.132091 -0.0218953 0.192458 0.940203 -0.28103 0.158233 -0.079021 0.300303 0.950565 -0.109276 0 0 0 1
8 0.567084 -0.132661 0.812906 -0.243123 0.477542 0.85709 -0.193262 0.549239 -0.671095 0.497793 0.549394 0.363969 0 0 0 1
#####################################################
*BONEANIMATION, BONEINDEX=4, NFRAMES=9
0 0.999584 0.00217904 0.0287623 -0.00552953 0.0015821 0.9915 -0.130099 -0.333461 -0.0288013 0.130091 0.991084 -0.0819411 0 0 0 1
1 0.999686 0.00726372 0.0239765 -0.00731986 -0.0164315 0.912546 0.408643 -0.15033 -0.0189114 -0.408909 0.912379 0.197006 0 0 0 1
2 0.999925 0.0119169 0.00283503 -0.0114088 -0.0118247 0.999463 -0.0305731 -0.00946798 -0.00319784 0.0305373 0.999529 -0.0171582 0 0 0 1
3 -0.0393742 -0.287611 0.956938 -0.163211 0.999214 -0.0157556 0.0363783 0.188789 0.00461434 0.957618 0.288006 -0.461063 0 0 0 1
4 0.999396 0.019298 0.0288865 -0.0162973 -0.0314681 0.150623 0.98809 0.696451 0.0147172 -0.988403 0.151139 0.51222 0 0 0 1
5 0.99957 -0.0249794 0.015348 0.00850987 0.0272361 0.984929 -0.1708 -0.228288 -0.0108502 0.171144 0.985186 -0.175437 0 0 0 1
6 -0.0351983 -0.225417 -0.973626 0.0733575 -0.994653 -0.0867491 0.0560428 0.199176 -0.0970942 0.970393 -0.221158 -0.525 0 0 0 1
7 0.99971 -0.00104762 0.0240585 -0.0029637 -0.00736545 0.937874 0.346898 -0.101247 -0.0229272 -0.346975 0.937594 0.157354 0 0 0 1
8 0.999901 0.00973241 0.0101312 -0.00487919 -0.0127791 0.929677 0.368155 -0.10493 -0.00583573 -0.368248 0.929709 0.176622 0 0 0 1
#####################################################
*BONEANIMATION, BONEINDEX=5, NFRAMES=9
0 0.969136 0.246488 0.00434302 -0.138287 -0.246411 0.967995 0.047625 -0.482779 0.00753494 -0.0472253 0.998856 0.0898143 0 0 0 1
1 0.999017 -0.0440756 -0.00470478 0.0356637 0.0438543 0.998246 -0.0397666 -0.616737 0.00644927 0.0395212 0.999198 0.100237 0 0 0 1
2 0.963768 -0.26228 0.0485842 0.184513 0.263916 0.911164 -0.316432 -0.0723878 0.0387254 0.317789 0.94737 -0.230158 0 0 0 1
3 0.194731 0.00276585 -0.980853 -0.699793 0.980793 -0.0119682 0.194686 0.261736 -0.0112006 -0.999925 -0.00504331 0.220103 0 0 0 1
4 0.989656 -0.135678 0.046612 0.110656 0.0368161 0.554223 0.831554 0.45917 -0.138657 -0.821236 0.553485 0.446209 0 0 0 1
5 0.998973 0.008208 0.0445665 0.0133464 0.0112379 0.907867 -0.419108 -0.11192 -0.0439004 0.419178 0.906842 -0.284689 0 0 0 1
6 0.188309 0.270821 0.944032 0.283302 0.00361706 0.96103 -0.276419 -0.504145 -0.982103 0.0554668 0.179991 -0.448087 0 0 0 1
7 -0.315878 -0.868779 0.381371 0.720419 -0.944464 0.249532 -0.213827 -0.159091 0.0906042 -0.427734 -0.899352 -0.473201 0 0 0 1
8 -0.304854 -0.860481 0.408211 0.733257 -0.951793 0.259967 -0.162811 -0.13575 0.0339748 -0.438166 -0.898252 -0.460846 0 0 0 1
#####################################################
*BONEANIMATION, BONEINDEX=6, NFRAMES=9
0 0.959483 -0.280807 0.023224 0.0788682 0.138887 0.54305 0.828135 0.231474 -0.245158 -0.791356 0.560048 0.3091 0 0 0 1
1 0.999176 -0.0381618 0.0138225 -0.0253071 0.00998154 0.561131 0.827667 0.207229 -0.0393415 -0.826847 0.561049 0.405928 0 0 0 1
2 0.986734 0.0750324 -0.143969 -0.0849523 -0.137642 0.856891 -0.496782 -0.0134273 0.0860911 0.510008 0.855851 -0.34474 0 0 0 1
3 0.23637 0.341568 0.909648 0.19827 0.966153 -0.182176 -0.182647 0.167388 0.10333 0.922032 -0.373068 -0.881336 0 0 0 1
4 0.988875 0.050029 0.140085 0.0408452 -0.0933364 0.941969 0.322463 0.0484784 -0.115823 -0.33195 0.936159 0.134113 0 0 0 1
5 0.996262 0.0125991 0.0854544 -0.00271153 -0.0207335 0.995263 0.0949821 0.0206692 -0.0838529 -0.0963989 0.991804 -0.251517 0 0 0 1
6 0.617519 0.784473 0.0572027 -0.399296 -0.783821 0.619802 -0.0383475 0.0200214 -0.0655369 -0.0211563 0.997626 -0.0478531 0 0 0 1
7 0.996455 -0.0676394 -0.0500249 -0.0400862 0.0793185 0.557168 0.826603 0.240416 -0.0280386 -0.82764 0.560558 0.42726 0 0 0 1
8 0.99775 -0.0564328 -0.0361896 -0.0355538 0.0617767 0.564282 0.823268 0.235835 -0.0260382 -0.823651 0.566499 0.428036 0 0 0 1
#####################################################
*BONEANIMATION, BONEINDEX=7, NFRAMES=9
0 0.951139 -0.302455 -0.0620892 0.202044 0.180561 0.707978 -0.682763 0.072744 0.250463 0.638192 0.727997 -0.348335 0 0 0 1
1 0.999261 0.0329208 -0.0198528 -0.0109185 -0.0344 0.996245 -0.079456 -0.00209241 0.0171625 0.0800802 0.996641 -0.128098 0 0 0 1
2 0.998063 0.0604879 -0.0145747 -0.0208787 -0.0535366 0.715534 -0.696523 0.448205 -0.0317025 0.695954 0.717386 -0.308831 0 0 0 1
3 -0.109643 0.233573 0.966138 -0.474485 0.992115 0.0850846 0.092021 0.109828 -0.0607098 0.968609 -0.241061 -0.264318 0 0 0 1
4 0.999633 0.0135886 -0.0234162 0.00167387 0.0239165 -0.848552 0.528571 1.48288 -0.0126873 -0.528937 -0.848566 0.657647 0 0 0 1
5 0.999642 -0.0164666 0.0210957 0.0011665 -0.00622828 0.623489 0.781807 -0.415257 -0.0260267 -0.781659 0.623163 0.538137 0 0 0 1
6 -0.0807446 -0.642268 -0.762216 0.264449 -0.995899 0.0206747 0.0880784 0.144944 -0.0408113 0.766202 -0.641303 -0.24133 0 0 0 1
7 0.997808 0.0602205 -0.0274473 -0.0189714 -0.0638723 0.984858 -0.161171 0.0797925 0.0173259 0.162571 0.986545 -0.165554 0 0 0 1
8 0.997868 0.0587339 0.0284427 -0.0349519 -0.0567897 0.996273 -0.064917 0.0329167 -0.0321496 0.0631634 0.997485 -0.109904 0 0 0 1
#####################################################
*BONEANIMATION, BONEINDEX=8, NFRAMES=9
0 0.998825 -0.0290084 0.038817 0.0309222 0.0139499 0.939247 0.342958 -0.300469 -0.0464075 -0.342014 0.938548 0.20078 0 0 0 1
1 0.999933 0.0033879 -0.0111067 0.00834888 0.00623338 0.650387 0.759578 -0.0324968 0.00979703 -0.759596 0.650322 0.438501 0 0 0 1
2 0.998708 -0.0501942 -0.00794911 0.0289922 0.0491027 0.993403 -0.103633 -0.00363564 0.0130984 0.103108 0.994584 -0.0593046 0 0 0 1
3 -0.0620574 -0.994223 0.0875804 0.433738 0.997435 -0.0649155 -0.0301695 0.238677 0.0356805 0.0854835 0.9957 -0.0303849 0 0 0 1
4 0.997016 0.0753944 0.0165842 -0.0343469 -0.046398 0.413552 0.909297 0.543936 0.0616974 -0.907353 0.415816 0.494994 0 0 0 1
5 0.998672 -0.00164174 0.0514897 0.00934548 0.0283455 0.852102 -0.522608 -0.137547 -0.0430165 0.523373 0.851017 -0.380163 0 0 0 1
6 0.669821 0.633785 -0.386856 -0.508989 -0.622199 0.763415 0.173396 -0.282365 0.405227 0.124557 0.905691 -0.154837 0 0 0 1
7 0.999601 0.0222032 -0.0174512 -0.00021504 -0.000236782 0.624515 0.781012 0.0435986 0.0282395 -0.780697 0.624272 0.46458 0 0 0 1
8 0.999539 0.00718332 -0.0295098 0.00767255 0.0180846 0.639836 0.768299 0.0293875 0.0244004 -0.768478 0.63941 0.459114 0 0 0 1
#####################################################
*BONEANIMATION, BONEINDEX=9, NFRAMES=9
0 0.945467 -0.0143913 -0.3254 0.123279 -0.165021 0.840152 -0.516636 0.233421 0.28082 0.54216 0.791961 -0.312076 0 0 0 1
1 0.861654 0.059423 -0.504006 0.243944 -0.104641 0.992584 -0.0618681 0.0853072 0.496592 0.106048 0.861482 -0.136182 0 0 0 1
2 0.996575 0.0328362 -0.0758934 0.0254544 -0.045728 0.983517 -0.174936 0.126007 0.0688982 0.177807 0.98165 -0.116358 0 0 0 1
3 0.070589 0.991753 -0.106977 -0.408303 0.997484 -0.0694843 0.0140238 0.252073 0.0064749 -0.107698 -0.994163 1.04518 0 0 0 1
4 0.872282 0.0522512 -0.486204 0.216505 0.402774 0.487063 0.774947 0.583925 0.277304 -0.871802 0.403811 0.207832 0 0 0 1
5 0.829499 0.0769502 -0.553182 0.22294 -0.28554 0.909663 -0.301629 -0.0284767 0.479999 0.408157 0.776537 -0.227602 0 0 0 1
6 -0.319565 -0.825717 0.464832 -0.329441 -0.941904 0.223269 -0.250936 0.205277 0.10342 -0.518017 -0.849095 0.859819 0 0 0 1
7 0.757884 0.212484 -0.616816 0.241805 -0.302497 0.952149 -0.0436785 0.158867 0.57802 0.219689 0.785894 -0.121801 0 0 0 1
8 0.741781 0.552857 -0.379618 -0.102123 -0.670217 0.63127 -0.390266 0.521247 0.0238803 0.543918 0.838799 -0.384142 0 0 0 1
#####################################################
*BONEANIMATION, BONEINDEX=10, NFRAMES=9
0 0.966087 0.248382 0.0705851 -0.054551 -0.183469 0.46793 0.864512 0.256474 0.1817 -0.848144 0.497631 0.343703 0 0 0 1
1 0.934455 0.000921879 -0.356081 -0.0645069 0.320485 0.433651 0.842162 0.176009 0.155191 -0.90108 0.404932 0.380928 0 0 0 1
2 0.993921 0.0457791 -0.100124 -0.0652951 0.0100649 0.867855 0.496715 0.198234 0.109633 -0.494703 0.862119 0.297456 0 0 0 1
3 0.194258 -0.296364 0.935111 0.2119 0.926817 0.367744 -0.0759859 -0.0166222 -0.321362 0.881438 0.346112 -0.659212 0 0 0 1
4 0.975514 -0.21993 -0.00193954 0.102582 0.211258 0.934521 0.286427 0.0335161 -0.0611813 -0.279823 0.9581 0.169323 0 0 0 1
5 0.992044 -0.10232 0.07334 0.0442568 0.0893871 0.982741 0.161958 0.0278154 -0.0886458 -0.154114 0.984068 -0.202366 0 0 0 1
6 -0.181589 0.956 -0.230413 -0.48483 -0.894599 -0.0633086 0.442363 0.310996 0.408312 0.286455 0.866732 -0.24168 0 0 0 1
7 0.997073 -0.024125 -0.0725496 0.0172054 0.0742382 0.532367 0.843252 0.223343 0.0182795 -0.84617 0.5326 0.450895 0 0 0 1
8 0.995598 -0.0251213 -0.0902922 0.0145519 0.0895493 0.539237 0.83738 0.219125 0.0276528 -0.841779 0.539113 0.449974 0 0 0 1
#####################################################
*BONEANIMATION, BONEINDEX=11, NFRAMES=9
0 0.598744 -0.00216685 -0.800937 0.51936 0.284699 0.935265 0.210298 -0.447348 0.748633 -0.353941 0.560602 0.516068 0 0 0 1
1 0.711383 -0.149257 -0.686773 0.566634 0.0908933 0.988521 -0.120685 0.117179 0.696902 0.0234303 0.716783 0.0229127 0 0 0 1
2 0.992202 0.0204225 0.122953 -0.100515 -0.0114736 0.997262 -0.0730563 0.0198456 -0.124108 0.0710759 0.98972 -0.0391103 0 0 0 1
3 0.00305118 0.999956 0.00889319 -0.460824 0.999329 -0.00337356 0.0364634 0.173733 0.0364918 0.00877597 -0.999295 0.996548 0 0 0 1
4 0.607933 -0.10121 -0.787511 0.592915 0.786322 0.21424 0.579482 0.91535 0.110067 -0.971523 0.209827 0.440753 0 0 0 1
5 0.687076 0.25065 -0.681983 0.205252 -0.125107 0.965406 0.228777 -0.492716 0.715734 -0.0718664 0.694666 0.186988 0 0 0 1
6 -0.207327 -0.90334 0.37549 -0.266673 -0.973646 0.153259 -0.168895 0.206149 0.0950224 -0.40061 -0.911308 0.821102 0 0 0 1
7 0.422926 -0.0332023 -0.905556 0.632386 0.291442 0.951217 0.101237 0.0251367 0.858018 -0.306732 0.411971 0.491678 0 0 0 1
8 0.87825 0.0298207 -0.477271 0.294685 -0.15982 0.958968 -0.234175 0.174798 0.450705 0.281942 0.846979 -0.209443 0 0 0 1
#####################################################
*BONEANIMATION, BONEINDEX=12, NFRAMES=9
0 0.987959 0.100107 -0.117967 -0.076439 0.0763838 0.347476 0.934573 0.212736 0.134548 -0.93233 0.335645 0.479002 0 0 0 1
1 0.988958 0.146222 -0.0241233 -0.0812895 -0.0353405 0.39077 0.91981 0.184831 0.143923 -0.9088 0.391622 0.516684 0 0 0 1
2 0.994334 0.100158 -0.0356118 -0.0723463 -0.102119 0.806977 -0.581687 -0.013846 -0.029523 0.582028 0.812633 -0.399969 0 0 0 1
3 -0.0485528 -0.584429 0.809991 0.342295 0.998044 -0.0603513 0.0162802 0.233143 0.0393694 0.809197 0.586217 -0.571226 0 0 0 1
4 0.995038 -0.0981134 0.0165072 0.0728406 0.0977726 0.995001 0.0203251 -0.00401619 -0.0184189 -0.0186103 0.999657 0.0777691 0 0 0 1
5 0.999716 -0.0191276 0.0142202 0.00777981 0.0234166 0.677004 -0.735607 -0.0716474 0.00444326 0.735731 0.677259 -0.547789 0 0 0 1
6 0.260223 0.916203 -0.304724 -0.755297 -0.960245 0.212536 -0.180989 -0.029238 -0.101058 0.339707 0.935086 -0.231632 0 0 0 1
7 0.990786 0.115086 0.0714002 -0.0519833 -0.119007 0.488129 0.86462 0.158337 0.064653 -0.865151 0.497327 0.538122 0 0 0 1
8 0.989668 0.123137 0.073444 -0.055076 -0.1238 0.475531 0.870944 0.16404 0.0723203 -0.871038 0.485862 0.539941 0 0 0 1
#####################################################
*BONEANIMATION, BONEINDEX=13, NFRAMES=9
0 0.855376 0.285528 0.43221 -0.361845 -0.318749 0.947828 0.0046707 -0.313727 -0.408327 -0.141762 0.901761 -0.0889777 0 0 0 1
1 0.99699 0.0775239 -0.00115118 -0.0214774 -0.0774988 0.996884 0.0146875 -0.0459061 0.00228622 -0.0145541 0.999891 -0.121349 0 0 0 1
2 0.995606 -0.0916759 0.0190634 0.0375732 0.0714461 0.875346 0.478189 -0.139362 -0.0605254 -0.474726 0.87805 0.347596 0 0 0 1
3 -0.0961563 -0.175186 0.979828 -0.401587 0.995241 -0.0325673 0.091846 0.128732 0.0158202 0.983996 0.177484 -0.402987 0 0 0 1
4 0.997508 0.0357453 0.0608268 -0.0272112 -0.0455575 -0.331971 0.942189 0.993869 0.0538716 -0.942612 -0.329515 0.698765 0 0 0 1
5 0.980764 -0.124965 0.149954 -0.00624428 -0.0316993 0.656053 0.754049 -0.432614 -0.192607 -0.744298 0.639471 0.504779 0 0 0 1
6 -0.324238 0.0806855 -0.942528 0.0109183 -0.896765 0.290955 0.333402 -0.16377 0.301134 0.953328 -0.0219826 -0.449303 0 0 0 1
7 0.999817 -0.00524916 -0.0184061 0.0198531 0.0040586 0.997933 -0.0641338 0.0345164 0.0187047 0.0640474 0.997772 -0.158172 0 0 0 1
8 0.936843 -0.187016 -0.295552 0.201448 0.345019 0.355627 0.868615 -0.0136638 -0.0573384 -0.915726 0.39769 0.638238 0 0 0 1
#####################################################
*BONEANIMATION, BONEINDEX=14, NFRAMES=9
0 0.999786 0.0156091 0.0135972 -0.00477787 -0.014898 0.998592 -0.0509108 -0.343874 -0.0143727 0.0506973 0.998611 -0.0366682 0 0 0 1
1 0.999696 0.00986072 0.0225779 -0.00128952 -0.0223894 0.746041 0.665524 -0.0920843 -0.0102815 -0.665827 0.746035 0.389578 0 0 0 1
2 0.999917 0.00959379 0.00864185 -0.00959818 -0.00922033 0.999064 -0.0422649 -0.00413347 -0.00903924 0.0421817 0.999069 -0.0276001 0 0 0 1
3 -0.0435972 -0.962127 0.269093 0.402038 0.998463 -0.0327394 0.0447087 0.204041 -0.0342055 0.270629 0.962076 -0.188135 0 0 0 1
4 0.999634 -0.00902625 0.0255026 0.00909732 -0.0255613 -0.00645615 0.999652 0.790605 -0.00885846 -0.999938 -0.00668451 0.552328 0 0 0 1
5 0.999569 -0.000865397 0.0293603 -0.00432989 0.00849644 0.965354 -0.260807 -0.19574 -0.0281174 0.260944 0.964945 -0.229668 0 0 0 1
6 0.479744 0.215027 -0.850652 -0.217343 -0.622272 0.766876 -0.157093 -0.267128 0.618565 0.604701 0.50171 -0.418075 0 0 0 1
7 0.999323 0.000736373 0.0367764 0.00401033 -0.0233475 0.785284 0.618695 -0.0526272 -0.0284244 -0.619135 0.78477 0.35787 0 0 0 1
8 0.999304 -0.00268177 0.0372141 0.00636819 -0.020805 0.787901 0.615451 -0.0542599 -0.0309715 -0.615797 0.787296 0.353944 0 0 0 1
#####################################################
*BONEANIMATION, BONEINDEX=15, NFRAMES=9
0 0.870007 0.0682978 -0.488286 0.2231 0.107212 0.940454 0.32257 -0.185607 0.481242 -0.332988 0.810879 0.171527 0 0 0 1
1 0.987614 -0.0540663 -0.147294 0.0418189 0.0348564 0.9909 -0.13001 0.0141191 0.152983 0.123265 0.980511 -0.0699646 0 0 0 1
2 0.99836 0.0507836 -0.0264321 -0.0144696 -0.0556867 0.968571 -0.242425 0.17987 0.0132902 0.243499 0.96981 -0.26799 0 0 0 1
3 0.173816 0.810229 0.559748 -0.0605111 0.778961 0.234636 -0.58152 0.271708 -0.602502 0.537099 -0.590353 0.176375 0 0 0 1
4 0.990407 -0.0232738 -0.136205 0.0457977 0.121939 -0.316429 0.940746 1.28899 -0.0649938 -0.948331 -0.310555 0.438229 0 0 0 1
5 0.989 0.0276557 -0.14531 0.0743702 0.0297908 0.924996 0.378807 -0.204094 0.144888 -0.378969 0.913997 0.419975 0 0 0 1
6 -0.212589 -0.976018 -0.046838 -0.332901 -0.968084 0.203865 0.145782 0.162378 -0.132738 0.0763349 -0.988207 -0.0274485 0 0 0 1
7 0.980299 0.0772309 -0.181796 0.00169296 -0.106657 0.981646 -0.158099 0.0857422 0.16625 0.174374 0.970544 -0.100858 0 0 0 1
8 0.968958 0.151362 -0.195475 0.00844365 -0.198854 0.946956 -0.252453 0.136218 0.146894 0.283487 0.947659 -0.0861102 0 0 0 1
#####################################################
*BONEANIMATION, BONEINDEX=16, NFRAMES=9
0 0.97619 0.0630175 -0.20756 0.0761526 0.0274602 0.91327 0.406429 -0.547393 0.21517 -0.402452 0.889795 0.337632 0 0 0 1
1 0.994827 0.0101588 -0.101071 0.0600078 0.0103265 0.979718 0.200116 -0.0843011 0.101054 -0.200124 0.974545 0.0212396 0 0 0 1
2 0.999835 0.0181282 0.00109536 -0.0156689 -0.018084 0.999326 -0.0319517 -0.00671431 -0.00167385 0.0319266 0.999489 -0.0182496 0 0 0 1
3 -0.0615961 0.370713 0.926703 -0.596662 0.997786 0.046207 0.0478364 0.135024 -0.0250866 0.927597 -0.372738 -0.100529 0 0 0 1
4 0.995404 0.0107096 -0.0951625 0.0570169 0.0954684 -0.0330586 0.994883 0.825704 0.00750886 -0.999396 -0.0339291 0.62286 0 0 0 1
5 0.927543 0.047757 -0.370653 0.157186 -0.149216 0.95664 -0.250149 -0.180485 0.342635 0.287331 0.894451 -0.209968 0 0 0 1
6 -0.131363 -0.902481 -0.410208 0.25148 -0.978295 0.0511234 0.200811 0.0298232 -0.160257 0.427684 -0.889609 0.192819 0 0 0 1
7 0.995859 0.0348638 -0.0839583 0.0347142 -0.0234928 0.990864 0.132802 -0.0240099 0.0878212 -0.130279 0.98758 -0.0199441 0 0 0 1
8 0.998386 0.037724 -0.0424529 0.00616693 -0.047801 0.961819 -0.269478 0.198804 0.0306663 0.271072 0.96207 -0.284693 0 0 0 1
#####################################################
*BONEANIMATION, BONEINDEX=17, NFRAMES=9
0 0.924698 -0.354049 -0.139939 0.197039 0.198589 0.762199 -0.616129 -0.939458 0.324801 0.541943 0.775114 -0.491409 0 0 0 1
1 0.981921 -0.168936 -0.0853916 0.118803 0.0970167 0.8365 -0.53931 -1.00388 0.162539 0.521276 0.837767 -0.355156 0 0 0 1
2 0.934494 0.320304 0.155327 -0.0896025 -0.248626 0.899546 -0.359168 0.0438282 -0.254766 0.297022 0.920257 -0.178139 0 0 0 1
3 0.388572 -0.147897 -0.909471 -0.607824 0.913236 -0.0694315 0.401471 0.478103 -0.122522 -0.986563 0.108086 0.0409225 0 0 0 1
4 0.933023 0.35167 0.0761317 -0.104594 -0.272528 0.552527 0.787682 0.428576 0.234939 -0.755673 0.61136 0.414235 0 0 0 1
5 0.990102 0.0828726 0.113272 0.0330439 -0.0248997 0.897978 -0.439336 -0.161388 -0.138125 0.432167 0.891153 -0.318757 0 0 0 1
6 -0.931797 0.0421603 0.360524 -0.0596786 0.214594 0.865052 0.453469 0.0332419 -0.292754 0.499907 -0.8151 -1.52098 0 0 0 1
7 -0.502074 -0.79888 -0.331228 0.125851 -0.47752 0.575408 -0.663989 -0.848309 0.721039 -0.175204 -0.670378 -0.418211 0 0 0 1
8 -0.61471 -0.733087 -0.291059 0.083543 -0.470054 0.636805 -0.611169 -0.886216 0.633388 -0.238879 -0.736041 -0.434167 0 0 0 1
#####################################################
*BONEANIMATION, BONEINDEX=18, NFRAMES=9
0 0.650515 0.163963 -0.741583 0.332807 0.267565 0.864345 0.425812 -0.538853 0.710802 -0.475419 0.518399 0.64272 0 0 0 1
1 0.780711 -0.0165585 -0.624673 0.407776 0.00663131 0.999812 -0.0182148 0.0321311 0.624857 0.0100781 0.780674 -0.015172 0 0 0 1
2 0.996974 -0.00356975 -0.0776489 0.0486208 0.00127454 0.999561 -0.0295883 -0.0123195 0.0777205 0.0293998 0.996542 -0.0133869 0 0 0 1
3 0.00746367 0.941567 0.336744 -0.647315 0.998073 -0.0277567 0.0554887 0.18166 0.0615932 0.335681 -0.93996 0.673804 0 0 0 1
4 0.708133 0.0952154 -0.69963 0.359811 0.69509 0.0801315 0.714443 0.927441 0.124088 -0.992226 -0.00943953 0.62462 0 0 0 1
5 0.715972 0.273737 -0.642224 0.159381 -0.123605 0.955093 0.269293 -0.523326 0.687099 -0.113424 0.717656 0.200059 0 0 0 1
6 -0.227794 -0.961306 0.154919 -0.0558821 -0.970999 0.212405 -0.109746 0.112001 0.0725945 -0.175426 -0.981813 0.684622 0 0 0 1
7 0.894853 0.0495374 -0.443604 0.247696 0.0293973 0.985124 0.16931 -0.0478371 0.445392 -0.164548 0.880085 0.0668605 0 0 0 1
8 0.996693 0.0447964 0.0677928 -0.0702828 -0.0181925 0.936151 -0.351127 0.263412 -0.0791935 0.348733 0.93387 -0.31407 0 0 0 1
#####################################################
*BONEANIMATION, BONEINDEX=19, NFRAMES=9
0 0.999742 0.021848 -0.00618917 -0.00874732 -0.0152316 0.847353 0.530811 -0.216703 0.0168416 -0.53058 0.847467 0.317885 0 0 0 1
1 0.999821 -0.00251605 -0.0187327 -0.000419733 0.0158497 0.651559 0.758433 -0.0391394 0.0102972 -0.758594 0.651482 0.451029 0 0 0 1
2 0.998162 0.0551449 -0.0251478 -0.0487882 -0.0569758 0.995238 -0.0790844 -0.00924969 0.020667 0.0803718 0.996551 -0.0523656 0 0 0 1
3 0.00685421 -0.999186 0.0397587 0.436336 0.998612 0.00476305 -0.0524546 0.169664 0.0522226 0.040063 0.997832 -0.0438537 0 0 0 1
4 0.998777 -0.0344272 -0.0354853 0.0184457 0.0494284 0.711681 0.700762 0.290354 0.00112899 -0.701659 0.712512 0.425476 0 0 0 1
5 0.999945 0.00995041 -0.00339467 -0.00702474 -0.00996627 0.794306 -0.607436 -0.108995 -0.00334783 0.607436 0.794362 -0.464971 0 0 0 1
6 0.614542 0.788883 0.000847845 -0.565067 -0.78872 0.614436 -0.0197399 -0.143079 -0.0160934 0.0114623 0.999805 -0.0482597 0 0 0 1
7 0.994882 -0.0124618 -0.100275 -0.00895857 0.100441 0.230348 0.967911 0.310416 0.0110361 -0.973029 0.230421 0.535048 0 0 0 1
8 0.995458 -0.00561085 -0.0950347 -0.0121774 0.0937887 0.229064 0.968883 0.312371 0.0163328 -0.973395 0.22855 0.535138 0 0 0 1
#####################################################
*VERTEXWEIGHTS, NVERTICES=7207  #(vtx0Based bone0 w0 bone1 w1 ... )
0  19 0.699796 5 0.155384 8 0.104747 0 0.0400733
1  19 0.714395 5 0.161345 8 0.12243 11 0.00183009
2  19 0.634387 5 0.169756 8 0.175024 0 0.0208328
3  19 0.806376 8 0.0845143 12 0.055469 5 0.0536402
4  19 0.743804 8 0.222685 5 0.0238529 17 0.00965871
5  19 0.73582 8 0.214146 12 0.0193433 5 0.0306905
6  19 0.771796 8 0.13283 12 0.0577311 5 0.0376429
7  19 0.680279 5 0.195728 0 0.0850214 14 0.0389725
8  19 0.607233 8 0.207257 5 0.151357 0 0.0341521
9  19 0.756325 5 0.154887 14 0.0402576 8 0.0485302
10  19 0.729283 5 0.146339 0 0.0914091 14 0.0329688
11  19 0.638976 8 0.245014 12 0.0931702 5 0.0228391
12  19 0.635461 8 0.297661 12 0.0433746 5 0.0235031
13  8 0.485576 19 0.386816 0 0.127608
14  0 0.514843 8 0.430121 10 0.0222368 6 0.0327993
15  0 0.86364 10 0.0989701 6 0.0175909 5 0.0197989
16  0 0.867894 10 0.0953388 6 0.0162136 5 0.0205532
17  0 0.866433 10 0.0958646 6 0.0178366 5 0.0198656
18  0 0.862394 10 0.0967859 6 0.0213549 5 0.0194653
19  19 0.664953 8 0.232788 0 0.0788714 17 0.0233875
20  19 0.589449 8 0.258132 0 0.108247 12 0.0441728
21  19 0.597136 8 0.252526 12 0.0749823 0 0.0753555
22  19 0.676601 8 0.244263 0 0.0410643 12 0.0380719
23  19 0.589878 8 0.343561 0 0.0555681 10 0.0109924
24  19 0.625612 8 0.354266 0 0.00899176 10 0.0111296
25  19 0.572226 8 0.293224 12 0.0641329 0 0.0704175
26  19 0.560467 8 0.300299 0 0.109749 12 0.0294846
27  19 0.510402 0 0.322678 8 0.0938062 14 0.0731131
28  19 0.570784 8 0.298861 14 0.104504 0 0.0258509
29  19 0.645324 8 0.221789 14 0.103323 0 0.0295637
30  19 0.613987 0 0.268941 14 0.110557 10 0.00651585
31  19 0.602236 0 0.286198 14 0.105845 10 0.00572136
32  19 0.777603 14 0.171417 0 0.0403414 11 0.0106391
33  19 0.567648 8 0.398403 10 0.0294607 17 0.00448912
34  19 0.714853 0 0.177802 14 0.0907458 17 0.0165988
35  19 0.823008 14 0.114788 0 0.0473619 17 0.0148415
36  19 0.551159 8 0.412958 10 0.0303504 5 0.00553256
37  0 0.417791 19 0.401777 8 0.101176 14 0.0792556
38  0 0.482583 8 0.27166 19 0.197397 6 0.0483596
39  19 0.434353 8 0.321186 0 0.148897 14 0.0955637
40  19 0.511768 8 0.318735 14 0.0993518 0 0.0701451
41  19 0.612174 0 0.300138 14 0.0770526 17 0.0106358
42  19 0.59733 0 0.298457 14 0.102832 10 0.00138115
43  19 0.774305 14 0.166739 0 0.0489295 11 0.0100269
44  19 0.815437 0 0.052681 14 0.118682 17 0.0132
45  0 0.630063 8 0.269113 10 0.0621994 6 0.0386248
46  8 0.466625 0 0.364934 19 0.129807 6 0.0386339
47  8 0.310726 19 0.335763 0 0.256117 14 0.0973934
48  0 0.572453 8 0.333163 6 0.0438235 10 0.0505606
49  19 0.746706 8 0.143023 5 0.0776624 0 0.0326085
50  19 0.758896 8 0.185953 5 0.0433052 17 0.0118455
51  19 0.61788 8 0.35271 10 0.0224998 17 0.00691051
52  19 0.607072 8 0.371971 10 0.0197251 0 0.00123201
53  19 0.559799 8 0.406135 10 0.0297351 5 0.004331
54  19 0.577763 8 0.390544 10 0.0281774 17 0.00351512
55  19 0.58236 8 0.387522 10 0.027606 17 0.00251151
56  0 0.672328 8 0.23482 10 0.0593255 6 0.0335264
57  0 0.675265 8 0.248751 10 0.0420037 6 0.0339802
58  19 0.801472 8 0.0567158 0 0.0710754 5 0.0707371
59  19 0.814683 5 0.108523 0 0.0767934
60  19 0.787571 8 0.110913 5 0.0873174 14 0.0141987
61  19 0.752672 8 0.20299 5 0.0327259 17 0.0116123
62  19 0.727919 8 0.182076 12 0.0615742 5 0.0284303
63  19 0.699931 8 0.24192 12 0.0316696 5 0.0264795
64  19 0.758794 8 0.150476 5 0.0907302
65  0 0.676978 8 0.219926 10 0.0730931 6 0.0300028
66  0 0.492176 8 0.431006 6 0.0308214 10 0.0459964
67  19 0.695443 8 0.15679 5 0.145616 11 0.00215147
68  19 0.640364 8 0.185225 5 0.171636 11 0.00277551
69  19 0.738573 8 0.157098 5 0.102686 11 0.00164329
70  19 0.688872 8 0.170248 5 0.138773 11 0.00210722
71  19 0.639699 8 0.193751 5 0.163726 9 0.00282376
72  19 0.623986 8 0.207848 5 0.165177 11 0.0029891
73  19 0.661703 8 0.211869 5 0.114278 14 0.0121497
74  19 0.633774 8 0.208917 5 0.147828 14 0.00948135
75  19 0.669855 8 0.199813 5 0.114079 14 0.0162531
76  19 0.72388 8 0.195794 5 0.0737987 6 0.00652702
77  19 0.393901 8 0.397207 14 0.2047 17 0.00419197
78  19 0.676491 14 0.138503 8 0.162986 0 0.0220198
79  19 0.588534 8 0.251716 14 0.141279 0 0.0184716
80  8 0.445454 19 0.335383 14 0.214857 17 0.0043067
81  19 0.73043 8 0.158719 5 0.108947 11 0.00190392
82  19 0.746986 8 0.146436 5 0.100425 14 0.0061518
83  19 0.692703 8 0.158067 5 0.142302 14 0.00692875
84  19 0.658834 5 0.159988 8 0.168263 14 0.0129152
85  19 0.739901 8 0.155934 5 0.102251 11 0.00191412
86  19 0.748902 8 0.140629 5 0.0934939 4 0.0169756
87  19 0.71968 8 0.157308 5 0.107912 4 0.0151003
88  19 0.635285 8 0.214648 5 0.150068
89  19 0.663753 8 0.210717 5 0.123287 17 0.00224291
90  19 0.768073 8 0.151741 5 0.0657624 4 0.0144238
91  19 0.766565 8 0.148779 5 0.0710083 4 0.0136479
92  19 0.684524 8 0.183915 5 0.111221 14 0.0203397
93  19 0.644861 5 0.160956 8 0.176707 14 0.0174756
94  19 0.745326 8 0.121861 5 0.113405 4 0.0194091
95  8 0.668078 14 0.223301 19 0.10103 17 0.00759104
96  8 0.624811 14 0.239471 19 0.129097 17 0.0066218
97  8 0.499907 19 0.345555 14 0.146093 0 0.00844412
98  8 0.479569 19 0.222817 0 0.162464 14 0.13515
99  19 0.781497 8 0.12276 5 0.077037 4 0.0187062
100  19 0.776511 8 0.132203 5 0.0738038 4 0.0174825
101  19 0.787778 8 0.142979 5 0.0510973 4 0.0181454
102  19 0.779596 8 0.147274 5 0.056017 4 0.0171132
103  19 0.741257 8 0.213205 5 0.0392974 4 0.00624117
104  19 0.712448 8 0.252823 5 0.0315503 10 0.00317831
105  19 0.721628 8 0.240196 5 0.0352425 17 0.00293314
106  19 0.727576 8 0.236111 5 0.0308218 4 0.00549142
107  19 0.700117 8 0.271289 5 0.0272905 10 0.00130317
108  19 0.719048 8 0.236606 5 0.0317351 12 0.0126102
109  19 0.728633 8 0.23509 5 0.0310044 17 0.00527284
110  19 0.753138 8 0.182458 5 0.0566419 4 0.00776201
111  19 0.761657 8 0.174102 5 0.0531557 4 0.0110852
112  19 0.73337 8 0.21925 5 0.0419865 17 0.0053928
113  19 0.686853 8 0.271426 5 0.0272981 12 0.0144226
114  0 0.872055 10 0.091064 5 0.0202465 6 0.0166344
115  0 0.646991 8 0.284679 10 0.0365503 6 0.0317801
116  0 0.8744 10 0.0873231 6 0.0183511 5 0.0199257
117  0 0.670052 8 0.232894 10 0.0730417 6 0.024012
118  19 0.679209 8 0.292712 5 0.0257686 10 0.00231051
119  19 0.610526 8 0.351772 5 0.0226959 12 0.0150056
120  19 0.652537 8 0.323052 5 0.0235676 10 0.000843301
121  19 0.571855 8 0.40246 5 0.0221147 10 0.00357065
122  8 0.627646 14 0.195556 19 0.150249 5 0.0265485
123  8 0.547644 19 0.373777 14 0.0512273 5 0.0273515
124  8 0.515869 19 0.404267 14 0.0513833 5 0.0284803
125  8 0.633293 14 0.171717 19 0.161228 5 0.0337626
126  19 0.762139 8 0.187453 5 0.0377428 4 0.0126661
127  19 0.768615 8 0.16444 5 0.0527842 4 0.0141608
128  19 0.771974 8 0.156591 5 0.0559199 4 0.0155146
129  19 0.768729 8 0.1792 5 0.0378218 4 0.0142494
130  19 0.7489 8 0.206674 5 0.0348709 4 0.00955472
131  19 0.759166 8 0.185257 5 0.0445356 4 0.0110414
132  19 0.776612 8 0.171848 5 0.0356686 4 0.0158708
133  19 0.747128 8 0.218496 5 0.0229763 4 0.0114003
134  19 0.734627 8 0.232004 5 0.0244508 4 0.00891771
135  8 0.611397 14 0.183694 19 0.168722 5 0.0361869
136  19 0.468536 8 0.443059 14 0.0619524 5 0.0264523
137  19 0.499077 8 0.401193 14 0.0761046 5 0.0236255
138  8 0.559672 19 0.220609 14 0.184121 5 0.0355978
139  8 0.485969 19 0.432439 14 0.0532777 5 0.028314
140  19 0.643623 8 0.324328 5 0.0201615 14 0.0118876
141  19 0.65447 8 0.303801 5 0.017341 14 0.0243889
142  19 0.514826 8 0.373203 14 0.0914994 5 0.0204718
143  8 0.51123 19 0.260604 14 0.195176 5 0.0329898
144  19 0.784115 8 0.168372 5 0.0302915 4 0.0172212
145  19 0.792116 8 0.143468 5 0.0461092 4 0.0183068
146  19 0.787525 8 0.168907 5 0.0257958 4 0.017772
147  19 0.765355 8 0.202149 4 0.0160219 5 0.0164747
148  19 0.757614 8 0.20824 5 0.0203342 4 0.0138119
149  19 0.523105 8 0.353653 14 0.105802 5 0.0174396
150  8 0.475353 19 0.277188 14 0.216945 5 0.0305142
151  0 0.524041 8 0.406877 10 0.0481909 6 0.0208911
152  8 0.6377 0 0.304547 6 0.042537 7 0.0152161
153  0 0.620944 8 0.314813 10 0.034043 6 0.0302
154  0 0.57498 8 0.362463 10 0.034221 6 0.0283353
155  8 0.737279 14 0.13523 19 0.112124 5 0.0153667
156  8 0.698773 19 0.166686 14 0.120589 5 0.0139533
157  8 0.487004 14 0.16143 19 0.335719 10 0.0158478
158  8 0.54798 14 0.14333 19 0.285584 10 0.0231057
159  8 0.606968 0 0.337385 5 0.0228518 6 0.0327957
160  8 0.624639 19 0.261184 0 0.0922558 5 0.0219205
161  8 0.58901 14 0.246546 19 0.158694 17 0.00574944
162  8 0.557441 14 0.244439 19 0.192998 17 0.00512202
163  8 0.447191 19 0.38308 14 0.161107 0 0.00862203
164  8 0.472477 19 0.361915 14 0.157817 0 0.00779083
165  19 0.445362 8 0.354599 14 0.195888 17 0.00415154
166  8 0.49082 19 0.350855 14 0.154747 10 0.00357771
167  19 0.637741 8 0.300242 4 0.0401751 10 0.0218419
168  19 0.763636 14 0.190263 0 0.0356316 11 0.0104698
169  8 0.530714 14 0.235818 19 0.228677 17 0.00479131
170  8 0.513416 14 0.230924 19 0.251026 17 0.00463404
171  19 0.433024 8 0.396504 14 0.159494 0 0.0109781
172  19 0.405957 8 0.422897 14 0.161315 0 0.00983028
173  19 0.787998 8 0.120733 5 0.0724622 4 0.0188073
174  8 0.487125 19 0.484925 5 0.0228461 10 0.00510437
175  19 0.558882 8 0.414828 5 0.0241078 10 0.00218211
176  8 0.570752 0 0.216616 19 0.19582 5 0.016812
177  19 0.619399 8 0.356235 5 0.0231618 10 0.00120465
178  19 0.494423 8 0.340811 14 0.150497 0 0.0142685
179  8 0.49169 19 0.277075 14 0.226778 17 0.00445668
180  8 0.603257 19 0.272695 14 0.124047
181  8 0.546675 0 0.18006 19 0.258403 5 0.014862
182  19 0.662808 8 0.28856 14 0.0348081 5 0.0138236
183  19 0.668665 8 0.278077 14 0.0432858 5 0.00997245
184  19 0.634402 8 0.341461 5 0.0221896 10 0.00194735
185  19 0.712212 8 0.257819 5 0.0247605 4 0.00520825
186  19 0.678459 8 0.297288 5 0.0237778 10 0.000474511
187  19 0.752362 8 0.154098 5 0.0718662 14 0.0216746
188  8 0.489967 19 0.369289 14 0.134418 10 0.00632611
189  19 0.53895 8 0.420122 10 0.0335777 5 0.00735014
190  19 0.531168 8 0.340896 14 0.112577 5 0.0153584
191  8 0.451471 19 0.291865 14 0.228052 5 0.0286121
192  19 0.672113 8 0.272983 14 0.047348 5 0.00755556
193  19 0.768398 8 0.200603 4 0.0172009 5 0.0137979
194  19 0.75791 8 0.161684 5 0.0796587 17 0.000747909
195  19 0.746819 8 0.153752 5 0.0977862 11 0.00164305
196  19 0.74903 8 0.153534 5 0.0954825 11 0.00195312
197  19 0.754841 8 0.150742 5 0.0927587 11 0.00165832
198  19 0.768678 8 0.149158 5 0.080979 17 0.0011848
199  19 0.794958 8 0.123102 5 0.0635665 4 0.0183729
200  19 0.795757 8 0.146411 5 0.0394661 4 0.0183656
201  19 0.79001 8 0.171047 5 0.0206606 4 0.0182828
202  19 0.770635 8 0.19999 4 0.0183479 5 0.0110268
203  19 0.704915 8 0.249175 14 0.035363 4 0.0105479
204  19 0.538673 8 0.32883 14 0.119168 5 0.0133294
205  8 0.428203 19 0.306319 14 0.238766 5 0.0267107
206  19 0.795278 8 0.125462 5 0.0698721 17 0.00938805
207  19 0.79447 8 0.15996 12 0.0343429 1 0.0112264
208  19 0.804081 8 0.124799 12 0.03918 14 0.0319397
209  19 0.78446 8 0.21554
210  19 0.819386 8 0.180614
211  19 0.777743 8 0.157951 5 0.061949 11 0.00235693
212  19 0.776254 8 0.142024 5 0.0794036 11 0.00231792
213  19 0.835569 8 0.0954268 5 0.0636077 13 0.00539599
214  19 0.825563 8 0.141661 10 0.011251 5 0.0215244
215  19 0.874523 8 0.105813 10 0.0126992 7 0.00696471
216  19 0.791695 8 0.165881 12 0.0365264 1 0.00589784
217  19 0.859318 8 0.102406 5 0.0311402 13 0.00713546
218  19 0.783081 8 0.192641 5 0.0214197 17 0.00285805
219  19 0.76538 8 0.211194 5 0.023426
220  8 0.51764 19 0.354501 14 0.115188 10 0.0126707
221  19 0.534406 8 0.417034 10 0.0389414 16 0.00961869
222  19 0.528483 8 0.424177 10 0.03911 16 0.00822988
223  8 0.503799 19 0.37305 14 0.110501 10 0.0126504
224  19 0.603275 8 0.247343 12 0.105688 0 0.0436938
225  19 0.680333 8 0.240321 12 0.0633245 0 0.0160213
226  19 0.593958 8 0.340594 12 0.0379411 0 0.0275066
227  19 0.580983 8 0.286996 12 0.0990095 0 0.033012
228  19 0.587993 8 0.383438 10 0.0274522 2 0.00111608
229  19 0.566094 8 0.39719 10 0.0317924 16 0.00492361
230  19 0.763546 8 0.231805 12 0.00136811 17 0.0032807
231  19 0.769867 12 0.0988983 8 0.123427 17 0.00780745
232  8 0.534497 19 0.332082 14 0.120831 10 0.0125899
233  19 0.621004 8 0.361622 10 0.0173742
234  8 0.524497 19 0.396627 14 0.0738178 17 0.00505777
235  19 0.715385 8 0.284063 17 0.000551568
236  19 0.612405 8 0.367095 10 0.0205001
237  19 0.580475 8 0.389825 10 0.0283718 1 0.00132782
238  19 0.572972 8 0.394889 10 0.0290477 5 0.00309212
239  19 0.520685 8 0.432626 10 0.039653 16 0.00703644
240  8 0.496247 19 0.377999 14 0.114731 10 0.0110233
241  19 0.565651 8 0.401185 10 0.0295543 5 0.00360987
242  19 0.795851 8 0.201058 17 0.00309097
243  19 0.546491 8 0.413893 10 0.0330925 5 0.00652362
244  8 0.490187 19 0.38059 14 0.11976 10 0.00946289
245  19 0.646086 12 0.197656 8 0.130777 6 0.0254817
246  19 0.830761 5 0.141955 8 0.0182803 0 0.00900355
247  19 0.830188 5 0.13518 0 0.028192 17 0.00644019
248  19 0.852741 5 0.146759 8 0.000432096 17 6.79735e-005
249  19 0.801144 5 0.132674 8 0.0654148 11 0.00076699
250  19 0.654808 8 0.13059 12 0.17436 14 0.0402412
251  19 0.67072 8 0.148543 12 0.133715 14 0.0470225
252  19 0.714848 8 0.150417 12 0.0874757 14 0.0472588
253  19 0.690739 12 0.156053 8 0.118606 14 0.034601
254  19 0.874242 5 0.0675079 0 0.0331929 12 0.0250574
255  19 0.854442 12 0.0893103 5 0.0369619 0 0.0192861
256  19 0.846458 8 0.0984686 12 0.0378573 0 0.0172165
257  19 0.865286 5 0.111847 0 0.0133754 8 0.00949196
258  12 0.565887 19 0.283951 8 0.127293 17 0.0228684
259  19 0.385851 12 0.403915 8 0.19771 17 0.0125242
260  19 0.591267 12 0.213905 8 0.177069 4 0.0177591
261  19 0.526592 12 0.298769 8 0.152972 10 0.021667
262  12 0.846804 10 0.0852309 17 0.042078 6 0.025887
263  12 0.853533 10 0.0770632 17 0.0454307 6 0.0239726
264  12 0.865466 17 0.0489475 10 0.0596575 6 0.0259295
265  12 0.857038 17 0.0453251 10 0.0709595 6 0.0266777
266  19 0.503914 12 0.244834 8 0.194111 10 0.0571421
267  19 0.568051 12 0.209314 8 0.175587 10 0.0470481
268  19 0.638536 8 0.329681 10 0.023701 15 0.00808251
269  19 0.586071 8 0.386286 10 0.0192149 7 0.00842828
270  19 0.578637 12 0.224072 8 0.157281 10 0.0400098
271  19 0.731781 8 0.252949 10 0.0152697
272  12 0.328085 19 0.393282 8 0.208033 10 0.0705992
273  19 0.558776 8 0.395187 12 0.0167822 10 0.029254
274  19 0.476229 8 0.393343 12 0.093372 10 0.0370563
275  12 0.420752 19 0.277671 8 0.215502 10 0.0860745
276  19 0.779205 8 0.218847 17 0.00194823
277  19 0.600983 12 0.228369 8 0.138747 10 0.0319007
278  12 0.689605 8 0.184567 10 0.104185 17 0.0216428
279  12 0.515668 8 0.212514 10 0.10225 19 0.169567
280  8 0.383187 19 0.379551 12 0.188888 10 0.0483743
281  12 0.305373 8 0.356854 19 0.274075 10 0.0636981
282  12 0.875399 17 0.0491203 10 0.0475098 6 0.0279712
