#####################################################
# (c) Binh Le (bhle2@cs.uh.edu)
#
# Running time: 20.249 (s)
# Repeat      : 11
#
#####################################################
*OBJFILENAME
..\Data\cat-poses.obj
#####################################################
*BONEANIMATION, BONEINDEX=0, NFRAMES=9
0 0.99985 -0.0141704 0.0099977 0.0177513 -0.00994366 0.00387912 0.999943 0.390116 -0.0142084 -0.999892 0.00373763 0.441374 0 0 0 1
1 0.998529 -0.0427839 -0.0332956 0.0272159 0.0378665 0.110897 0.99311 0.328421 -0.0387968 -0.992911 0.112354 0.497517 0 0 0 1
2 0.993416 0.0940544 -0.0654121 -0.0723478 -0.0281878 0.754077 0.65618 0.28215 0.111042 -0.650016 0.751764 0.330808 0 0 0 1
3 0.0227055 -0.560164 0.82807 0.309035 0.950805 0.26807 0.155271 0.0442714 -0.308958 0.783808 0.538693 -0.562249 0 0 0 1
4 0.997507 -0.0467904 -0.0528324 0.013257 0.0528514 0.991383 0.119859 -0.00400725 0.0467689 -0.122352 0.991384 0.139622 0 0 0 1
5 0.997373 0.0442024 -0.0573824 -0.0314376 -0.0720497 0.686843 -0.723226 -0.0790951 0.00744439 0.72546 0.688224 -0.529397 0 0 0 1
6 0.0145917 0.990998 -0.133079 -0.641687 -0.999437 0.018476 0.0280004 0.227928 0.0302071 0.132596 0.99071 -0.116936 0 0 0 1
7 0.998293 -0.0517299 -0.0271035 0.0298191 0.0337645 0.132578 0.990597 0.368682 -0.0476502 -0.989822 0.134099 0.539442 0 0 0 1
8 0.996923 -0.0745358 -0.0242722 0.0413954 0.0347577 0.142778 0.989144 0.363012 -0.0702612 -0.986944 0.144929 0.540522 0 0 0 1
#####################################################
*BONEANIMATION, BONEINDEX=1, NFRAMES=9
0 0.855062 -0.274429 -0.439953 -0.0566623 -0.103048 0.741609 -0.66287 -1.13679 0.508183 0.612131 0.605842 -0.748275 0 0 0 1
1 0.975319 -0.0642428 -0.211247 -0.0319529 -0.102548 0.715493 -0.691053 -1.06754 0.195541 0.69566 0.691246 -0.626195 0 0 0 1
2 0.998591 -0.0525422 0.00741847 0.0206694 0.0178915 0.201773 -0.979269 -0.0215706 0.0499561 0.978022 0.202429 -1.17234 0 0 0 1
3 0.0573316 -0.680715 -0.730302 -0.0714748 0.865409 -0.33084 0.376314 0.687082 -0.497776 -0.653584 0.570129 0.221956 0 0 0 1
4 0.927782 0.318189 -0.194876 -0.289802 -0.154816 0.803483 0.574846 0.17046 0.339489 -0.503162 0.794717 0.382322 0 0 0 1
5 0.992972 -0.0807839 0.0864916 0.11871 0.112666 0.868997 -0.48182 -0.210592 -0.0362376 0.488179 0.871991 -0.408009 0 0 0 1
6 -0.798846 0.535978 0.27308 -0.446699 0.601209 0.696442 0.391812 0.202834 0.0198179 0.477175 -0.878585 -1.52712 0 0 0 1
7 -0.0488255 -0.74009 -0.670733 -0.22457 -0.710939 0.497433 -0.497118 -0.742735 0.701557 0.452579 -0.550446 -0.688783 0 0 0 1
8 -0.0889515 -0.745432 -0.66062 -0.251972 -0.767047 0.474369 -0.431988 -0.724226 0.635395 0.4683 -0.613977 -0.753418 0 0 0 1
#####################################################
*BONEANIMATION, BONEINDEX=2, NFRAMES=9
0 0.890405 0.0587393 -0.451363 0.221708 -0.106271 0.99106 -0.0806663 -0.28042 0.44259 0.119792 0.888687 -0.0958707 0 0 0 1
1 0.863061 0.0327912 -0.504034 0.286403 -0.0625534 0.997147 -0.0422387 0.0482888 0.501211 0.0679836 0.86265 -0.12055 0 0 0 1
2 0.997878 0.0612966 -0.0219456 -0.0290552 -0.0627355 0.995405 -0.0723385 0.0258744 0.0174107 0.0735618 0.997139 -0.0508213 0 0 0 1
3 0.107516 0.987457 0.115627 -0.530654 0.994174 -0.105885 -0.020175 0.293571 -0.00767879 0.117122 -0.993088 0.896819 0 0 0 1
4 0.922869 -0.0266837 -0.384188 0.267907 0.341422 0.518211 0.784148 0.498874 0.178166 -0.854837 0.487351 0.191884 0 0 0 1
5 0.775161 0.103493 -0.623229 0.271079 -0.321255 0.913998 -0.247794 -0.157021 0.543985 0.392296 0.741744 -0.208879 0 0 0 1
6 -0.244976 -0.908831 0.337659 -0.220574 -0.96914 0.239414 -0.0587249 0.0647295 -0.0274693 -0.341625 -0.939435 0.784384 0 0 0 1
7 0.921591 -0.0586971 -0.383699 0.252734 0.0685652 0.997574 0.0120781 0.0441493 0.382059 -0.0374395 0.923379 -0.0619703 0 0 0 1
8 0.996234 0.0703545 0.0506668 -0.104551 -0.00491921 0.629319 -0.777131 0.753749 -0.0865603 0.773956 0.627296 -0.452572 0 0 0 1
#####################################################
*BONEANIMATION, BONEINDEX=3, NFRAMES=9
0 0.842647 -0.0723678 0.533581 -0.241693 -0.0495734 0.976293 0.210699 -0.131781 -0.53618 -0.203996 0.819083 0.181983 0 0 0 1
1 0.986766 -0.135602 0.0889051 -0.0355342 0.152725 0.961452 -0.22866 0.0912665 -0.0544712 0.239212 0.969438 -0.0850754 0 0 0 1
2 0.996248 -0.0739957 0.0448844 0.0238141 0.0735462 0.997224 0.0115875 0.0770095 -0.0456172 -0.00824298 0.998925 0.297691 0 0 0 1
3 0.272154 0.886066 0.37526 -0.0469 0.949873 -0.309739 0.0424707 0.186105 0.153865 0.344891 -0.925946 0.196186 0 0 0 1
4 0.972835 -0.156362 0.170715 -0.0695205 -0.165781 0.0441676 0.985173 1.06166 -0.161583 -0.986712 0.0170459 0.44653 0 0 0 1
5 0.969238 -0.245093 0.0225372 0.00933753 0.224611 0.918236 0.326178 -0.16085 -0.100638 -0.311082 0.94504 0.397176 0 0 0 1
6 -0.495213 -0.669452 -0.553713 -0.283793 -0.825212 0.561748 0.0588606 0.0930587 0.271643 0.486079 -0.830624 -0.000326955 0 0 0 1
7 0.973946 -0.171296 0.148619 -0.030858 0.202699 0.951422 -0.231754 0.137918 -0.101701 0.255841 0.961355 -0.115949 0 0 0 1
8 0.56518 -0.132341 0.814283 -0.246333 0.529118 0.815438 -0.234724 0.575894 -0.632934 0.563514 0.530893 0.375066 0 0 0 1
#####################################################
*BONEANIMATION, BONEINDEX=4, NFRAMES=9
0 0.999504 -0.0197687 0.0245188 0.00386839 0.0229328 0.990399 -0.136322 -0.333225 -0.0215885 0.136817 0.990361 -0.0931193 0 0 0 1
1 0.998694 -0.0200421 0.0469978 -0.00379511 0.000321938 0.922301 0.386471 -0.149906 -0.0510918 -0.385951 0.921103 0.180552 0 0 0 1
2 0.9999 0.00574628 -0.0128893 0.000332341 -0.00665089 0.997435 -0.0712753 0.0113267 0.0124466 0.0713539 0.997373 -0.0458844 0 0 0 1
3 -0.0381464 -0.244142 0.968989 -0.191414 0.999272 -0.00994639 0.0368325 0.181939 0.000645566 0.969688 0.244344 -0.461487 0 0 0 1
4 0.999393 -0.00805963 0.0338783 -0.00625074 -0.0328019 0.108792 0.993523 0.722236 -0.0116931 -0.994032 0.108462 0.535489 0 0 0 1
5 0.999417 -0.0332419 -0.00777117 0.0187175 0.0315878 0.986808 -0.158783 -0.229466 0.0129469 0.158445 0.987283 -0.169085 0 0 0 1
6 -0.0814872 -0.296588 -0.951523 0.112332 -0.982906 -0.134228 0.126013 0.193259 -0.165095 0.945526 -0.28058 -0.499978 0 0 0 1
7 0.997484 -0.000487007 0.0708916 -0.0226353 -0.0222285 0.947401 0.319276 -0.0965621 -0.0673183 -0.320049 0.945006 0.139839 0 0 0 1
8 0.999578 0.0241918 0.0160584 -0.0111958 -0.028034 0.948113 0.316695 -0.101835 -0.00756379 -0.317011 0.948392 0.137041 0 0 0 1
#####################################################
*BONEANIMATION, BONEINDEX=5, NFRAMES=9
0 0.960047 0.206438 0.188924 0.0166254 -0.0672052 0.82545 -0.560461 -0.751601 -0.271648 0.525372 0.806345 -0.382314 0 0 0 1
1 0.995815 -0.0717974 0.0565444 0.110367 0.078485 0.98884 -0.126633 -0.696163 -0.0468215 0.130541 0.990337 0.0351024 0 0 0 1
2 0.998113 -0.0398219 -0.0467324 -0.013058 0.00762456 0.83564 -0.549225 -0.140622 0.0609226 0.547832 0.834367 -0.453398 0 0 0 1
3 -0.23163 0.384763 -0.893479 -0.89148 0.134617 0.922299 0.362275 -0.243319 0.963445 -0.0363636 -0.265427 -0.656469 0 0 0 1
4 0.991878 -0.126891 0.00871118 0.0927616 0.0477535 0.435005 0.899161 0.519562 -0.117885 -0.891442 0.437532 0.444562 0 0 0 1
5 0.990523 0.128784 0.0477423 -0.0524198 -0.106444 0.939452 -0.32573 -0.0675593 -0.0868003 0.317562 0.944256 -0.144842 0 0 0 1
6 -0.171061 0.0767479 0.982267 0.400803 0.23241 0.971971 -0.0354694 -0.417001 -0.957457 0.222221 -0.184103 -0.796942 0 0 0 1
7 -0.748456 -0.607573 0.265835 0.445744 -0.656175 0.620325 -0.429686 -0.515268 0.0961617 -0.496036 -0.862961 -0.364226 0 0 0 1
8 -0.769184 -0.537788 0.345166 0.447371 -0.637529 0.682771 -0.356903 -0.517689 -0.0437315 -0.494578 -0.868032 -0.366545 0 0 0 1
#####################################################
*BONEANIMATION, BONEINDEX=6, NFRAMES=9
0 0.964027 -0.260891 0.0508648 0.0859111 0.101721 0.538906 0.836202 0.227742 -0.245569 -0.800947 0.546058 0.302965 0 0 0 1
1 0.998167 -0.035713 0.0488572 -0.0174661 -0.0208578 0.554836 0.831698 0.203002 -0.0568101 -0.831193 0.553074 0.399087 0 0 0 1
2 0.98749 0.0834701 -0.133773 -0.0823342 -0.137981 0.868049 -0.47692 -0.00715786 0.0763133 0.489412 0.868707 -0.347669 0 0 0 1
3 0.233028 0.264267 0.935875 0.209094 0.958764 -0.223439 -0.175634 0.17265 0.162697 0.93821 -0.305437 -0.85539 0 0 0 1
4 0.990292 0.061267 0.124773 0.0358399 -0.09346 0.957917 0.271404 0.0360008 -0.102894 -0.280431 0.954343 0.137825 0 0 0 1
5 0.996217 -0.00576377 0.0867055 -0.00162701 0.000826294 0.998381 0.0568738 0.0146954 -0.0868929 -0.056587 0.994609 -0.255061 0 0 0 1
6 0.562925 0.82513 0.0476972 -0.411828 -0.819045 0.56465 -0.101664 0.00220793 -0.110819 0.0181632 0.993675 -0.0588115 0 0 0 1
7 0.999672 -0.00460212 -0.0251919 -0.0385019 0.0236076 0.546836 0.836907 0.235467 0.00992428 -0.837227 0.546765 0.427434 0 0 0 1
8 0.999886 0.0062243 -0.0137753 -0.0346939 0.00806694 0.550963 0.83449 0.230579 0.0127838 -0.834506 0.55085 0.427403 0 0 0 1
#####################################################
*BONEANIMATION, BONEINDEX=7, NFRAMES=9
0 0.833438 0.19679 -0.516386 0.239688 0.312288 0.603209 0.733904 -0.353059 0.455914 -0.772925 0.441282 0.349011 0 0 0 1
1 0.987414 0.0250663 -0.156156 0.0365703 -0.0165578 0.998318 0.0555521 -0.0626435 0.157286 -0.0522673 0.986169 -0.0678071 0 0 0 1
2 0.99748 0.0670367 -0.0232261 -0.0195075 -0.070267 0.978684 -0.192978 0.166358 0.00979437 0.194124 0.980928 -0.302604 0 0 0 1
3 0.332369 -0.351786 0.875087 -0.135257 0.829788 0.550101 -0.0940227 0.0267096 -0.448311 0.757387 0.474745 -0.321917 0 0 0 1
4 0.99308 0.0158903 -0.116362 0.0322306 0.0904107 -0.73582 0.671115 1.46216 -0.0749576 -0.676991 -0.732164 0.589867 0 0 0 1
5 0.991687 -0.0330437 -0.124356 0.0706342 0.119832 0.589209 0.799045 -0.365419 0.0468682 -0.807305 0.588271 0.616136 0 0 0 1
6 -0.35156 -0.145458 -0.924796 0.0164721 -0.935261 0.0111674 0.353782 0.0952848 -0.0411328 0.989301 -0.139967 -0.480253 0 0 0 1
7 0.97328 0.167888 -0.15665 -0.0220979 -0.179282 0.981868 -0.0615831 0.0513365 0.143471 0.0880221 0.985732 -0.108556 0 0 0 1
8 0.977017 0.167196 -0.132223 -0.02992 -0.146173 0.976992 0.155309 -0.067849 0.155148 -0.132412 0.978977 -0.0851497 0 0 0 1
#####################################################
*BONEANIMATION, BONEINDEX=8, NFRAMES=9
0 0.99995 -0.00057321 -0.00993744 0.00249797 0.00559511 0.858065 0.513511 -0.225972 0.00823262 -0.513541 0.858025 0.308121 0 0 0 1
1 0.999832 -0.000433535 -0.0183461 0.000308021 0.014333 0.642758 0.765935 -0.0314712 0.0114601 -0.766069 0.642656 0.4516 0 0 0 1
2 0.999418 0.0195394 -0.0279513 -0.0258627 -0.0213612 0.997562 -0.0664377 -0.00440467 0.026585 0.0669962 0.997399 -0.0419466 0 0 0 1
3 -0.0126816 -0.99952 0.0282816 0.427975 0.99873 -0.0140405 -0.048378 0.186585 0.0487519 0.0276322 0.998429 -0.0230267 0 0 0 1
4 0.99921 -0.00977649 -0.0385316 0.00308951 0.0351285 0.670868 0.740744 0.332109 0.0186077 -0.741512 0.670681 0.437902 0 0 0 1
5 0.999969 0.00366565 -0.00690326 -0.00382866 -0.0071161 0.792303 -0.610086 -0.111798 0.00323311 0.610116 0.792305 -0.458851 0 0 0 1
6 0.648495 0.760272 -0.0379575 -0.553177 -0.761168 0.64822 -0.0208161 -0.183464 0.00877891 0.0423912 0.999063 -0.07028 0 0 0 1
7 0.996124 -0.0151471 -0.0866513 0.000515724 0.0871709 0.302056 0.949296 0.263291 0.0117944 -0.95317 0.302205 0.534151 0 0 0 1
8 0.996382 -0.0126389 -0.0840476 -0.000531991 0.0838763 0.305964 0.948341 0.259629 0.0137295 -0.951959 0.305917 0.535398 0 0 0 1
#####################################################
*BONEANIMATION, BONEINDEX=9, NFRAMES=9
0 0.595254 -0.00935557 -0.803483 0.518585 0.309478 0.925463 0.218498 -0.441792 0.74155 -0.378722 0.553781 0.542323 0 0 0 1
1 0.71073 -0.106611 -0.69534 0.532397 0.0586001 0.993987 -0.0925024 0.0935727 0.70102 0.0249971 0.712703 0.0244204 0 0 0 1
2 0.999948 -0.0061619 -0.00810889 0.00584653 0.00601198 0.999813 -0.0183857 -0.0194884 0.00822066 0.018336 0.999798 -0.0108524 0 0 0 1
3 0.0225966 0.995352 0.0936106 -0.520765 0.999079 -0.0258982 0.0342053 0.19558 0.0364707 0.0927515 -0.995021 0.913389 0 0 0 1
4 0.613635 -0.142902 -0.776551 0.611817 0.782537 0.241223 0.573975 0.897053 0.1053 -0.959891 0.259849 0.400753 0 0 0 1
5 0.63936 0.182738 -0.746878 0.305464 -0.0883602 0.982375 0.164716 -0.467559 0.763814 -0.0393187 0.644238 0.195096 0 0 0 1
6 -0.220073 -0.921692 0.319455 -0.204003 -0.974209 0.190933 -0.120255 0.139364 0.0498436 -0.33768 -0.93994 0.785574 0 0 0 1
7 0.704284 -0.06957 -0.706502 0.515675 0.153062 0.986661 0.0554241 0.0355272 0.693222 -0.147173 0.705538 0.184516 0 0 0 1
8 0.978093 0.0326652 -0.205592 0.120981 -0.137544 0.842734 -0.520462 0.453405 0.156258 0.537338 0.828765 -0.384312 0 0 0 1
#####################################################
*BONEANIMATION, BONEINDEX=10, NFRAMES=9
0 0.964449 0.258562 0.054628 -0.0576421 -0.181283 0.49689 0.848667 0.250232 0.192289 -0.828399 0.526098 0.348401 0 0 0 1
1 0.926484 -0.00728303 -0.376264 -0.0674601 0.341323 0.437382 0.831983 0.169863 0.158512 -0.899246 0.407714 0.379061 0 0 0 1
2 0.995586 0.0580092 -0.0737744 -0.0598008 -0.0195064 0.896831 0.441944 0.186366 0.0918 -0.438554 0.894004 0.30923 0 0 0 1
3 0.221229 -0.271687 0.936613 0.207654 0.910351 0.401962 -0.0984273 -0.0188382 -0.349741 0.874422 0.336256 -0.654017 0 0 0 1
4 0.976231 -0.215286 -0.0249955 0.0956517 0.213502 0.935432 0.281752 0.0325533 -0.0372757 -0.280392 0.959162 0.167493 0 0 0 1
5 0.992521 -0.0936556 0.0782995 0.0453394 0.0795014 0.982644 0.167603 0.0295288 -0.0926375 -0.160125 0.98274 -0.202706 0 0 0 1
6 -0.183543 0.952683 -0.242297 -0.487696 -0.882855 -0.0513603 0.46683 0.31641 0.432296 0.299597 0.850507 -0.251406 0 0 0 1
7 0.991814 -0.0174233 -0.126494 0.00445776 0.116244 0.533123 0.838014 0.216263 0.0528358 -0.845859 0.530784 0.44595 0 0 0 1
8 0.990062 -0.0218867 -0.138919 0.0030275 0.128603 0.540641 0.831365 0.21161 0.0569096 -0.840968 0.538083 0.445681 0 0 0 1
#####################################################
*BONEANIMATION, BONEINDEX=11, NFRAMES=9
0 0.563166 0.125147 -0.816813 0.411231 0.397398 0.825639 0.400492 -0.483662 0.724513 -0.550143 0.415239 0.800915 0 0 0 1
1 0.841813 0.0122078 -0.539631 0.313604 0.0182147 0.998532 0.051004 -0.0129064 0.539462 -0.052765 0.840355 0.014343 0 0 0 1
2 0.990948 -0.00112301 0.134238 -0.0823643 0.00683968 0.999089 -0.0421325 -0.00379482 -0.134068 0.0426693 0.990053 -0.00849538 0 0 0 1
3 -0.00139052 0.577635 0.816294 -0.666407 0.983757 0.147314 -0.102568 0.144494 -0.179499 0.802892 -0.568458 0.0107544 0 0 0 1
4 0.635078 0.115463 -0.76377 0.383713 0.770839 -0.0309387 0.636278 1.08897 0.0498364 -0.99283 -0.108652 0.701937 0 0 0 1
5 0.688784 0.214276 -0.692577 0.238106 -0.125025 0.976118 0.177661 -0.478323 0.714105 -0.0357805 0.699124 0.145077 0 0 0 1
6 -0.214145 -0.951378 -0.221407 0.2138 -0.973602 0.189556 0.127156 -0.03343 -0.0790045 0.242792 -0.966856 0.311673 0 0 0 1
7 0.571842 0.118304 -0.811789 0.40406 0.109972 0.969561 0.218764 -0.0612551 0.812959 -0.214373 0.541425 0.298319 0 0 0 1
8 0.826891 0.109832 -0.551533 0.257077 -0.211219 0.969594 -0.123588 0.0827983 0.521189 0.218688 0.824947 -0.15368 0 0 0 1
#####################################################
*BONEANIMATION, BONEINDEX=12, NFRAMES=9
0 0.994802 0.0687702 -0.0751001 -0.0523988 0.0445863 0.368891 0.928403 0.192301 0.0915502 -0.926925 0.363907 0.478517 0 0 0 1
1 0.986577 0.163256 -0.0035799 -0.0840298 -0.0664401 0.421339 0.904466 0.157536 0.149168 -0.892088 0.426531 0.519496 0 0 0 1
2 0.991264 0.130248 -0.02078 -0.0842631 -0.117399 0.799496 -0.589088 -0.0104147 -0.0601137 0.586381 0.807802 -0.404419 0 0 0 1
3 -0.0960412 -0.62644 0.773531 0.340597 0.993478 -0.10831 0.0356357 0.260803 0.0614574 0.771908 0.632756 -0.552553 0 0 0 1
4 0.996043 -0.0881908 0.0109478 0.0709184 0.0881929 0.996103 0.000285503 -0.00920913 -0.0109303 0.000681148 0.99994 0.0700656 0 0 0 1
5 0.999523 -0.0228743 0.0207727 0.0107786 0.0307221 0.663906 -0.747185 -0.0678418 0.00330016 0.747466 0.664292 -0.553549 0 0 0 1
6 0.257444 0.910338 -0.324048 -0.762479 -0.958484 0.198028 -0.205165 -0.0296953 -0.122599 0.363413 0.923526 -0.251512 0 0 0 1
7 0.986898 0.114344 0.113828 -0.0420174 -0.156995 0.517901 0.840911 0.131156 0.0372017 -0.847764 0.529068 0.534676 0 0 0 1
8 0.985115 0.123545 0.119521 -0.0441967 -0.165621 0.495998 0.852383 0.139539 0.0460256 -0.85949 0.509076 0.536353 0 0 0 1
#####################################################
*BONEANIMATION, BONEINDEX=13, NFRAMES=9
0 0.863401 0.348639 0.364678 -0.365864 -0.113125 0.838199 -0.533502 -0.0343891 -0.491673 0.419372 0.763142 -0.289962 0 0 0 1
1 0.993184 -0.0472677 0.106539 -0.0161217 0.0477052 0.99886 -0.00156068 -0.0194146 -0.106343 0.0066325 0.994307 -0.147982 0 0 0 1
2 0.963932 -0.259737 -0.0580659 0.134109 0.260279 0.874402 0.409483 -0.0867542 -0.0555847 -0.409827 0.910468 0.299654 0 0 0 1
3 -0.341062 -0.0568593 0.93832 -0.47778 0.932053 0.109397 0.345413 -0.0319912 -0.122289 0.992371 0.0156848 -0.370203 0 0 0 1
4 0.97226 0.14526 0.183332 -0.124918 -0.086259 -0.50588 0.85828 1.07944 0.217418 -0.850285 -0.479317 0.750648 0 0 0 1
5 0.941425 -0.105239 0.32038 -0.0818988 -0.205033 0.575649 0.791574 -0.441618 -0.267731 -0.810896 0.520353 0.558338 0 0 0 1
6 0.442533 0.0310476 -0.896214 0.127889 -0.885961 0.169709 -0.431591 0.178857 0.138696 0.985005 0.102609 -0.53422 0 0 0 1
7 0.992636 -0.0777025 0.0929255 0.00223793 0.0890996 0.988077 -0.125556 0.0836785 -0.0820615 0.132911 0.987725 -0.202749 0 0 0 1
8 0.878374 -0.233522 -0.417045 0.256104 0.477642 0.461382 0.747653 0.0036332 0.0178238 -0.855917 0.516806 0.566388 0 0 0 1
#####################################################
*BONEANIMATION, BONEINDEX=14, NFRAMES=9
0 0.999515 -0.00607761 0.0305562 0.0153661 0.00586962 0.999959 0.00689205 -0.356164 -0.0305969 -0.00670935 0.999509 0.00221909 0 0 0 1
1 0.999662 0.0054194 0.025432 0.00730225 -0.0211999 0.736204 0.676428 -0.0922041 -0.0150573 -0.676738 0.73607 0.39809 0 0 0 1
2 0.999855 -0.0121158 -0.0119363 0.00758293 0.0110927 0.996543 -0.0823396 -0.000701509 0.0128926 0.0821953 0.996533 -0.0515102 0 0 0 1
3 -0.0709994 -0.97438 0.213407 0.423285 0.997422 -0.0671216 0.0253713 0.238444 -0.0103971 0.214658 0.976634 -0.142013 0 0 0 1
4 0.999809 0.00121417 0.0195114 0.00800249 -0.0195466 0.0461347 0.998744 0.763624 0.000312493 -0.998934 0.0461496 0.536811 0 0 0 1
5 0.998591 -0.0295871 0.0440495 0.0201557 0.0422738 0.945323 -0.323383 -0.172033 -0.0320731 0.324789 0.945242 -0.267581 0 0 0 1
6 0.489786 0.410665 -0.769067 -0.364747 -0.631369 0.775391 0.0119501 -0.287887 0.601235 0.479712 0.639056 -0.357981 0 0 0 1
7 0.999925 0.00893755 0.00842964 0.0071139 -0.01226 0.770228 0.637651 -0.0549043 -0.000793714 -0.637706 0.770279 0.374391 0 0 0 1
8 0.999546 0.00514411 -0.0296995 0.00639393 0.0144379 0.783226 0.621569 -0.0579395 0.0264589 -0.621716 0.782796 0.357333 0 0 0 1
#####################################################
*VERTEXWEIGHTS, NVERTICES=7207  #(vtx0Based bone0 w0 bone1 w1 ... )
0  8 0.865268 5 0.0562495 10 0.0633611 14 0.015121
1  8 0.871253 5 0.0447319 14 0.0452472 10 0.0387679
2  8 0.839254 5 0.0554827 14 0.0531329 10 0.0521308
3  8 0.910497 12 0.0396657 5 0.0384268 10 0.0114105
4  8 0.922147 5 0.0320751 14 0.028709 10 0.0170691
5  8 0.92299 5 0.0253671 14 0.0275197 10 0.0241233
6  8 0.921854 12 0.0310994 5 0.0288415 10 0.0182054
7  8 0.751109 0 0.105603 5 0.0779923 6 0.0652963
8  8 0.828528 5 0.0625986 14 0.0544336 10 0.0544394
9  8 0.849853 5 0.0698515 14 0.0515397 6 0.0287558
10  8 0.781892 0 0.109125 5 0.0672089 6 0.0417736
11  8 0.886771 12 0.0602676 10 0.0340394 5 0.018922
12  8 0.947344 10 0.0174085 14 0.0327228 12 0.00252457
13  8 0.802087 0 0.091847 14 0.106066
14  0 0.424906 8 0.395589 14 0.135946 6 0.0435588
15  0 0.76507 6 0.0650694 14 0.135391 10 0.0344697
16  0 0.771379 6 0.064033 14 0.140053 10 0.0245349
17  0 0.85654 6 0.0702082 10 0.0478489 7 0.0254032
18  0 0.842741 6 0.0785464 10 0.0264872 4 0.0522256
19  8 0.865303 14 0.0584756 0 0.0338085 12 0.0424127
20  8 0.854742 0 0.032744 12 0.0670436 10 0.0454707
21  8 0.796489 12 0.102434 0 0.0403458 14 0.0607308
22  8 0.840345 12 0.0838094 14 0.0595412 1 0.0163046
23  8 0.856845 14 0.09154 10 0.0213125 12 0.0303024
24  8 0.87976 14 0.0909447 10 0.0192368 1 0.0100588
25  8 0.815932 12 0.0954856 14 0.0627942 10 0.0257885
26  8 0.885681 12 0.048905 0 0.00679414 10 0.0586194
27  8 0.583575 0 0.29689 14 0.0835943 6 0.0359398
28  8 0.755635 14 0.20101 0 0.0372334 1 0.00612182
29  8 0.792133 14 0.148848 0 0.0519465 1 0.00707225
30  8 0.623797 0 0.271476 6 0.0310135 14 0.0737137
31  8 0.692699 0 0.270417 6 0.0326745 10 0.00420929
32  8 0.85988 0 0.106339 1 0.0170128 11 0.0167684
33  8 0.848706 14 0.130509 10 0.0151464 1 0.00563902
34  8 0.736241 0 0.223968 1 0.0195681 6 0.0202227
35  8 0.808975 0 0.148715 1 0.0248251 11 0.0174849
36  8 0.849166 14 0.134065 10 0.0102965 5 0.00647285
37  8 0.471605 0 0.376085 14 0.107044 6 0.0452662
38  0 0.472301 8 0.332623 14 0.139008 6 0.0560674
39  8 0.621416 14 0.237919 0 0.12832 6 0.0123442
40  8 0.70141 14 0.219905 0 0.0747877 1 0.00389719
41  8 0.641483 0 0.317013 6 0.0287139 1 0.0127906
42  8 0.652199 0 0.307219 6 0.0317969 1 0.00878442
43  8 0.830321 0 0.130964 1 0.0204241 11 0.0182909
44  8 0.795706 0 0.15975 1 0.0245748 11 0.0199693
45  0 0.645913 14 0.259165 6 0.0554116 10 0.0395108
46  0 0.339031 8 0.352991 14 0.268389 6 0.0395894
47  8 0.513129 14 0.246849 0 0.215019 6 0.0250038
48  0 0.5858 14 0.186408 8 0.160562 6 0.0672297
49  8 0.902924 5 0.0467969 10 0.0377944 14 0.0124844
50  8 0.913266 14 0.0377824 5 0.0321494 10 0.0168022
51  8 0.868688 14 0.105969 10 0.0171603 1 0.00818321
52  8 0.871903 14 0.103227 10 0.0170968 1 0.00777289
53  8 0.854119 14 0.129964 10 0.0102231 5 0.00569409
54  8 0.855102 14 0.12457 10 0.0150033 1 0.00532422
55  8 0.858765 14 0.121588 10 0.0147998 1 0.00484638
56  0 0.731773 14 0.187823 6 0.0594368 10 0.0209674
57  0 0.772824 14 0.156637 6 0.0581457 10 0.0123933
58  8 0.878448 0 0.0561745 5 0.0462773 12 0.0191001
59  8 0.827261 0 0.0964335 5 0.0597722 6 0.0165328
60  8 0.894681 5 0.0548074 14 0.0334896 6 0.0170225
61  8 0.914581 14 0.032588 5 0.0397901 6 0.013041
62  8 0.92274 12 0.028513 5 0.0228054 10 0.0259415
63  8 0.921002 10 0.0285492 14 0.0284201 5 0.0220288
64  8 0.902162 5 0.0321667 14 0.0449813 10 0.0206903
65  0 0.676437 14 0.227558 6 0.0573173 10 0.0386875
66  0 0.493838 14 0.31905 8 0.133159 6 0.0539541
67  8 0.871802 14 0.0673701 5 0.0406466 6 0.0201815
68  8 0.841553 5 0.0548657 14 0.0679325 10 0.0356486
69  8 0.895183 14 0.0584039 5 0.0303537 6 0.0160593
70  8 0.86764 14 0.06839 5 0.0416729 6 0.0222968
71  8 0.832422 14 0.0793635 5 0.0601885 6 0.0280262
72  8 0.827914 14 0.0720664 5 0.0638735 10 0.0361456
73  8 0.833324 14 0.0802088 5 0.0612707 6 0.0251966
74  8 0.818499 14 0.0843931 5 0.067637 6 0.0294714
75  8 0.83123 14 0.0787944 5 0.0653027 6 0.0246734
76  8 0.875261 14 0.058108 5 0.0512708 6 0.01536
77  8 0.598939 14 0.388994 1 0.00524558 11 0.00682069
78  8 0.786968 14 0.171669 0 0.0413628
79  8 0.749271 14 0.209342 0 0.0356652 1 0.00572226
80  8 0.549119 14 0.43956 1 0.00492579 11 0.00639552
81  8 0.89475 14 0.0600256 5 0.0282844 6 0.0169402
82  8 0.903037 14 0.0572797 5 0.0236323 6 0.0160507
83  8 0.860954 14 0.0669541 5 0.0484982 6 0.023594
84  8 0.824388 5 0.073348 14 0.0745229 6 0.0277414
85  8 0.902285 14 0.0581945 5 0.0242815 6 0.0152392
86  8 0.859511 5 0.0616604 14 0.0627165 6 0.0161124
87  8 0.841692 5 0.0705299 14 0.0692027 6 0.0185757
88  8 0.796665 5 0.100796 14 0.0779233 6 0.0246156
89  8 0.814873 5 0.0925868 14 0.0706958 6 0.021844
90  8 0.881297 14 0.0594854 5 0.0466283 6 0.0125897
91  8 0.879512 14 0.0583726 5 0.04921 6 0.0129056
92  8 0.831358 14 0.075465 5 0.0704949 6 0.0226816
93  8 0.804957 5 0.0876631 14 0.0793814 6 0.027999
94  8 0.848747 5 0.070192 14 0.0620902 6 0.0189712
95  14 0.643942 8 0.344777 1 0.00652138 11 0.00475941
96  14 0.628553 8 0.361005 1 0.00551636 11 0.00492516
97  8 0.598405 14 0.394942 1 0.00370233 11 0.00295113
98  8 0.481581 14 0.392112 0 0.112546 6 0.0137611
99  8 0.886971 14 0.0553509 5 0.0412085 6 0.0164695
100  8 0.882657 14 0.0566961 5 0.0458969 6 0.0147499
101  8 0.898169 14 0.0579304 5 0.029225 6 0.0146759
102  8 0.889802 14 0.0590967 5 0.0374178 6 0.0136836
103  8 0.891186 14 0.0570668 5 0.0330759 10 0.0186715
104  8 0.896575 14 0.0503422 5 0.027945 10 0.0251374
105  8 0.896155 14 0.0484743 5 0.0341869 10 0.0211839
106  8 0.894085 14 0.058897 5 0.0275466 10 0.0194712
107  8 0.893654 14 0.0592065 5 0.0254561 10 0.0216837
108  8 0.908839 14 0.0382465 5 0.0270367 10 0.025878
109  8 0.905494 14 0.0406256 5 0.0330612 10 0.0208194
110  8 0.887134 14 0.054215 5 0.0427821 10 0.0158691
111  8 0.887125 14 0.0574855 5 0.0408709 10 0.0145184
112  8 0.896456 14 0.0461349 5 0.0410804 10 0.0163286
113  8 0.903929 14 0.0431021 10 0.0291645 5 0.0238044
114  0 0.790252 6 0.0617041 14 0.124512 10 0.0235325
115  0 0.741043 14 0.158425 6 0.058728 8 0.0418034
116  0 0.869599 6 0.0692303 10 0.0380675 7 0.0231037
117  0 0.669948 14 0.244368 6 0.0546304 10 0.0310537
118  8 0.893386 14 0.0576776 10 0.0254661 5 0.0234703
119  8 0.893882 14 0.0564427 10 0.0303174 5 0.0193583
120  8 0.894887 14 0.060177 10 0.0241448 5 0.0207915
121  8 0.875812 14 0.0795128 10 0.0261512 5 0.018524
122  8 0.619827 14 0.355285 10 0.0170059 5 0.00788303
123  8 0.79416 14 0.16507 10 0.0258788 5 0.014891
124  8 0.797694 14 0.160741 10 0.0262509 5 0.0153135
125  8 0.642338 14 0.325669 10 0.0213931 5 0.0105999
126  8 0.894564 14 0.0643326 5 0.0305214 6 0.0105824
127  8 0.886911 14 0.0616099 5 0.0396253 6 0.0118538
128  8 0.886588 14 0.0605883 5 0.0404538 6 0.0123703
129  8 0.896037 14 0.0633724 5 0.0295077 6 0.0110825
130  8 0.894453 14 0.0589439 5 0.0299247 10 0.0166788
131  8 0.890167 14 0.0585179 5 0.0360603 10 0.0152549
132  8 0.899508 14 0.0625867 5 0.0260775 6 0.0118281
133  8 0.907358 14 0.0576206 5 0.0184951 10 0.0165263
134  8 0.903958 14 0.0576482 5 0.0208658 10 0.0175282
135  8 0.626467 14 0.340407 10 0.0213872 5 0.0117383
136  8 0.797059 14 0.165675 10 0.0218858 5 0.0153793
137  8 0.791342 14 0.17534 10 0.0191153 5 0.0142025
138  8 0.629576 14 0.336451 10 0.0210018 5 0.0129712
139  8 0.799162 14 0.160323 10 0.0249416 5 0.0155734
140  8 0.88641 14 0.0774631 10 0.0198822 5 0.016245
141  8 0.88043 14 0.0868537 10 0.0183328 5 0.0143839
142  8 0.783413 14 0.187068 10 0.0173035 5 0.0122148
143  8 0.624895 14 0.343432 10 0.0187954 5 0.0128776
144  8 0.905995 14 0.0622622 5 0.0193874 6 0.0123552
145  8 0.903863 14 0.0577658 5 0.0233437 6 0.0150278
146  8 0.910243 14 0.0626535 5 0.0146529 6 0.0124509
147  8 0.920765 14 0.0556911 5 0.0142614 4 0.00928228
148  8 0.911474 14 0.0580231 5 0.0146622 10 0.0158406
149  8 0.775425 14 0.198586 10 0.0159877 5 0.0100016
150  8 0.609714 14 0.36127 10 0.0171714 5 0.0118454
151  0 0.532427 14 0.306694 8 0.113557 6 0.0473224
152  14 0.379152 8 0.309028 0 0.282768 6 0.0290527
153  0 0.685686 6 0.0550773 14 0.157212 8 0.102025
154  0 0.599554 8 0.166188 14 0.182879 6 0.0513797
155  14 0.607517 8 0.374495 5 0.0104902 12 0.00749803
156  14 0.520458 8 0.458614 5 0.0105838 12 0.0103438
157  8 0.656705 14 0.324739 10 0.0143118 4 0.0042435
158  8 0.608789 14 0.350638 0 0.0283342 10 0.0122389
159  8 0.491771 0 0.365744 14 0.0973356 10 0.045149
160  8 0.745603 14 0.119736 0 0.107938 10 0.0267222
161  14 0.603564 8 0.38653 1 0.00478492 11 0.00512085
162  14 0.571373 8 0.418959 1 0.00441603 11 0.00525214
163  8 0.624407 14 0.371945 0 0.000130469 1 0.00351722
164  8 0.608192 14 0.383943 1 0.00429808 11 0.00356663
165  8 0.641736 14 0.345482 1 0.00550369 11 0.00727791
166  8 0.606736 14 0.390016 11 0.00315143 1 9.68939e-005
167  8 0.866884 14 0.103078 10 0.0222314 5 0.00780637
168  8 0.95655 10 0.0366569 11 0.00679324
169  14 0.537189 8 0.453065 1 0.00437586 11 0.00537026
170  14 0.535717 8 0.454749 1 0.00388428 3 0.0056496
171  8 0.655821 14 0.330309 0 0.00956804 1 0.00430198
172  8 0.638414 14 0.352579 0 0.00504371 1 0.0039629
173  8 0.89934 14 0.0792748 5 0.00666146 1 0.0147233
174  8 0.8551 14 0.105404 10 0.0229813 5 0.0165146
175  8 0.884254 14 0.0734013 10 0.024984 5 0.0173609
176  8 0.602911 0 0.269091 10 0.036166 14 0.0918324
177  8 0.901873 14 0.0569613 10 0.0238971 5 0.0172689
178  8 0.695415 14 0.279798 0 0.0198116 1 0.00497574
179  14 0.512433 8 0.477359 1 0.00399758 3 0.00620979
180  8 0.571874 14 0.405577 12 0.0160706 5 0.00647795
181  8 0.625476 0 0.251074 14 0.0885235 10 0.0349271
182  8 0.87702 14 0.094187 10 0.0171506 5 0.0116424
183  8 0.875404 14 0.0998843 10 0.0163115 5 0.00839987
184  8 0.896771 14 0.0639676 10 0.0221423 5 0.0171188
185  8 0.900625 14 0.0579213 5 0.0219861 10 0.0194674
186  8 0.897839 14 0.0585921 10 0.021852 5 0.0217174
187  8 0.875546 14 0.0586663 5 0.051855 6 0.0139326
188  8 0.633823 14 0.363224 11 0.00272565 1 0.000227054
189  8 0.825452 14 0.157365 10 0.013742 5 0.00344057
190  8 0.773482 14 0.202825 10 0.0151842 5 0.00850887
191  8 0.604335 14 0.368496 10 0.0161654 5 0.0110034
192  8 0.875556 14 0.10225 10 0.0158701 5 0.00632387
193  8 0.922814 14 0.0550272 5 0.0119495 4 0.0102093
194  8 0.90202 14 0.0516328 5 0.0319098 6 0.0144378
195  8 0.901104 14 0.0564434 5 0.0278262 6 0.0146266
196  8 0.909907 14 0.0565451 5 0.0200947 6 0.0134533
197  8 0.91172 14 0.0498695 5 0.0200605 10 0.0183503
198  8 0.910706 5 0.0283649 14 0.0420944 10 0.0188348
199  8 0.905038 14 0.0799169 1 0.0150454
200  8 0.910086 14 0.0581355 5 0.0167167 6 0.015062
201  8 0.914519 14 0.0634971 5 0.00964054 6 0.0123438
202  8 0.92472 14 0.0546676 4 0.0110563 5 0.00955598
203  8 0.875549 14 0.104844 10 0.0153441 5 0.00426324
204  8 0.771682 14 0.207023 10 0.0143144 5 0.00698058
205  8 0.59964 14 0.37519 10 0.0151082 5 0.0100619
206  8 0.90957 5 0.0452348 12 0.0140367 10 0.0311583
207  8 0.941476 14 0.038564 1 0.0124815 3 0.00747849
208  8 0.896581 14 0.0586566 12 0.0346261 1 0.0101361
209  8 0.880745 14 0.0708992 12 0.0348228 1 0.013533
210  8 0.894998 14 0.0591264 1 0.016941 12 0.0289344
211  8 0.939361 14 0.045476 10 0.0120067 6 0.00315634
212  8 0.937878 14 0.044745 10 0.016394 5 0.00098312
213  8 0.962873 14 0.0179851 10 0.0149118 13 0.00423041
214  8 0.962096 14 0.0228622 10 0.0109132 13 0.00412883
215  8 0.962457 14 0.0241242 10 0.00884566 3 0.0045728
216  8 0.945853 14 0.0364418 3 0.0060311 12 0.0116737
217  8 0.972679 10 0.0128367 14 0.00896634 13 0.00551771
218  8 0.878766 14 0.0728027 1 0.0183399 12 0.0300916
219  8 0.908205 14 0.0794366 1 0.0123587
220  8 0.640514 14 0.357454 11 0.00124315 1 0.000789455
221  8 0.822613 14 0.157497 10 0.0161966 2 0.00369381
222  8 0.821083 14 0.160363 10 0.0156224 2 0.00293201
223  8 0.655423 14 0.342497 11 0.0015395 1 0.000540463
224  8 0.805744 12 0.129442 14 0.0501755 10 0.0146389
225  8 0.832043 12 0.0899712 14 0.060631 1 0.0173545
226  8 0.846686 14 0.0974845 12 0.0459654 10 0.00986384
227  8 0.804013 12 0.111055 14 0.0710671 10 0.0138654
228  8 0.866209 14 0.116446 10 0.0139784 1 0.00336646
229  8 0.846243 14 0.139577 10 0.0121956 2 0.00198466
230  8 0.956295 12 0.00948863 14 0.0269908 1 0.00722516
231  8 0.872944 12 0.0898411 1 0.00991883 6 0.0272961
232  8 0.61756 14 0.380781 1 0.000683943 2 0.000975741
233  8 0.84428 14 0.130958 12 0.0203733 2 0.00438801
234  8 0.660604 14 0.334807 1 0.00458979
235  8 0.927959 14 0.0596024 12 0.00808099 1 0.00435801
236  8 0.874404 14 0.101536 10 0.0167755 1 0.00728458
237  8 0.862513 14 0.118578 10 0.0145431 1 0.00436571
238  8 0.858206 14 0.127065 10 0.0108861 5 0.00384347
239  8 0.834647 14 0.149017 10 0.0138708 5 0.00246533
240  8 0.655216 14 0.342479 11 0.00187908 1 0.000425519
241  8 0.855939 14 0.128744 10 0.0105873 5 0.00473007
242  8 0.948699 12 0.0267135 1 0.0123316 3 0.0122554
243  8 0.831163 14 0.151969 10 0.0138072 5 0.00306048
244  8 0.652402 14 0.345089 11 0.00225592 1 0.000252166
245  8 0.749183 12 0.189423 6 0.0544317 1 0.00696223
246  8 0.893334 5 0.0584892 10 0.0296694 0 0.018507
247  8 0.878166 5 0.0723634 0 0.0418862 11 0.00758423
248  8 0.925335 5 0.0484667 10 0.0195434 11 0.00665504
249  8 0.910622 5 0.0546825 10 0.029333 11 0.00536224
250  8 0.759285 12 0.155694 14 0.0644588 6 0.0205622
251  8 0.820393 14 0.0958523 12 0.0765279 3 0.0072264
252  8 0.856563 14 0.0872437 12 0.0484102 3 0.00778261
253  8 0.786068 12 0.14308 14 0.0491705 6 0.0216817
254  8 0.902659 0 0.0489066 12 0.0300995 5 0.0183352
255  8 0.882604 12 0.0825994 0 0.0342276 11 0.000569109
256  8 0.952289 12 0.0310157 0 0.0122912 13 0.00440362
257  8 0.925158 5 0.0318709 0 0.0248022 10 0.0181689
258  8 0.609865 12 0.234974 14 0.119515 10 0.035646
259  8 0.644195 12 0.216226 14 0.12148 10 0.0180984
260  8 0.692158 12 0.228931 14 0.0552112 10 0.0236997
261  8 0.669051 12 0.240634 14 0.0677402 10 0.0225742
262  12 0.812398 10 0.103075 6 0.0439387 1 0.040589
263  12 0.820195 10 0.0965284 1 0.043127 6 0.0401497
264  12 0.835114 10 0.0810641 1 0.0455922 6 0.0382299
265  12 0.825615 10 0.0913892 1 0.0427359 6 0.0402594
266  8 0.614719 12 0.25681 10 0.0611284 14 0.0673426
267  8 0.75895 12 0.17125 10 0.0357927 6 0.0340069
268  8 0.861476 14 0.125418 10 0.0131064
269  8 0.818263 14 0.173745 10 0.00799191
270  8 0.749794 12 0.183921 6 0.041035 10 0.0252501
271  8 0.919201 14 0.0610285 10 0.01977
272  8 0.48661 12 0.344233 10 0.0704609 14 0.0986966
273  8 0.755968 14 0.19136 12 0.0409997 10 0.0116724
274  8 0.648301 14 0.213164 12 0.119923 10 0.0186122
275  12 0.442472 8 0.341738 14 0.13336 10 0.0824292
276  8 0.937958 10 0.0139942 14 0.0480479
277  8 0.749895 12 0.188713 6 0.0470207 10 0.0143719
278  12 0.689119 14 0.184553 10 0.106967 1 0.0193612
279  12 0.544347 8 0.189535 10 0.0961796 14 0.169938
280  8 0.508818 12 0.219592 14 0.241975 10 0.0296149
281  12 0.341959 8 0.334593 14 0.277952 10 0.0454953
282  12 0.698516 8 0.176678 10 0.0905918 1 0.0342139
283  12 0.679457 8 0.206609 1 0.0360602 10 0.0778731
284  8 0.795109 12 0.148348 14 0.0342554 6 0.0222877
285  8 0.880289 14 0.0778167 12 0.0343051 3 0.00758944
286  8 0.881916 14 0.0573722 12 0.0555935 1 0.00511875
287  8 0.810279 12 0.151783 6 0.0262064 1 0.0117316
288  8 0.722891 12 0.179708 14 0.0775735 6 0.0198273
289  8 0.739032 12 0.163668 14 0.0778013 6 0.0194981
290  12 0.463366 14 0.309868 8 0.164884 10 0.0618815
291  12 0.715137 14 0.149991 10 0.108824 1 0.0260488
292  8 0.557625 14 0.436634 3 0.0050034 12 0.000738223
293  8 0.82754 14 0.166119 12 0.00196929 1 0.0043725
294  8 0.881038 14 0.109485 12 0.0050602 1 0.00441631
295  8 0.59589 14 0.397911 12 0.00199076 3 0.00420836
296  14 0.604344 8 0.388257 3 0.00739921
297  14 0.632538 8 0.360144 3 0.00731807
298  14 0.404536 8 0.441138 12 0.15112 10 0.00320702
299  8 0.615951 14 0.372452 12 0.00639313 3 0.00520293
300  8 0.577402 14 0.398569 4 0.0167466 5 0.00728238
301  8 0.743878 14 0.214058 12 0.031022 4 0.011042
302  8 0.695524 14 0.243402 12 0.057961 5 0.00311382
303  8 0.495734 14 0.478641 12 0.0228793 5 0.00274498
304  8 0.773551 14 0.209203 10 0.0129299 5 0.00431675
305  8 0.599434 14 0.379037 10 0.013291 5 0.00823773
306  8 0.494787 14 0.472509 12 0.027948 2 0.0047556
307  8 0.704499 14 0.146832 12 0.12648 10 0.0221896
308  8 0.589773 12 0.341898 10 0.0530701 1 0.0152589
309  14 0.467051 8 0.470524 12 0.0562577 2 0.00616709
310  14 0.575251 8 0.417551 3 0.00719816
311  8 0.636125 14 0.356676 12 0.00241924 3 0.00478047
312  8 0.655155 14 0.339326 12 0.00109756 3 0.00442171
313  14 0.542895 8 0.45036 3 0.0067448
314  14 0.510813 8 0.482948 3 0.00623864
315  8 0.6729 14 0.322154 12 0.000814224 3 0.0041313
316  8 0.690835 14 0.303933 12 0.00129439 3 0.00393738
317  14 0.493765 8 0.500231 3 0.00600355
318  8 0.517447 14 0.476836 3 0.00571686
319  8 0.764762 14 0.23132 1 0.00391775
320  14 0.516384 8 0.46083 12 0.0175688 3 0.00521667
321  12 0.540107 8 0.359538 10 0.0722695 1 0.0280854
322  12 0.415005 14 0.283673 8 0.254033 10 0.04729
323  14 0.604889 8 0.385329 3 0.0059812 11 0.00380075
324  14 0.637243 8 0.349603 3 0.0094093 1 0.0037454
325  14 0.437385 12 0.292337 8 0.250861 10 0.0194173
326  8 0.773299 14 0.213573 5 0.00157104 10 0.0115571
327  8 0.590325 14 0.389812 10 0.0127825 5 0.00708026
328  8 0.577961 14 0.396385 4 0.0161187 5 0.00953494
329  8 0.775436 14 0.2034 4 0.0165108 5 0.00465394
330  8 0.775286 14 0.200294 4 0.0201085 5 0.00431101
331  8 0.943515 5 0.0284837 10 0.0231195 11 0.00488205
332  8 0.926326 5 0.0161441 14 0.0363334 10 0.0211965
333  8 0.964102 10 0.0199089 5 0.0117491 11 0.00424039
334  8 0.962322 14 0.0205097 10 0.0126427 3 0.00452589
335  8 0.959319 14 0.0243689 10 0.0108322 3 0.00548036
336  8 0.910945 14 0.0564615 12 0.0259484 3 0.00664535
337  8 0.871595 14 0.0733804 12 0.0463287 1 0.00869628
338  8 0.871968 14 0.0749736 12 0.0443827 1 0.00867549
339  8 0.878381 14 0.079588 1 0.0110109 12 0.0310196
340  8 0.860416 14 0.0784519 12 0.0545468 3 0.00658483
341  8 0.80924 12 0.111192 14 0.0692843 10 0.0102843
342  8 0.862582 14 0.0740736 12 0.0574621 3 0.00588199
343  8 0.857562 14 0.0823585 12 0.0529119 3 0.00716777
344  8 0.824431 12 0.0785916 14 0.0906619 3 0.00631533
345  8 0.803229 12 0.116826 14 0.0652191 6 0.0147258
346  8 0.852048 14 0.0792675 12 0.0641738 3 0.00451112
347  8 0.888218 14 0.066999 12 0.038676 3 0.00610677
348  8 0.886044 14 0.0678447 12 0.0394544 3 0.00665716
349  8 0.766252 12 0.152339 14 0.065874 10 0.015535
350  8 0.880677 14 0.0726799 12 0.0394941 3 0.00714936
351  12 0.836651 10 0.0780602 1 0.0466518 6 0.0386374
352  12 0.630536 8 0.262272 1 0.0333362 10 0.0738553
353  12 0.699011 14 0.17692 10 0.0955397 1 0.0285297
354  12 0.833427 10 0.0798104 1 0.0470513 6 0.0397117
355  8 0.712872 12 0.214228 14 0.0496554 10 0.023244
356  8 0.768874 12 0.150107 14 0.0664171 6 0.0146019
357  8 0.744457 12 0.170756 14 0.0669019 10 0.0178859
358  8 0.81755 12 0.0969229 14 0.0761332 4 0.00939373
359  8 0.88694 14 0.064566 12 0.0359508 6 0.0125432
360  8 0.874372 14 0.0780519 12 0.0387558 1 0.0088199
361  8 0.870823 14 0.0769948 12 0.0453337 1 0.006848
362  8 0.876832 14 0.0654369 12 0.0446555 6 0.0130755
363  8 0.902433 14 0.0710512 12 0.0265161
364  8 0.884519 14 0.0700244 12 0.0400692 3 0.00538719
365  8 0.876551 14 0.0750286 12 0.043913 3 0.00450691
366  8 0.888969 14 0.068971 12 0.034425 4 0.00763548
367  8 0.899831 14 0.0680417 12 0.0256019 4 0.00652568
368  8 0.884782 14 0.0975592 4 0.0135146 5 0.00414467
369  8 0.864121 14 0.101068 12 0.0256409 4 0.00917005
370  8 0.926937 14 0.0548508 4 0.0125498 5 0.00566219
371  12 0.592861 8 0.304454 10 0.0715402 1 0.0311452
372  8 0.812317 12 0.0799529 14 0.0965561 4 0.011174
373  8 0.755099 12 0.114413 14 0.120369 10 0.0101191
374  8 0.656375 12 0.217987 14 0.100356 10 0.0252819
375  8 0.84229 14 0.0849729 12 0.0610376 4 0.011699
376  8 0.643109 12 0.215409 14 0.121268 10 0.0202136
377  8 0.88098 14 0.103247 4 0.0101495 5 0.00562386
378  8 0.855181 14 0.0905908 12 0.0434706 4 0.0107571
379  8 0.871257 14 0.0710378 12 0.0491329 4 0.00857192
380  8 0.847956 12 0.0692683 14 0.0738341 4 0.00894186
381  8 0.876749 14 0.0681007 12 0.0478414 1 0.00730867
382  14 0.631051 8 0.350796 11 0.00999702 3 0.00815599
383  14 0.670521 8 0.312412 11 0.00947947 3 0.00758763
384  14 0.597827 8 0.383752 11 0.0100914 3 0.00833041
385  14 0.697648 8 0.286769 11 0.00880841 3 0.00677372
386  14 0.811904 8 0.154473 13 0.0252729 11 0.00835036
387  14 0.818486 8 0.147531 13 0.0268039 11 0.00717915
388  14 0.792977 8 0.196417 11 0.00454476 13 0.00606061
389  14 0.794768 8 0.196754 11 0.00504768 3 0.00343116
390  14 0.791843 8 0.198257 11 0.00348868 13 0.00641196
391  14 0.802407 8 0.169194 13 0.0167047 11 0.0116944
392  14 0.795799 8 0.193798 11 0.00563322 3 0.00477019
393  14 0.623194 8 0.368761 5 0.00728988 11 0.00075526
