#####################################################
# (c) Binh Le (bhle2@cs.uh.edu)
#
# Running time: 40.469 (s)
# Repeat      : 16
#
#####################################################
*OBJFILENAME
..\Data\cheburashka.obj
#####################################################
*BONEANIMATION, BONEINDEX=0, NFRAMES=11
0 0.99997 0.00213952 0.00739861 -0.00353194 -0.00214418 0.999998 0.000621673 0.00104275 -0.00739726 -0.000637518 0.999972 0.00391039 0 0 0 1
1 0.955272 -0.295179 0.0180064 0.071033 0.21318 0.729547 0.649858 -0.341225 -0.204961 -0.616953 0.759843 0.326728 0 0 0 1
2 0.985033 0.0539302 0.163712 -0.0699809 -0.148488 0.747822 0.64708 -0.164714 -0.0875304 -0.661705 0.744638 0.249503 0 0 0 1
3 0.999758 -0.0166958 -0.0143034 0.0108258 0.0165779 0.999828 -0.00832259 -0.00573525 0.0144399 0.00808346 0.999863 -0.0104407 0 0 0 1
4 0.999997 0.00256508 -0.00019702 -0.000177445 -0.00256441 0.999991 0.00328778 -0.000484261 0.000205451 -0.00328727 0.999995 3.74205e-005 0 0 0 1
5 0.999899 0.013762 0.00350932 -0.00397022 -0.0137819 0.999889 0.00571181 0.00434478 -0.00343032 -0.0057596 0.999978 0.00148958 0 0 0 1
6 0.999998 -0.00156946 -0.00139963 0.000820629 0.00157119 0.999998 0.00123194 -0.00163085 0.00139769 -0.00123414 0.999998 -0.000757541 0 0 0 1
7 0.96181 -0.271326 0.0361126 0.148075 0.221554 0.849181 0.479381 -0.24839 -0.160734 -0.453072 0.876864 0.382 0 0 0 1
8 0.972233 0.161192 0.169649 -0.126435 -0.234011 0.67444 0.700264 -0.076728 -0.00154073 -0.720519 0.693434 0.415534 0 0 0 1
9 0.999997 -0.00208118 0.00143116 -0.000512327 0.00208977 0.99998 -0.00602559 0.00194973 -0.00141859 0.00602856 0.999981 -8.6861e-005 0 0 0 1
10 0.999687 0.025025 0.000749926 -0.00300075 -0.0250123 0.999592 -0.0137673 0.0234314 -0.00109415 0.0137443 0.999905 -0.000206576 0 0 0 1
#####################################################
*BONEANIMATION, BONEINDEX=1, NFRAMES=11
0 0.621004 0.088417 -0.778805 0.536254 0.0337358 0.989681 0.139258 -0.0792385 0.783081 -0.112753 0.611613 -0.0110525 0 0 0 1
1 1 -2.95711e-005 -0.000423434 0.000238927 2.93093e-005 1 -0.000618131 0.000349165 0.000423452 0.000618119 1 -0.000673828 0 0 0 1
2 0.999998 -0.00068526 -0.00196723 0.00171833 0.000689213 0.999998 0.0020098 -0.000992575 0.00196584 -0.00201115 0.999996 0.0015691 0 0 0 1
3 0.979255 -0.0536585 0.195396 -0.0622782 -0.115477 0.644604 0.755745 -0.133239 -0.166505 -0.762631 0.625035 0.691853 0 0 0 1
4 0.999859 -0.0131347 -0.0104964 0.0161508 0.0131753 0.999906 0.00381297 -0.00248157 0.0104453 -0.00395073 0.999938 0.00168094 0 0 0 1
5 0.998847 -0.012069 -0.0464748 0.0374582 0.00555947 0.990455 -0.137725 0.0882163 0.0476934 0.137308 0.98938 -0.0996189 0 0 0 1
6 0.99988 0.00446453 -0.0148171 0.00387387 -0.00442056 0.999986 0.00299904 -0.00204633 0.0148303 -0.00293318 0.999886 0.000684609 0 0 0 1
7 0.99971 -0.0072724 0.0229441 -0.00570569 0.00758328 0.99988 -0.0134919 0.00826205 -0.0228432 0.013662 0.999646 -0.00766131 0 0 0 1
8 0.999947 0.00170759 -0.0101495 0.00362662 -0.00157078 0.999908 0.013472 -0.0071006 0.0101716 -0.0134553 0.999858 0.00892664 0 0 0 1
9 0.999998 0.00023259 -0.00216968 0.000953703 -0.000223218 0.999991 0.00431886 -0.00233941 0.00217067 -0.00431837 0.999988 0.00314218 0 0 0 1
10 0.999999 0.000421431 0.00121691 -0.000883799 -0.000424313 0.999997 0.00236929 -0.000915334 -0.00121591 -0.0023698 0.999996 0.00209693 0 0 0 1
#####################################################
*BONEANIMATION, BONEINDEX=2, NFRAMES=11
0 0.848969 -0.0153489 -0.52822 0.212994 0.00324706 0.999711 -0.0238306 0.0173858 0.528433 0.0185163 0.848773 -0.246628 0 0 0 1
1 1 -0.000667585 0.000239301 0.000411176 0.000666925 0.999996 0.00275015 -0.00199521 -0.000241136 -0.00274999 0.999996 0.00242031 0 0 0 1
2 0.999999 -0.000718224 -0.00133169 0.00128519 0.000710928 0.999985 -0.00547076 0.00190868 0.0013356 0.00546981 0.999984 -0.00570638 0 0 0 1
3 0.994276 0.00466172 0.106739 -0.0540116 0.00136424 0.998412 -0.0563123 0.031243 -0.106833 0.0561356 0.992691 0.0579524 0 0 0 1
4 0.999995 0.00268339 0.0016327 -0.00237254 -0.00268656 0.999994 0.00194549 0.000860099 -0.00162747 -0.00194987 0.999997 0.00348379 0 0 0 1
5 0.995848 -0.0838047 0.0355524 0.0328119 0.0503059 0.832101 0.552338 -0.232621 -0.0758717 -0.548256 0.832862 0.427233 0 0 0 1
6 0.999905 0.00888482 -0.010491 -0.00193033 -0.00891039 0.999957 -0.00239302 0.00980065 0.0104693 0.00248628 0.999942 -0.0091798 0 0 0 1
7 0.999922 -0.00181577 0.0123354 -0.00399523 0.00186994 0.999989 -0.00438135 0.000742164 -0.0123273 0.00440408 0.999914 0.00813746 0 0 0 1
8 0.99995 0.00577573 0.00811916 -0.00865846 -0.0058097 0.999974 0.00416591 0.00303147 -0.00809489 -0.00421287 0.999958 0.0106017 0 0 0 1
9 0.999998 -2.09097e-005 0.00193576 -0.000975214 1.62213e-005 0.999997 0.00242197 -0.00123337 -0.00193581 -0.00242194 0.999995 0.00357101 0 0 0 1
10 1 0.000924428 0.000254093 -0.000784937 -0.000924198 0.999999 -0.000905298 0.00128038 -0.00025493 0.000905063 1 -0.000527285 0 0 0 1
#####################################################
*BONEANIMATION, BONEINDEX=3, NFRAMES=11
0 0.999706 -0.0175466 -0.0167586 0.0107656 0.0176238 0.999835 0.00446903 -0.0123658 0.0166774 -0.00476306 0.99985 -0.0073773 0 0 0 1
1 0.999643 0.00205319 0.0266252 -0.0135325 -0.00241948 0.999903 0.0137323 -0.00402547 -0.0265945 -0.0137918 0.999551 0.0134706 0 0 0 1
2 0.998317 -0.0201216 -0.0543837 0.028943 0.0196472 0.999764 -0.00924358 -0.00167053 0.0545568 0.00815954 0.998477 -0.0202117 0 0 0 1
3 0.981398 0.0699901 0.178773 -0.0759407 -0.0702859 0.997516 -0.00468608 0.0406811 -0.178657 -0.0079663 0.983879 0.113208 0 0 0 1
4 0.999834 0.000526358 -0.0182102 0.00699196 -7.46524e-005 0.999693 0.0247969 -0.00892376 0.0182177 -0.0247914 0.999527 -0.00233108 0 0 0 1
5 0.993435 -0.0470646 -0.104266 0.0554865 0.0465277 0.998888 -0.00757659 -0.0179644 0.104507 0.0026756 0.994521 -0.0463333 0 0 0 1
6 0.999703 -0.0203235 -0.0134317 0.011132 0.020993 0.99844 0.0517387 -0.030353 0.0123592 -0.0520053 0.99857 0.0155688 0 0 0 1
7 0.969104 -0.24381 0.0373335 0.133888 0.200006 0.865356 0.459517 -0.231998 -0.144342 -0.437853 0.887384 0.355736 0 0 0 1
8 0.987316 0.134425 0.084477 -0.0845465 -0.158732 0.824811 0.54267 -0.0907456 0.00327106 -0.549196 0.835687 0.292546 0 0 0 1
9 0.999917 0.00736073 -0.0105534 0.00436431 -0.00707688 0.999619 0.0266869 -0.00572454 0.0107458 -0.02661 0.999588 0.00066794 0 0 0 1
10 0.999665 0.00937094 -0.0241274 0.00568088 -0.0102649 0.999255 -0.0371977 0.0236584 0.0237608 0.0374329 0.999017 -0.029284 0 0 0 1
#####################################################
*BONEANIMATION, BONEINDEX=4, NFRAMES=11
0 0.989686 -0.101406 0.101189 -0.0171589 0.102384 0.994735 -0.00450856 -0.0246245 -0.100199 0.0148221 0.994857 0.0280741 0 0 0 1
1 0.999955 0.00362276 -0.00873297 0.00305311 -0.00361551 0.999993 0.000846301 0.000470569 0.00873598 -0.000814689 0.999962 -0.00206684 0 0 0 1
2 0.99997 -0.00535439 0.00555892 -0.000749138 0.00532586 0.999973 0.00513399 -0.00376835 -0.00558626 -0.00510423 0.999971 0.00335911 0 0 0 1
3 0.974698 -0.0582835 0.215796 -0.0489089 -0.166934 0.452227 0.876141 -0.00239397 -0.148653 -0.889996 0.431056 0.830485 0 0 0 1
4 0.945744 -0.302754 0.117935 0.0980336 -0.0262349 0.290634 0.956475 -0.112832 -0.323853 -0.907674 0.266923 0.848162 0 0 0 1
5 0.999113 -0.0288768 -0.030645 0.0223277 0.0281352 0.999307 -0.0243608 0.00313518 0.0313272 0.023477 0.999233 -0.0154464 0 0 0 1
6 0.999848 -0.00593041 -0.0164162 0.00982961 0.00609149 0.999934 0.00977994 -0.00647495 0.0163571 -0.00987845 0.999817 -0.00107318 0 0 0 1
7 0.999704 -0.0162422 0.0180863 -0.00376513 0.0159512 0.999743 0.0161221 -0.0117744 -0.0183435 -0.0158289 0.999706 0.00940147 0 0 0 1
8 0.999855 0.0016517 0.0169468 -0.00871163 -0.00138408 0.999874 -0.0157914 0.00745092 -0.0169708 0.0157656 0.999732 -0.000668562 0 0 0 1
9 0.999522 -0.00154646 0.0308616 -0.0137104 0.00171022 0.999985 -0.00528068 0.00195037 -0.0308529 0.00533094 0.99951 0.00671012 0 0 0 1
10 0.999849 -0.000369901 -0.0173799 0.0084781 0.000550347 0.999946 0.0103788 -0.00499459 0.0173751 -0.0103868 0.999795 -0.000946663 0 0 0 1
#####################################################
*BONEANIMATION, BONEINDEX=5, NFRAMES=11
0 0.305827 -0.0766111 -0.949 0.865287 0.0775973 0.995447 -0.055354 -0.00540462 0.94892 -0.0567111 0.310379 -0.143217 0 0 0 1
1 0.999995 -0.00138914 0.00293327 -0.000449172 0.00138568 0.999998 0.00117895 -0.000953934 -0.00293491 -0.00117488 0.999995 0.00183781 0 0 0 1
2 0.999968 -0.000348085 -0.00804159 0.00366517 0.000368963 0.999997 0.00259491 -0.00117336 0.00804066 -0.0025978 0.999964 -0.00122523 0 0 0 1
3 0.985259 0.0851763 -0.148358 0.0291396 -0.0550885 0.97901 0.196228 -0.0725162 0.161958 -0.185163 0.96927 0.0178057 0 0 0 1
4 0.999873 -0.0156306 0.00297319 0.00837245 0.0156261 0.999877 0.00152823 -0.00970053 -0.00299671 -0.00148157 0.999994 -0.00176211 0 0 0 1
5 0.976215 -0.120583 0.180178 -0.00362384 0.152697 0.972372 -0.17657 0.0841502 -0.153909 0.199883 0.967656 -0.067659 0 0 0 1
6 0.999975 0.00174692 -0.00681735 0.00487803 -0.00158258 0.99971 0.0240377 -0.0119277 0.00685737 -0.0240263 0.999688 0.0111343 0 0 0 1
7 0.999995 -0.000473733 0.0031655 -0.00202991 0.000422722 0.99987 0.0160961 -0.0170991 -0.00317271 -0.0160947 0.999865 0.0181553 0 0 0 1
8 0.999999 -0.000998741 -0.000715104 0.00200013 0.00099625 0.999993 -0.00347427 0.0022837 0.00071857 0.00347355 0.999994 -0.00707877 0 0 0 1
9 0.999998 0.00215607 6.45307e-005 -0.00194492 -0.0021561 0.999998 0.00039074 0.00127591 -6.3688e-005 -0.000390878 1 -0.000971932 0 0 0 1
10 0.999998 0.000462246 -0.00176472 0.000630161 -0.000463762 1 -0.000858931 -0.000300068 0.00176432 0.000859748 0.999998 -0.00089697 0 0 0 1
#####################################################
*BONEANIMATION, BONEINDEX=6, NFRAMES=11
0 0.0761213 -0.00855785 -0.997062 0.919328 0.0338515 0.999409 -0.00599358 -0.0131425 0.996524 -0.0332958 0.076366 -0.0512045 0 0 0 1
1 1 0.000467951 -0.00020697 -0.000305463 -0.000468063 1 -0.000539848 0.000488429 0.000206717 0.000539945 1 -0.000515194 0 0 0 1
2 0.999998 -0.00133791 0.00119693 0.000692274 0.00133847 0.999999 -0.00046242 -0.000480526 -0.00119631 0.000464022 0.999999 9.2383e-005 0 0 0 1
3 0.999377 -0.0241622 -0.0257321 0.0313471 0.0236307 0.999505 -0.0207633 -0.000507719 0.026221 0.0201423 0.999453 -0.0280544 0 0 0 1
4 0.999999 -0.000579653 0.000946211 0.00035761 0.00057791 0.999998 0.00184151 -0.00135806 -0.000947277 -0.00184096 0.999998 0.00216119 0 0 0 1
5 0.99891 0.0463073 0.00590853 -0.0377952 -0.0461053 0.998466 -0.0306728 0.0356507 -0.00731984 0.0303669 0.999512 -0.0212561 0 0 0 1
6 0.999996 0.00181661 0.00206677 -0.00279001 -0.00180977 0.999993 -0.00330931 0.0024932 -0.00207277 0.00330555 0.999992 -0.00186675 0 0 0 1
7 0.999999 -0.000557844 -0.00156494 0.00172039 0.000563646 0.999993 0.00371003 -0.00203423 0.00156286 -0.00371091 0.999992 0.00295289 0 0 0 1
8 1 0.000250351 0.000751083 -0.00070792 -0.000250775 1 0.000563732 -0.000116366 -0.000750942 -0.00056392 1 0.000741584 0 0 0 1
9 1 -0.00082857 0.000556971 0.000441507 0.000828944 0.999999 -0.000670817 -4.5593e-005 -0.000556415 0.000671278 1 -0.000259426 0 0 0 1
10 1 0.000117678 0.000398563 -0.00022646 -0.000118085 0.999999 0.00102223 -0.000424015 -0.000398443 -0.00102227 0.999999 0.00110686 0 0 0 1
#####################################################
*BONEANIMATION, BONEINDEX=7, NFRAMES=11
0 0.999172 0.0356513 -0.0196024 0.00684226 -0.0353556 0.999259 0.0152302 0.005394 0.0201308 -0.0145245 0.999692 0.00287921 0 0 0 1
1 0.999995 0.00310473 0.000413129 -0.00268628 -0.00310145 0.999965 -0.00771858 0.00548344 -0.000437078 0.00771726 0.99997 -0.00290232 0 0 0 1
2 0.999903 -0.0128112 0.00537481 0.00649884 0.0128564 0.999881 -0.00847242 -0.003144 -0.00526563 0.0085407 0.99995 -0.00327565 0 0 0 1
3 0.920079 0.381125 0.0905456 -0.182955 -0.389221 0.915559 0.101289 0.227245 -0.0442961 -0.128436 0.990728 0.0878824 0 0 0 1
4 0.99849 -0.0357063 0.0417527 -0.00530657 0.0369942 0.99885 -0.0304905 -0.006964 -0.040616 0.031989 0.998663 0.0120009 0 0 0 1
5 0.95928 -0.257345 -0.116429 0.207976 0.273365 0.949604 0.153378 -0.156352 0.0710902 -0.17896 0.981285 0.0645252 0 0 0 1
6 0.998651 -0.00140216 -0.0519007 0.032627 -0.00549806 0.991159 -0.132569 0.0748853 0.0516277 0.132675 0.989814 -0.0727943 0 0 0 1
7 0.992254 -0.120685 0.0294645 0.0537163 0.106227 0.947226 0.302454 -0.171062 -0.0644111 -0.296981 0.952709 0.206832 0 0 0 1
8 0.999625 -0.0167597 -0.0216473 0.0223178 0.0143076 0.993956 -0.108844 0.052527 0.0233406 0.108494 0.993823 -0.065591 0 0 0 1
9 0.99976 -0.0027105 -0.0217426 0.0147931 0.00200377 0.999471 -0.0324608 0.0164447 0.0218191 0.0324094 0.999236 -0.0279896 0 0 0 1
10 0.999493 -0.0280009 0.0151823 0.00706871 0.0273492 0.998762 0.0415549 -0.0366989 -0.016327 -0.0411185 0.999021 0.0304358 0 0 0 1
#####################################################
*BONEANIMATION, BONEINDEX=8, NFRAMES=11
0 0.999999 0.00060109 0.00159061 -0.000905913 -0.000594513 0.999991 -0.00413275 0.00263594 -0.00159308 0.0041318 0.99999 0.000243184 0 0 0 1
1 0.999996 -0.00291617 -0.000595298 0.000752923 0.00291612 0.999996 -9.60572e-005 -0.000805906 0.000595575 9.43208e-005 1 -0.000554751 0 0 0 1
2 0.999901 0.0131711 0.00499647 -0.00446196 -0.0131792 0.999912 0.00158625 0.00380681 -0.00497513 -0.00165195 0.999986 0.00203378 0 0 0 1
3 0.999993 -0.00299392 0.00233726 -0.000488299 0.00298107 0.999981 0.00548112 -0.00443675 -0.00235363 -0.00547411 0.999982 0.000401354 0 0 0 1
4 0.999988 0.00487618 0.000834691 -0.000861021 -0.00487289 0.999981 -0.00389849 0.00436996 -0.000853684 0.00389437 0.999992 0.000240308 0 0 0 1
5 0.999989 0.000352818 0.00460512 -0.00325393 -0.000318494 0.999972 -0.00745219 0.00378273 -0.00460763 0.00745064 0.999962 0.000732339 0 0 0 1
6 0.999991 0.000678662 0.00413621 -0.00244206 -0.000685222 0.999999 0.00158467 -0.000899819 -0.00413513 -0.00158749 0.99999 0.00120886 0 0 0 1
7 0.963612 -0.26561 0.0300541 0.148702 0.219493 0.850407 0.478153 -0.248112 -0.15256 -0.454157 0.877762 0.375577 0 0 0 1
8 0.974562 0.165283 0.15136 -0.118 -0.22386 0.685576 0.692728 -0.0811741 0.0107275 -0.70899 0.705137 0.39876 0 0 0 1
9 0.936589 0.230957 0.263554 -0.129978 -0.349114 0.680095 0.644663 -0.0514149 -0.0303523 -0.695794 0.717599 0.274023 0 0 0 1
10 0.975341 0.186344 -0.118259 0.0353984 -0.216074 0.697085 -0.683655 0.417602 -0.0449588 0.692349 0.72016 0.0479697 0 0 0 1
#####################################################
*BONEANIMATION, BONEINDEX=9, NFRAMES=11
0 0.990215 0.118446 -0.0737855 0.00876828 -0.113722 0.991368 0.0652474 0.0501429 0.0808768 -0.0562179 0.995137 -0.0385998 0 0 0 1
1 0.999981 -0.000461253 -0.00606988 0.00282252 0.000494914 0.999985 0.00554532 -0.00308507 0.00606723 -0.00554822 0.999966 -0.0026813 0 0 0 1
2 0.999832 -0.0125345 -0.013389 0.0106683 0.012493 0.999917 -0.00317893 -0.00744532 0.0134278 0.00301113 0.999905 -0.0105942 0 0 0 1
3 0.999645 0.0265954 -0.00138458 -0.00686559 -0.0265969 0.999646 -0.00102796 0.0191908 0.00135675 0.00106442 0.999999 -0.00136845 0 0 0 1
4 0.999926 0.00795916 -0.00919781 0.00189249 -0.00793243 0.999964 0.00293882 0.00371926 0.00922087 -0.00286564 0.999953 -0.00536905 0 0 0 1
5 0.988105 -0.153492 0.00946709 0.0833748 0.0627939 0.4589 0.886266 -0.13001 -0.140379 -0.875129 0.463079 0.801895 0 0 0 1
6 0.978556 -0.0451755 -0.200964 0.124477 0.199359 0.453088 0.868888 -0.283102 0.0518021 -0.89032 0.452379 0.610939 0 0 0 1
7 0.999996 0.00249105 -0.0009242 -0.000828992 -0.00249835 0.999965 -0.00797484 0.00505466 0.000904302 0.00797712 0.999968 -0.0036855 0 0 0 1
8 0.999867 -0.0117622 -0.011326 0.00947036 0.0116696 0.999898 -0.00820811 -0.00475179 0.0114214 0.00807485 0.999902 -0.0111251 0 0 0 1
9 0.999897 -0.00855837 0.0115508 -0.00294626 0.00853043 0.999961 0.00246628 -0.00732431 -0.0115714 -0.00236749 0.99993 0.00897794 0 0 0 1
10 0.99998 -0.00415756 -0.00468584 0.0036406 0.00416229 0.999991 0.00100151 -0.00341449 0.00468163 -0.00102099 0.999989 -0.00287482 0 0 0 1
#####################################################
*BONEANIMATION, BONEINDEX=10, NFRAMES=11
0 0.670055 -0.000958194 -0.742311 0.544701 -0.013849 0.999809 -0.0137915 0.00927595 0.742182 0.0195214 0.669913 -0.184933 0 0 0 1
1 0.999999 -0.000427735 0.00114709 -0.000239942 0.000432108 0.999993 -0.00381504 0.00181766 -0.00114545 0.00381553 0.999992 -0.00211422 0 0 0 1
2 0.999992 -0.00133523 -0.00374027 0.00218652 0.00135472 0.999986 0.00521184 -0.00280286 0.00373326 -0.00521687 0.999979 0.00220032 0 0 0 1
3 0.99729 0.0545154 -0.0493963 -0.000624263 -0.0379767 0.956581 0.288981 -0.0783113 0.0630055 -0.286323 0.956059 0.121176 0 0 0 1
4 0.999987 -0.00517987 0.000326536 0.00184079 0.00517743 0.999961 0.00708492 -0.00581954 -0.000363223 -0.00708313 0.999975 0.00343571 0 0 0 1
5 0.999121 -0.0223713 0.0354429 -0.0064263 0.0212898 0.999305 0.0306037 -0.032469 -0.0361029 -0.0298222 0.998903 0.0392201 0 0 0 1
6 0.999921 0.0125254 0.00139954 -0.00870915 -0.0125011 0.999791 -0.0161727 0.0132942 -0.00160182 0.0161539 0.999868 -0.0114806 0 0 0 1
7 0.999693 -0.0153133 0.0194843 -0.00104479 0.014722 0.999437 0.030136 -0.0197104 -0.0199348 -0.0298399 0.999356 0.0255966 0 0 0 1
8 0.999976 0.00647596 0.0024088 -0.00468995 -0.00647672 0.999979 0.00030606 0.00199933 -0.00240677 -0.000321654 0.999997 -0.00169448 0 0 0 1
9 1 0.000727276 -0.000272839 -0.000389086 -0.000726864 0.999999 0.00150705 -0.00050575 0.000273934 -0.00150685 0.999999 0.000331423 0 0 0 1
10 0.999999 -0.000864547 -0.000988787 0.00108711 0.000863259 0.999999 -0.0013022 0.000655421 0.000989912 0.00130134 0.999999 -0.00163058 0 0 0 1
#####################################################
*VERTEXWEIGHTS, NVERTICES=6669  #(vtx0Based bone0 w0 bone1 w1 ... )
0  2 0.820967 5 0.138593 9 0.0212306 10 0.0192088
1  2 0.816628 5 0.144603 9 0.0215808 10 0.0171883
2  2 0.795557 5 0.15074 10 0.0304191 9 0.023284
3  1 0.303908 5 0.117612 6 0.278684 10 0.299797
4  1 0.334328 5 0.106263 6 0.254781 10 0.304627
5  1 0.329167 5 0.111864 10 0.330897 6 0.228072
6  4 0.566889 3 0.2629 1 0.0848097 7 0.0854017
7  4 0.656395 3 0.201142 1 0.0750576 7 0.0674056
8  4 0.526989 3 0.291274 7 0.104775 1 0.0769614
9  1 0.848795 5 0.0601097 10 0.0744319 7 0.016663
10  1 0.808149 10 0.115412 5 0.063921 7 0.0125182
11  1 0.843359 10 0.0840712 5 0.0610743 7 0.011496
12  1 0.78288 2 0.118292 6 0.0558384 5 0.0429894
13  1 0.798385 2 0.116835 6 0.0611392 5 0.0236411
14  1 0.790708 2 0.112897 6 0.0562521 5 0.0401423
15  7 0.65704 3 0.236453 5 0.0656593 9 0.0408476
16  7 0.682002 3 0.179687 10 0.0525473 5 0.0857634
17  7 0.631654 3 0.222518 10 0.119788 4 0.02604
18  7 0.511992 9 0.234217 3 0.2172 5 0.0365904
19  7 0.533943 9 0.211365 3 0.212929 5 0.041763
20  7 0.545325 9 0.250495 3 0.159058 5 0.0451222
21  2 0.707977 10 0.161804 5 0.0753372 6 0.0548816
22  2 0.669496 10 0.162182 6 0.0827104 5 0.0856117
23  2 0.686792 10 0.157866 5 0.0936281 6 0.0617141
24  0 0.724864 8 0.171136 3 0.0910329 7 0.0129668
25  0 0.712926 8 0.195242 3 0.0781662 7 0.0136665
26  0 0.703171 8 0.185232 3 0.09958 7 0.0120173
27  1 0.40669 6 0.169606 5 0.270292 2 0.153412
28  1 0.386618 6 0.236492 5 0.228051 2 0.148839
29  1 0.422269 5 0.2621 6 0.174383 2 0.141247
30  8 0.776711 0 0.125622 3 0.0972582 2 0.000409122
31  8 0.686912 0 0.174906 3 0.138182
32  8 0.627607 0 0.240161 3 0.132233
33  1 0.299801 10 0.271899 2 0.223323 5 0.204977
34  10 0.333965 1 0.276484 2 0.223857 5 0.165694
35  1 0.298271 10 0.257601 2 0.245798 5 0.19833
36  6 0.529157 1 0.237962 2 0.127645 5 0.105236
37  6 0.515173 1 0.240342 2 0.134874 5 0.109611
38  6 0.571618 1 0.215037 2 0.12015 5 0.0931948
39  0 0.646768 3 0.298552 7 0.0307883 9 0.0238912
40  0 0.754419 3 0.207519 7 0.0219709 9 0.0160905
41  0 0.756877 3 0.204265 7 0.0237398 9 0.0151184
42  7 0.451664 3 0.381461 4 0.130693 1 0.0361823
43  7 0.506461 3 0.356477 4 0.109794 1 0.0272681
44  7 0.445632 3 0.43501 4 0.0992507 8 0.0201081
45  2 0.345619 7 0.331828 9 0.218751 10 0.103802
46  7 0.331879 2 0.307408 9 0.248744 3 0.111968
47  2 0.336538 7 0.342779 9 0.21587 10 0.104813
48  7 0.426853 9 0.28009 2 0.205536 3 0.0875212
49  7 0.491329 9 0.24481 2 0.200271 3 0.063591
50  7 0.427604 9 0.303547 2 0.191939 3 0.0769099
51  6 0.774035 2 0.102542 5 0.103076 10 0.0203473
52  6 0.758733 2 0.11479 5 0.0979575 10 0.0285193
53  6 0.793685 5 0.0987837 2 0.0901397 10 0.0173918
54  1 0.420745 10 0.234678 5 0.232269 2 0.112308
55  1 0.408976 10 0.29396 5 0.198433 2 0.0986311
56  1 0.437298 10 0.277445 5 0.18277 2 0.102487
57  6 0.406983 5 0.354925 7 0.13806 2 0.100031
58  6 0.387098 5 0.359893 7 0.154547 2 0.0984615
59  6 0.38119 5 0.363023 7 0.139388 2 0.116399
60  6 0.879035 2 0.073576 10 0.0296843 1 0.0177042
61  6 0.884539 2 0.0707858 10 0.0244502 1 0.020225
62  6 0.901168 2 0.0580557 10 0.0224868 1 0.0182894
63  0 0.953552 3 0.0290359 7 0.0150049 8 0.00240715
64  0 0.954945 3 0.0293095 7 0.0120433 5 0.00370248
65  0 0.958029 3 0.0259495 7 0.0121114 5 0.00391048
66  4 0.983609 5 0.00730969 2 0.00533123 9 0.00375016
67  4 0.983071 5 0.00730744 2 0.00568236 9 0.00393958
68  4 0.98282 5 0.00857741 9 0.00438517 2 0.00421775
69  6 0.441198 5 0.339044 7 0.119947 2 0.0998108
70  6 0.446146 5 0.340345 7 0.12784 2 0.0856694
71  6 0.879118 2 0.0724574 1 0.0388542 10 0.00957019
72  6 0.876337 2 0.0645518 1 0.0530953 10 0.00601599
73  6 0.855411 2 0.0761566 1 0.0590506 10 0.00938159
74  3 0.373971 7 0.334381 4 0.235937 1 0.0557115
75  3 0.378095 7 0.347331 4 0.221097 1 0.0534765
76  7 0.348964 3 0.357675 4 0.236347 1 0.0570139
77  1 0.789523 10 0.129638 5 0.0718256 4 0.00901314
78  1 0.839005 10 0.090481 5 0.0613153 4 0.00919849
79  1 0.801806 10 0.117999 5 0.0696856 4 0.0105093
80  0 0.983628 10 0.00736698 2 0.00563619 3 0.0033685
81  0 0.982665 10 0.00638113 2 0.00614196 3 0.00481143
82  0 0.981503 10 0.0064472 3 0.00576555 2 0.00628436
83  8 0.990419 7 0.00514486 1 0.00206768 5 0.00236889
84  8 0.99193 7 0.00403179 5 0.0024652 9 0.0015728
85  8 0.991034 7 0.0047243 1 0.00196288 5 0.00227858
86  1 0.768922 10 0.194263 7 0.0268985 2 0.00991681
87  1 0.742854 10 0.227981 7 0.0268102 5 0.00235468
88  1 0.753448 10 0.201503 7 0.0250179 2 0.0200315
89  8 0.926133 0 0.0401434 3 0.0265001 7 0.00722314
90  8 0.895976 0 0.0555208 3 0.0416994 7 0.00680337
91  8 0.908168 0 0.0493586 3 0.0352217 7 0.00725184
92  8 0.961215 3 0.0220362 7 0.0118123 1 0.00493616
93  8 0.948232 3 0.0319483 7 0.0139602 1 0.00585987
94  8 0.94594 3 0.0332227 7 0.014559 1 0.00627803
95  3 0.628113 4 0.246092 7 0.0851205 1 0.0406747
96  3 0.596042 4 0.27225 7 0.0766423 8 0.0550659
97  3 0.638907 4 0.216755 8 0.0721974 7 0.07214
98  2 0.781684 5 0.160131 10 0.0581848
99  2 0.759731 5 0.170668 10 0.0543745 9 0.015227
100  2 0.73982 5 0.171953 10 0.0755632 9 0.0126639
101  1 0.445759 10 0.396618 5 0.124528 2 0.0330946
102  1 0.44012 10 0.379149 5 0.14539 2 0.0353407
103  1 0.470634 10 0.375902 5 0.127552 2 0.0259124
104  1 0.649969 5 0.173413 2 0.161992 10 0.0146267
105  1 0.632617 5 0.186042 2 0.161312 10 0.0200293
106  1 0.595624 5 0.217228 2 0.161895 6 0.0252529
107  8 0.938137 3 0.0396016 7 0.0158255 1 0.00643627
108  8 0.912118 3 0.0614261 7 0.0204947 4 0.00596126
109  8 0.897633 3 0.0739923 7 0.0222317 4 0.00614346
110  9 0.986274 3 0.0111716 4 0.00255455
111  9 0.984856 3 0.0132395 4 0.00190441
112  9 0.986969 3 0.0106786 4 0.00235264
113  6 0.562526 2 0.212643 5 0.192496 7 0.0323349
114  6 0.572944 2 0.206299 5 0.189522 7 0.0312353
115  6 0.570923 2 0.214621 5 0.184065 7 0.0303907
116  4 0.836894 1 0.099749 7 0.0528229 9 0.010534
117  4 0.854877 1 0.0951818 7 0.0407183 9 0.00922258
118  4 0.86299 1 0.0861584 7 0.04029 9 0.0105612
119  2 0.611343 10 0.158218 6 0.12203 5 0.10841
120  2 0.618927 10 0.156424 5 0.12095 6 0.103699
121  2 0.645946 10 0.158905 5 0.104258 6 0.0908905
122  0 0.649265 3 0.289903 8 0.0608323
123  0 0.700321 3 0.249062 8 0.0506172
124  0 0.648425 3 0.285082 8 0.066493
125  1 0.814539 2 0.104699 6 0.0508994 7 0.0298631
126  1 0.765178 2 0.116725 6 0.0363893 10 0.0817079
127  1 0.76395 2 0.114294 6 0.028553 10 0.0932027
128  2 0.701819 5 0.179594 10 0.0971113 9 0.0214762
129  2 0.688511 5 0.184156 10 0.109227 9 0.0181058
130  2 0.685369 5 0.184359 10 0.111677 9 0.0185959
131  8 0.979949 3 0.0139978 7 0.00474912 9 0.00130368
132  8 0.97607 3 0.0173606 7 0.00520305 5 0.0013668
133  8 0.978904 3 0.0150896 7 0.00474336 9 0.00126347
134  4 0.723582 3 0.142418 1 0.0895349 7 0.0444651
135  4 0.634748 3 0.205135 1 0.0984087 7 0.0617088
136  4 0.656909 3 0.196865 1 0.0845121 7 0.0617141
137  6 0.363085 1 0.286411 2 0.183956 5 0.166547
138  6 0.324611 1 0.30871 2 0.187187 5 0.179492
139  1 0.323367 6 0.264843 2 0.206582 5 0.205208
140  2 0.361326 7 0.314067 10 0.18948 9 0.135128
141  2 0.346261 7 0.343813 9 0.18383 10 0.126096
142  2 0.342492 7 0.353284 10 0.172195 9 0.132029
143  4 0.515512 3 0.239817 7 0.162187 1 0.0824841
144  4 0.492892 3 0.285592 7 0.145242 1 0.0762736
145  4 0.327834 3 0.377241 7 0.226699 1 0.0682258
146  6 0.640511 2 0.180819 5 0.153895 7 0.0247749
147  6 0.644907 2 0.178685 5 0.151616 7 0.0247923
148  6 0.659164 2 0.168105 5 0.148726 7 0.0240059
149  9 0.987447 3 0.0121679 1 0.000384801
150  9 0.98663 3 0.0123238 4 0.0010461
151  9 0.986837 3 0.0125782 4 0.000584752
152  8 0.892258 3 0.0845323 7 0.0232095
153  8 0.917891 3 0.0634591 7 0.0186499
154  8 0.920016 3 0.0581303 7 0.0167184 4 0.00513538
155  3 0.6682 0 0.230334 9 0.0568368 8 0.0446297
156  3 0.61448 0 0.293368 8 0.0522441 9 0.0399085
157  3 0.641702 0 0.264541 8 0.0573476 9 0.0364095
158  9 0.983485 3 0.0126388 4 0.00291086 5 0.000965302
159  9 0.983439 3 0.012368 4 0.00351456 5 0.00067845
160  9 0.987452 3 0.0097416 4 0.00280592
161  6 0.71606 5 0.199167 1 0.0597208 7 0.025052
162  6 0.71771 5 0.196693 1 0.0577565 7 0.0278411
163  6 0.727149 5 0.192464 1 0.0538601 7 0.026527
164  7 0.496462 3 0.451734 9 0.0356205 0 0.0161832
165  7 0.475799 3 0.446843 9 0.0560706 0 0.0212874
166  7 0.507478 3 0.419103 9 0.0447987 5 0.0286207
167  4 0.564457 1 0.204154 7 0.18508 2 0.0463094
168  4 0.563377 1 0.219343 7 0.157636 2 0.0596434
169  4 0.695079 1 0.158034 7 0.1082 3 0.0386872
170  6 0.737987 5 0.149647 1 0.0720237 2 0.0403417
171  6 0.752218 5 0.142122 1 0.064714 2 0.0409463
172  6 0.719029 5 0.145445 1 0.0907804 2 0.0447456
173  1 0.496887 5 0.268613 2 0.142805 10 0.0916949
174  1 0.467322 5 0.329692 2 0.150687 10 0.0522984
175  1 0.451766 5 0.330966 2 0.145518 10 0.0717501
176  10 0.48621 7 0.244965 5 0.20463 2 0.0641951
177  10 0.543362 7 0.261643 5 0.140937 2 0.0540575
178  10 0.519791 7 0.339755 5 0.115666 2 0.0247878
179  7 0.45302 9 0.432572 2 0.079264 5 0.0351439
180  9 0.526913 7 0.362734 2 0.0780631 5 0.0322898
181  9 0.541055 7 0.35284 2 0.0798584 5 0.026247
182  2 0.626619 10 0.165052 6 0.121732 5 0.0865973
183  2 0.571498 6 0.167926 10 0.161077 5 0.0994991
184  2 0.60019 10 0.160373 6 0.139501 5 0.0999373
185  10 0.418084 1 0.215488 2 0.158999 5 0.207429
186  10 0.472235 1 0.182434 2 0.158192 5 0.187139
187  10 0.415391 1 0.234268 2 0.19119 5 0.159151
188  7 0.401179 10 0.392581 5 0.154917 9 0.0513233
189  10 0.462134 7 0.402275 5 0.0960592 9 0.0395309
190  10 0.466836 7 0.325458 5 0.177871 2 0.0298344
191  8 0.901184 3 0.0696524 7 0.021399 4 0.00776457
192  8 0.87908 3 0.0874629 7 0.0235512 4 0.00990584
193  8 0.907107 3 0.0657517 7 0.0201357 4 0.00700576
194  4 0.639084 7 0.215487 1 0.133314 3 0.0121147
195  4 0.521578 7 0.293398 1 0.165096 2 0.019928
196  4 0.570538 7 0.269041 1 0.150554 2 0.0098666
197  2 0.82332 10 0.145113 6 0.0225078 1 0.00905923
198  2 0.824921 10 0.151423 6 0.0145104 1 0.00914501
199  2 0.836862 10 0.132621 6 0.0199914 1 0.0105254
200  1 0.46233 5 0.355704 10 0.0862437 2 0.0957225
201  6 0.587629 5 0.249924 2 0.110719 7 0.0517277
202  6 0.605058 5 0.250597 2 0.0937542 7 0.0505912
203  6 0.594879 5 0.257887 2 0.0927678 7 0.0544664
204  0 0.978106 7 0.00869341 10 0.0105995 8 0.00260138
205  0 0.980733 10 0.00928369 7 0.00829162 6 0.00169144
206  0 0.978093 10 0.011574 7 0.0078599 8 0.00247312
207  6 0.663999 5 0.209435 1 0.102352 7 0.0242142
208  6 0.669284 5 0.195314 1 0.112538 7 0.0228642
209  6 0.653426 5 0.206737 1 0.114764 7 0.0250726
210  1 0.681771 5 0.150716 2 0.120394 6 0.0471186
211  1 0.656244 5 0.164546 2 0.12245 6 0.0567606
212  1 0.639757 5 0.179938 2 0.119287 6 0.0610176
213  1 0.520659 10 0.254431 5 0.173427 2 0.0514832
214  1 0.496583 5 0.217369 10 0.224827 2 0.0612209
215  1 0.49101 10 0.26185 5 0.196154 2 0.0509867
216  9 0.897661 6 0.0483642 7 0.0467824 2 0.00719289
217  9 0.930541 6 0.0422316 7 0.026849 2 0.000378015
218  9 0.917984 6 0.0469616 7 0.0296954 2 0.00535902
219  9 0.95042 6 0.0327937 7 0.0156004 3 0.00118625
220  9 0.964235 6 0.0264957 7 0.00926889
221  9 0.958075 6 0.0303271 7 0.0115977
222  8 0.967944 0 0.0141867 3 0.0112451 7 0.0066247
223  8 0.96234 0 0.0196331 3 0.0111206 7 0.00690624
224  8 0.984739 0 0.00790587 7 0.00539405 9 0.00196133
225  8 0.890471 3 0.0905133 7 0.0190156
226  8 0.916804 3 0.0664945 0 0.00273967 7 0.0139614
227  8 0.889046 3 0.0942011 7 0.016753
228  0 0.982469 10 0.00715582 2 0.0055254 3 0.0048493
229  0 0.982368 10 0.00661273 2 0.00584741 3 0.00517228
230  0 0.98357 10 0.00738682 2 0.00545786 3 0.00358577
231  9 0.960403 2 0.0325156 6 0.00708175
232  9 0.96972 2 0.0225334 6 0.00727376 3 0.000472683
233  9 0.966988 2 0.0268797 6 0.00560792 4 0.000524063
234  1 0.368807 6 0.23563 5 0.2212 2 0.174364
235  1 0.371984 6 0.196553 5 0.238261 2 0.193202
236  1 0.385832 6 0.171422 5 0.256825 2 0.185922
237  1 0.931155 7 0.0295261 6 0.0247494 2 0.0145695
238  1 0.923625 6 0.030068 7 0.0274115 2 0.0188959
239  1 0.918266 7 0.0321982 6 0.0271512 2 0.0223847
240  10 0.354348 2 0.336637 1 0.151612 5 0.157403
241  2 0.27196 10 0.26148 1 0.150723 6 0.315836
242  2 0.324656 10 0.301924 1 0.183904 5 0.189516
243  9 0.978576 2 0.00989419 3 0.0067291 4 0.00480066
244  9 0.975834 2 0.0165611 3 0.00448847 4 0.00311648
245  9 0.96963 2 0.0233223 4 0.00355021 6 0.00349768
246  2 0.634502 5 0.177934 10 0.168688 6 0.0188764
247  2 0.668819 5 0.175341 10 0.153123 1 0.00271724
248  2 0.671562 5 0.171413 10 0.144844 1 0.0121822
249  1 0.413731 5 0.291382 6 0.200195 2 0.0946925
250  1 0.437645 5 0.2865 6 0.178351 2 0.0975047
251  1 0.432053 5 0.302392 6 0.16978 2 0.0957745
252  1 0.737242 10 0.136194 5 0.0615987 2 0.0649659
253  1 0.752937 10 0.139954 5 0.0551737 2 0.0519362
254  1 0.706457 10 0.17612 5 0.0643395 2 0.0530839
255  4 0.969567 5 0.0129928 7 0.0117776 9 0.0056623
256  4 0.955272 7 0.0231945 5 0.0172922 9 0.00424184
257  4 0.967022 5 0.0144809 7 0.011665 9 0.00683223
258  5 0.372556 6 0.308444 7 0.177031 2 0.141969
259  6 0.338924 5 0.349964 7 0.197913 2 0.113199
260  6 0.329762 5 0.363782 7 0.179123 2 0.127333
261  6 0.800561 1 0.0884619 2 0.0581561 5 0.0528208
262  6 0.755434 1 0.113636 2 0.0686391 5 0.062291
263  6 0.751743 1 0.118513 2 0.0713895 5 0.0583544
264  9 0.91067 2 0.0183906 6 0.0436964 7 0.0272427
265  9 0.932959 6 0.0381436 2 0.00861943 7 0.0202783
266  9 0.927359 2 0.0452224 6 0.00753235 5 0.0198861
267  1 0.657984 10 0.203392 5 0.0805457 2 0.0580788
268  1 0.629662 10 0.228818 5 0.0921338 2 0.0493857
269  1 0.670044 10 0.210678 5 0.0750851 2 0.0441927
270  6 0.610487 1 0.191117 5 0.112331 2 0.0860641
271  6 0.650544 1 0.164993 5 0.106098 2 0.0783649
272  6 0.610762 1 0.189343 5 0.116881 2 0.0830144
273  1 0.54813 5 0.223663 2 0.133739 6 0.0944676
274  1 0.583594 5 0.206461 2 0.138656 6 0.071289
275  1 0.565856 5 0.215327 2 0.130659 6 0.0881576
276  7 0.55726 9 0.242219 2 0.155691 5 0.04483
277  7 0.5443 9 0.257386 2 0.169475 10 0.0288386
278  7 0.542056 9 0.223331 2 0.186979 10 0.0476348
279  2 0.422458 6 0.247944 10 0.172745 5 0.156853
280  2 0.425748 6 0.207986 5 0.180692 10 0.185574
281  2 0.452822 5 0.194055 6 0.185291 10 0.167832
282  6 0.481078 2 0.284056 10 0.194611 5 0.0402542
283  6 0.463204 2 0.284122 10 0.221745 5 0.0309284
284  6 0.522172 2 0.271412 10 0.186842 1 0.0195739
285  9 0.986961 3 0.0120281 1 0.00101119
286  9 0.987607 3 0.0119338 1 0.000458888
287  8 0.924836 3 0.0511831 7 0.018468 4 0.00551256
288  1 0.289799 2 0.299667 5 0.21639 10 0.194144
289  1 0.271422 2 0.289043 10 0.275493 5 0.164042
290  1 0.272344 2 0.284431 10 0.276718 5 0.166507
291  3 0.460604 7 0.240174 9 0.192164 0 0.107058
292  3 0.495137 7 0.224426 9 0.152292 0 0.128145
293  3 0.435633 7 0.275005 9 0.203938 0 0.0854241
294  6 0.464318 5 0.33722 7 0.107149 1 0.0913126
295  6 0.375521 5 0.353393 7 0.171127 2 0.0999596
296  3 0.459421 8 0.342556 7 0.133463 4 0.0645602
297  3 0.433183 8 0.396782 7 0.111599 4 0.058437
298  3 0.470265 8 0.292607 7 0.152538 4 0.0845909
299  8 0.977722 3 0.0163145 7 0.00474817 9 0.00121506
300  8 0.975498 3 0.0184007 7 0.00495918 9 0.00114206
301  2 0.882299 6 0.0950952 7 0.0129536 9 0.00965245
302  2 0.885892 6 0.0911655 7 0.0133962 9 0.0095468
303  2 0.890165 6 0.0884027 7 0.0121216 9 0.00931094
304  6 0.569524 1 0.218528 5 0.114711 2 0.0972371
305  6 0.616851 1 0.190861 5 0.101173 2 0.0911153
306  6 0.579071 1 0.214544 5 0.106193 2 0.100192
307  7 0.616764 10 0.248898 4 0.0858025 2 0.048535
308  7 0.477542 10 0.397903 2 0.0722477 4 0.0523068
309  7 0.63928 10 0.210602 4 0.0862208 2 0.0638971
310  3 0.528833 0 0.223981 7 0.14383 9 0.103356
311  3 0.528059 0 0.24827 7 0.122037 9 0.101634
312  3 0.525356 0 0.205272 7 0.147534 9 0.121838
313  0 0.936364 3 0.0386742 7 0.015585 8 0.0093764
314  0 0.929283 3 0.0437422 7 0.0157378 8 0.0112368
315  0 0.933036 3 0.0423442 7 0.0153679 8 0.00925232
316  8 0.894198 3 0.103412 0 0.00238995
317  8 0.927292 3 0.0718282 2 0.000879991
318  8 0.904147 3 0.094788 0 0.00106531
319  2 0.755783 5 0.161566 10 0.0826508
320  2 0.737041 5 0.165386 10 0.097573
321  1 0.482615 5 0.240227 6 0.156364 2 0.120794
322  1 0.49479 5 0.238575 6 0.138727 2 0.127908
323  8 0.85193 0 0.0959003 3 0.0438664 7 0.00830332
324  8 0.852752 0 0.0856256 3 0.0547204 7 0.00690198
325  8 0.896761 0 0.0615585 3 0.0332483 7 0.00843206
326  0 0.982053 2 0.00624421 3 0.00570333 10 0.00599953
327  0 0.980895 3 0.00684378 2 0.00666211 10 0.00559868
328  2 0.595429 10 0.206407 6 0.14138 5 0.0567836
329  2 0.593198 10 0.201984 6 0.135892 5 0.0689262
330  2 0.553902 10 0.201145 6 0.174923 5 0.0700303
331  7 0.563196 3 0.303461 10 0.0809457 4 0.0523969
332  7 0.615091 3 0.267856 10 0.0877859 4 0.0292674
333  7 0.595371 3 0.304051 4 0.0326562 10 0.0679217
334  1 0.537216 5 0.216392 2 0.140348 10 0.106044
335  1 0.510401 5 0.274935 2 0.149254 10 0.0654102
336  0 0.971041 10 0.0162969 8 0.00741348 3 0.00524834
337  0 0.960604 3 0.0146185 10 0.0160299 8 0.00874752
338  0 0.952229 3 0.0187614 8 0.0122667 10 0.0167429
339  8 0.835728 0 0.110539 3 0.0472383 7 0.00649473
340  8 0.758877 0 0.164019 3 0.0721773 7 0.00492636
341  8 0.78515 0 0.149447 3 0.0585933 7 0.00681028
342  9 0.843779 7 0.0825567 6 0.0536525 2 0.0200122
343  9 0.880285 7 0.0556625 6 0.0523738 2 0.011679
344  9 0.860511 7 0.066004 6 0.0586836 2 0.014801
345  2 0.854617 5 0.0920213 6 0.0412155 9 0.0121458
346  2 0.859771 5 0.0779189 6 0.0507956 9 0.0115149
347  2 0.861421 5 0.0874596 6 0.0394429 9 0.0116766
348  0 0.978111 7 0.0081865 10 0.00875709 3 0.00494576
349  0 0.977525 7 0.00822271 3 0.00628062 10 0.00797134
350  0 0.980597 10 0.00967494 7 0.0070573 3 0.0026705
351  1 0.738111 10 0.11374 2 0.0783592 5 0.0697898
352  1 0.780015 2 0.071347 10 0.0892018 5 0.059436
353  0 0.915676 8 0.0444097 7 0.0200494 3 0.0198651
354  0 0.889908 8 0.0571639 3 0.0336286 7 0.0192996
355  0 0.904823 8 0.042538 3 0.0339456 7 0.0186931
356  7 0.428462 1 0.301159 2 0.171336 4 0.0990426
357  7 0.4345 1 0.260659 4 0.180829 2 0.124012
358  7 0.463576 1 0.260581 4 0.139371 2 0.136472
359  0 0.85339 3 0.118437 7 0.019088 9 0.00908561
360  0 0.761324 3 0.198108 7 0.0270871 9 0.0134812
361  0 0.844585 3 0.126308 7 0.0205226 9 0.00858461
362  6 0.833131 5 0.0905785 2 0.0640823 7 0.0122086
363  6 0.834297 5 0.0888169 2 0.0650592 7 0.011827
364  6 0.850824 5 0.0897221 2 0.0487374 7 0.0107169
365  1 0.750104 10 0.193094 5 0.0382223 7 0.0185795
366  1 0.775816 10 0.171712 5 0.0334616 7 0.0190105
367  1 0.742575 10 0.205846 5 0.0311169 7 0.0204615
368  2 0.765614 10 0.17823 6 0.0201073 5 0.0360489
369  2 0.771978 10 0.169679 6 0.0194 5 0.038943
370  2 0.807677 10 0.153983 6 0.0214246 1 0.0169154
371  6 0.726259 2 0.126166 5 0.126438 7 0.0211374
372  6 0.727836 2 0.128221 5 0.123664 7 0.0202787
373  6 0.702834 2 0.14296 5 0.132119 7 0.0220858
374  6 0.810708 2 0.0854492 5 0.0747026 10 0.0291403
375  6 0.839472 5 0.0779152 2 0.0650351 10 0.0175779
376  6 0.850344 5 0.0673177 2 0.060792 10 0.021546
377  2 0.602141 5 0.182754 10 0.182391 6 0.032715
378  2 0.59771 5 0.17661 10 0.177217 6 0.0484626
379  2 0.647275 5 0.184659 10 0.165409 1 0.002657
380  3 0.438053 4 0.302628 7 0.201676 8 0.0576417
381  3 0.437121 4 0.25563 7 0.256999 1 0.0502498
382  8 0.775233 3 0.190922 0 0.0338449
383  8 0.715061 3 0.229151 0 0.0557873
384  8 0.736483 3 0.21827 0 0.045247
385  2 0.698153 5 0.180548 10 0.107691 9 0.0136076
386  2 0.685099 5 0.184356 10 0.11557 9 0.0149746
387  2 0.698707 5 0.18215 10 0.101482 9 0.0176613
388  2 0.74808 5 0.160097 10 0.091823
389  2 0.736101 5 0.156735 10 0.105437 6 0.001727
390  2 0.757367 5 0.152969 10 0.0877893 6 0.00187493
391  1 0.82701 2 0.093081 6 0.04738 7 0.032529
392  1 0.820936 2 0.0981491 6 0.0515238 7 0.0293907
393  2 0.717955 10 0.165566 6 0.0581972 5 0.0582824
394  2 0.698107 10 0.180989 6 0.0704557 5 0.0504482
395  2 0.732296 10 0.168331 6 0.057547 5 0.0418255
396  0 0.519038 3 0.394071 7 0.0494868 9 0.0374042
397  0 0.503037 3 0.409318 9 0.0451067 7 0.0425384
398  7 0.495812 9 0.417241 2 0.0481064 5 0.0388405
399  7 0.562351 9 0.347675 5 0.0574093 2 0.0325647
400  7 0.526581 9 0.39575 2 0.0473909 5 0.030278
401  1 0.635757 10 0.331846 2 0.0273301 5 0.00506666
402  1 0.63108 10 0.318011 2 0.0420634 5 0.00884531
403  1 0.6119 10 0.331377 2 0.0399518 5 0.0167709
404  9 0.983482 3 0.0115197 4 0.00499803
405  9 0.983275 3 0.0110701 4 0.00565514
406  9 0.981657 3 0.0113251 4 0.00502683 5 0.00199094
407  7 0.5177 4 0.211912 3 0.215285 1 0.055103
408  7 0.495312 4 0.249109 3 0.18311 1 0.0724691
409  7 0.55895 4 0.212332 3 0.169757 1 0.0589618
410  3 0.727149 9 0.147744 0 0.104725 8 0.0203823
411  3 0.708483 9 0.189377 0 0.0791991 2 0.0229416
412  3 0.693012 9 0.199916 0 0.0924449 8 0.0146269
413  3 0.572941 9 0.165868 0 0.171366 7 0.0898257
414  3 0.543975 9 0.179392 0 0.161664 7 0.114968
415  3 0.564292 0 0.218125 9 0.124871 7 0.0927126
416  0 0.97429 10 0.0124401 7 0.0076799 8 0.00558987
417  0 0.969641 10 0.0122956 8 0.00945414 7 0.00860936
418  0 0.974857 7 0.00882785 10 0.0112665 8 0.00504863
419  1 0.236159 10 0.437618 5 0.0282429 6 0.297981
420  1 0.355151 5 0.335217 10 0.193852 2 0.11578
421  1 0.3642 10 0.269482 5 0.264612 2 0.101706
422  8 0.983148 3 0.0107013 7 0.00470576 9 0.00144492
423  8 0.985307 3 0.0084537 7 0.00469165 9 0.00154746
424  8 0.983561 3 0.010286 7 0.00468428 9 0.00146914
425  9 0.980754 3 0.00851373 6 0.00595649 10 0.0047756
426  9 0.982275 3 0.00888329 6 0.00383605 10 0.00500605
427  9 0.982119 3 0.00954091 10 0.00638907 6 0.00195109
428  1 0.577964 5 0.211736 2 0.118909 6 0.0913907
429  1 0.555929 5 0.225676 2 0.11366 6 0.104735
430  1 0.528075 5 0.234677 6 0.124696 2 0.112551
431  2 0.919176 10 0.054014 6 0.00784563 1 0.0189641
432  2 0.905704 10 0.0684942 1 0.0184487 6 0.00735284
433  2 0.910182 10 0.0535379 5 0.0211614 1 0.0151188
434  1 0.754666 2 0.113765 10 0.106412 6 0.025157
