#####################################################
# (c) Binh Le (bhle2@cs.uh.edu)
#
# Running time: 45.770 (s)
# Repeat      : 11
#
#####################################################
*OBJFILENAME
..\Data\cow.obj
#####################################################
*BONEANIMATION, BONEINDEX=0, NFRAMES=7
0 0.999985 -0.00327924 0.0042888 0.29397 0.00327969 0.999995 -9.8859e-005 -0.0745743 -0.00428845 0.000112924 0.999991 -0.0772831 0 0 0 1
1 0.999559 0.0242283 -0.0171662 -1.92777 -0.0219514 0.992254 0.122269 3.01248 0.0199956 -0.121838 0.992349 10.2476 0 0 0 1
2 0.999387 0.0265028 0.0228931 -2.51955 -0.0282961 0.996236 0.0819335 1.29419 -0.0206354 -0.082531 0.996375 7.39817 0 0 0 1
3 0.720593 -0.260879 0.642408 23.3058 0.375238 0.925839 -0.0449273 3.1192 -0.583046 0.27343 0.765045 -18.3822 0 0 0 1
4 0.999986 0.00184109 -0.00498571 -0.297651 -0.00182818 0.999995 0.00259257 0.102607 0.00499045 -0.00258342 0.999984 0.145447 0 0 0 1
5 0.992375 -0.0227373 0.121137 5.51412 0.0300073 0.997834 -0.0585323 -2.59473 -0.119544 0.061721 0.990909 -6.49753 0 0 0 1
6 0.998727 0.0481929 0.0148935 -4.719 -0.0468423 0.995646 -0.0805967 -4.27566 -0.0187129 0.0797964 0.996636 -8.26961 0 0 0 1
#####################################################
*BONEANIMATION, BONEINDEX=1, NFRAMES=7
0 0.92543 0.0332377 0.377458 -10.8916 -0.0542947 0.997498 0.0452804 13.0468 -0.375009 -0.0623978 0.924919 -7.99861 0 0 0 1
1 1 -0.000519287 -0.0001991 0.0458549 0.000519356 1 0.000347907 -0.0321155 0.000198919 -0.00034801 1 0.0269072 0 0 0 1
2 1 0.000173753 0.000140176 -0.0148943 -0.000173677 1 -0.000542468 0.0227404 -0.00014027 0.000542444 1 -0.0405977 0 0 0 1
3 0.999999 -0.000243259 -0.00153702 -0.0134908 0.000243338 1 5.14476e-005 -0.0082524 0.00153701 -5.18215e-005 0.999999 0.0599352 0 0 0 1
4 1 1.40025e-006 -9.12149e-006 9.01632e-005 -1.40017e-006 1 8.82076e-006 -0.000267297 9.1215e-006 -8.82075e-006 1 0.000603711 0 0 0 1
5 0.999989 -0.00429763 0.00181181 0.0798767 0.00431073 0.999964 -0.00728524 0.680256 -0.00178044 0.00729297 0.999972 -0.389413 0 0 0 1
6 1 0.000369097 6.72067e-005 -0.0305273 -0.000369081 1 -0.000232498 0.0227781 -6.72925e-005 0.000232473 1 -0.0178109 0 0 0 1
#####################################################
*BONEANIMATION, BONEINDEX=2, NFRAMES=7
0 0.999992 0.00361149 0.00162856 0.046169 -0.00360949 0.999993 -0.00122813 0.0291005 -0.00163298 0.00122225 0.999998 0.0203357 0 0 0 1
1 0.999992 0.00355236 0.00183928 0.0627787 -0.00355204 0.999994 -0.000177852 0.0665238 -0.0018399 0.000171317 0.999998 0.0322022 0 0 0 1
2 0.999993 -0.00327228 -0.00181313 -0.0538117 0.00327293 0.999995 0.00035755 -0.0503607 0.00181195 -0.000363482 0.999998 -0.0430954 0 0 0 1
3 0.473462 -0.314122 0.822898 26.3194 0.4997 0.865144 0.0427412 10.248 -0.725351 0.390965 0.56658 -30.3095 0 0 0 1
4 0.999995 -0.00173488 -0.00279859 -0.119901 0.0017404 0.999997 0.0019719 0.048687 0.00279516 -0.00197676 0.999994 -0.0277293 0 0 0 1
5 0.999942 0.00749252 -0.00776298 -0.293419 -0.00756682 0.999925 -0.00958662 -0.283027 0.00769057 0.0096448 0.999924 0.0264507 0 0 0 1
6 0.965363 0.202168 -0.164933 -30.1893 -0.242655 0.463372 -0.852294 -28.8382 -0.0958811 0.862795 0.496379 -77.5896 0 0 0 1
#####################################################
*BONEANIMATION, BONEINDEX=3, NFRAMES=7
0 1 0.000169965 0.000327229 0.0134786 -0.00017001 1 0.000137371 0.00263424 -0.000327206 -0.000137427 1 -0.00445756 0 0 0 1
1 1 0.000361311 0.000227344 0.00841323 -0.000361509 1 0.000874317 0.0319984 -0.000227028 -0.000874399 1 0.000748285 0 0 0 1
2 0.999999 0.00102606 0.000342275 0.00956321 -0.001026 0.999999 -0.00018996 -0.0268578 -0.00034247 0.000189609 1 -0.00887918 0 0 0 1
3 0.475337 -0.321218 0.819069 26.1425 0.507443 0.86061 0.0430209 10.2794 -0.718718 0.395182 0.57208 -30.1303 0 0 0 1
4 1 -0.000300127 7.94744e-005 0.00570505 0.000300144 1 -0.000214544 -0.00334799 -7.941e-005 0.000214568 1 -0.0028449 0 0 0 1
5 0.833367 0.313784 0.455015 13.3533 0.305229 0.425052 -0.852154 -26.5493 -0.460797 0.849041 0.258449 -100.913 0 0 0 1
6 0.999997 -0.00244136 5.23207e-005 0.0174243 0.00244139 0.999997 -0.000598564 0.0176719 -5.08593e-005 0.00059869 1 -0.00174551 0 0 0 1
#####################################################
*BONEANIMATION, BONEINDEX=4, NFRAMES=7
0 0.999983 -0.00474148 -0.00345241 0.0389682 0.00475393 0.999982 0.00360557 0.0488892 0.00343525 -0.00362192 0.999988 0.0574591 0 0 0 1
1 1 0.000233482 -0.000760026 0.00145166 -0.000234561 0.999999 -0.00141941 -0.00340033 0.000759694 0.00141959 0.999999 -0.00560106 0 0 0 1
2 0.965112 -0.0259988 0.260544 0.765111 -0.171666 0.688533 0.704594 23.4962 -0.197712 -0.724739 0.660048 47.1908 0 0 0 1
3 0.999998 0.000889788 -0.0015907 -0.00362061 -0.000888114 0.999999 0.00105229 -0.00584431 0.00159163 -0.00105087 0.999998 0.0303794 0 0 0 1
4 1 8.84376e-005 7.0964e-005 -0.000876342 -8.84471e-005 1 0.000134012 -0.00185941 -7.09521e-005 -0.000134019 1 9.71073e-006 0 0 0 1
5 1 -0.000591164 -7.46237e-005 0.00599696 0.00059111 1 -0.000720024 0.00685956 7.50493e-005 0.00071998 1 0.000142429 0 0 0 1
6 0.999998 -0.000706799 0.00173636 -0.000216748 0.000705591 1 0.000696177 0.00559388 -0.00173685 -0.00069495 0.999998 -0.0176409 0 0 0 1
#####################################################
*BONEANIMATION, BONEINDEX=5, NFRAMES=7
0 0.993408 -0.0510664 0.102631 4.28671 0.0466821 0.99791 0.0446779 0.027342 -0.104698 -0.0395924 0.993716 0.730851 0 0 0 1
1 0.998638 0.00269755 0.0521101 0.103581 -0.00349337 0.999879 0.0151869 -0.521977 -0.0520628 -0.0153482 0.998526 0.169111 0 0 0 1
2 0.994828 0.100357 -0.0156554 -9.1018 -0.0954969 0.976663 0.19238 1.97639 0.0345967 -0.18989 0.981196 16.4876 0 0 0 1
3 0.924314 -0.196791 0.326982 19.5548 0.223269 0.973712 -0.0451185 1.7871 -0.309508 0.114709 0.943953 -8.72537 0 0 0 1
4 0.999999 0.000241927 0.00139644 -0.0151732 -0.000240845 1 -0.000774566 -0.00320282 -0.00139663 0.000774229 0.999999 -0.0601346 0 0 0 1
5 0.999753 0.00878166 0.0204112 -1.30127 -0.00746412 0.997938 -0.063753 0.171409 -0.020929 0.0635849 0.997757 -6.57067 0 0 0 1
6 0.999743 0.0216217 0.006786 -2.31558 -0.0215625 0.99973 -0.00866812 -0.0218713 -0.00697159 0.00851957 0.999939 -0.918507 0 0 0 1
#####################################################
*BONEANIMATION, BONEINDEX=6, NFRAMES=7
0 0.999996 0.000236835 0.00278466 0.2398 -0.000237208 1 0.000133474 0.0108581 -0.00278463 -0.000134134 0.999996 0.0117774 0 0 0 1
1 1 -0.000672523 0.000421073 0.0557414 0.000672002 0.999999 0.00123703 0.0897001 -0.000421905 -0.00123675 0.999999 0.0342836 0 0 0 1
2 1 0.000672129 -9.9276e-005 -0.0279719 -0.000672048 0.999999 0.000814482 0.0999096 9.98233e-005 -0.000814415 1 0.0170789 0 0 0 1
3 0.47715 -0.320462 0.81831 26.1028 0.504667 0.862223 0.0433914 10.2629 -0.719471 0.39227 0.573136 -29.9956 0 0 0 1
4 0.962203 -0.0992868 0.253591 27.9566 0.260175 0.61027 -0.748251 -29.3045 -0.0804673 0.785947 0.613035 -90.1531 0 0 0 1
5 0.999979 0.00329684 -0.00561248 -0.466677 -0.00335001 0.999949 -0.00949074 -1.0701 0.0055809 0.00950934 0.999939 -0.00925035 0 0 0 1
6 0.999589 -0.00352795 0.02845 2.62656 0.00358425 0.999992 -0.00192824 -0.345891 -0.028443 0.00202942 0.999593 0.0345725 0 0 0 1
#####################################################
*BONEANIMATION, BONEINDEX=7, NFRAMES=7
0 0.936056 -0.175704 0.304841 13.9459 0.0413106 0.915278 0.400698 7.61954 -0.349419 -0.362483 0.86401 26.0717 0 0 0 1
1 1 -0.000265015 -0.000167737 0.036461 0.000264859 1 -0.00092782 0.0182888 0.000167982 0.000927775 1 -0.10715 0 0 0 1
2 1 7.67675e-005 5.30797e-005 -0.0103791 -7.67688e-005 1 2.42412e-005 0.00101814 -5.30779e-005 -2.42453e-005 1 -0.000799334 0 0 0 1
3 0.999998 0.00105343 -0.00192121 -0.121008 -0.00105244 0.999999 0.000514907 0.00397908 0.00192175 -0.000512884 0.999998 0.045973 0 0 0 1
4 1 3.79134e-006 -5.02419e-006 -0.000547933 -3.79137e-006 1 -6.55415e-006 0.000313892 5.02417e-006 6.55417e-006 1 -0.00106028 0 0 0 1
5 0.999997 0.00186582 -0.00139696 -0.355976 -0.00185359 0.99996 0.00870584 0.121472 0.00141315 -0.00870323 0.999961 1.09862 0 0 0 1
6 1 0.000155648 4.77375e-005 -0.0191345 -0.000155667 1 0.000394513 -0.00213727 -4.76761e-005 -0.00039452 1 0.0407759 0 0 0 1
#####################################################
*BONEANIMATION, BONEINDEX=8, NFRAMES=7
0 0.999706 -0.0110341 0.0215681 0.482513 0.010326 0.999413 0.0326713 -0.112164 -0.0219159 -0.032439 0.999233 1.46972 0 0 0 1
1 0.997876 0.0609085 -0.0230986 -3.53785 -0.0451978 0.902731 0.427825 10.8595 0.04691 -0.425872 0.903566 29.9796 0 0 0 1
2 0.999266 0.0264587 0.0277062 -2.46789 -0.027959 0.998081 0.0552418 1.06678 -0.0261914 -0.0559759 0.998089 5.74126 0 0 0 1
3 0.980321 -0.115346 0.160205 6.47696 0.124621 0.99099 -0.0490752 0.169941 -0.153101 0.0680744 0.985863 -4.56129 0 0 0 1
4 0.999999 0.000500568 -0.00154172 -0.0398704 -0.000499267 1 0.000844213 0.029028 0.00154215 -0.000843442 0.999998 0.0697235 0 0 0 1
5 0.999832 -0.0152944 -0.0100856 1.16614 0.0150622 0.999629 -0.0227099 -0.342205 0.0104292 0.0225542 0.999691 -1.9616 0 0 0 1
6 0.999286 0.0024755 -0.0376943 -0.321016 -0.00309336 0.999862 -0.016342 -0.355354 0.0376486 0.016447 0.999156 -1.57757 0 0 0 1
#####################################################
*BONEANIMATION, BONEINDEX=9, NFRAMES=7
0 0.999997 -0.00237707 -0.000274316 0.024169 0.00237729 0.999997 0.00081031 -0.0532779 0.000272389 -0.00081096 1 0.0521638 0 0 0 1
1 0.999993 -0.00113216 -0.00342562 -0.228881 0.00112518 0.999997 -0.0020378 -0.259234 0.00342792 0.00203393 0.999992 -0.0774831 0 0 0 1
2 0.999994 -0.0001891 0.00340278 0.26944 0.000188988 1 3.30452e-005 0.0536274 -0.00340279 -3.2402e-005 0.999994 0.0765933 0 0 0 1
3 0.479542 -0.315956 0.818665 26.1602 0.503826 0.862972 0.0379341 9.79556 -0.71847 0.394274 0.573018 -30.11 0 0 0 1
4 0.999999 -0.00100379 0.000305246 0.0891705 0.00100477 0.999994 -0.00323621 -0.151331 -0.000301996 0.00323651 0.999995 -0.316853 0 0 0 1
5 0.999927 0.00968819 -0.00723392 -1.51163 -0.00984387 0.999714 -0.0218057 -1.19955 0.00702059 0.0218753 0.999736 -2.29495 0 0 0 1
6 0.990111 0.0801236 -0.115157 -14.9243 -0.0960547 0.985451 -0.140217 -8.81002 0.102246 0.149891 0.983401 -15.8866 0 0 0 1
#####################################################
*BONEANIMATION, BONEINDEX=10, NFRAMES=7
0 0.999241 -0.024043 0.0306408 2.16988 0.0238804 0.999699 0.00566236 1.30307 -0.0307677 -0.00492635 0.999514 0.42908 0 0 0 1
1 0.999905 -0.00520603 -0.0127949 0.267214 0.00524568 0.999982 0.00306734 0.541758 0.0127787 -0.00313417 0.999913 0.317827 0 0 0 1
2 0.971925 0.164172 0.16855 -11.0125 -0.209982 0.928405 0.306549 5.20229 -0.106156 -0.333335 0.936813 24.699 0 0 0 1
3 0.999766 0.0169518 -0.0134673 -0.716674 -0.0170545 0.999826 -0.00754339 -0.300214 0.0133371 0.0077713 0.999881 -0.242077 0 0 0 1
4 1 0.00012692 0.000269474 -0.0168643 -0.000127343 0.999999 0.00156888 -0.00882317 -0.000269275 -0.00156892 0.999999 0.116544 0 0 0 1
5 0.999785 0.0161773 0.0129701 -1.21011 -0.0161019 0.999853 -0.00589281 -0.568321 -0.0130636 0.0056827 0.999899 -0.752708 0 0 0 1
6 0.999807 0.00435024 -0.0191777 -0.0527037 -0.00419298 0.999957 0.00823273 -0.27647 0.0192127 -0.00815073 0.999782 1.27166 0 0 0 1
#####################################################
*BONEANIMATION, BONEINDEX=11, NFRAMES=7
0 0.999999 -0.00107756 0.00117453 0.129073 0.00108353 0.999986 -0.00509026 -0.346067 -0.00116903 0.00509153 0.999986 -0.34004 0 0 0 1
1 0.999972 0.000495697 -0.00743446 -0.539413 -0.000528213 0.99999 -0.00437239 -0.107852 0.00743222 0.00437619 0.999963 -0.0681459 0 0 0 1
2 0.999987 0.00254829 -0.00443482 -0.6092 -0.00253011 0.999988 0.00410123 0.0356697 0.00444522 -0.00408996 0.999982 0.429772 0 0 0 1
3 0.467403 -0.302192 0.830792 26.2235 0.497238 0.866885 0.0355747 9.30303 -0.730951 0.396473 0.555445 -32.0422 0 0 0 1
4 0.999972 -0.00390009 0.00639624 0.636354 0.00394009 0.999973 -0.00625287 -0.211492 -0.00637167 0.0062779 0.99996 -0.62557 0 0 0 1
5 0.993914 0.0830205 -0.0724113 -12.4084 -0.0906851 0.989794 -0.109928 -6.17773 0.0625461 0.115825 0.991298 -12.6502 0 0 0 1
6 0.999634 -0.0253804 0.00933423 2.78889 0.0252398 0.999571 0.0148883 1.54017 -0.0097081 -0.0146473 0.999846 1.70054 0 0 0 1
#####################################################
*BONEANIMATION, BONEINDEX=12, NFRAMES=7
0 1 0.000296588 -0.000673627 -0.00586129 -0.00029794 0.999998 -0.00200765 -0.00401972 0.00067303 0.00200785 0.999998 -0.026702 0 0 0 1
1 0.990501 -0.0699599 0.118379 4.44324 -0.0719634 0.469855 0.879805 40.7799 -0.117172 -0.879967 0.460358 65.4439 0 0 0 1
2 0.999983 0.00228951 -0.00529143 0.00159954 -0.00226509 0.999987 0.00461637 0.0303761 0.00530193 -0.0046043 0.999975 -0.0558842 0 0 0 1
3 0.999999 0.00098435 0.000343295 -0.044708 -0.000983729 0.999998 -0.0018055 -0.00749279 -0.000345071 0.00180516 0.999998 0.032968 0 0 0 1
4 1 3.75277e-005 0.000114235 -0.000631984 -3.75315e-005 1 3.35236e-005 0.000373977 -0.000114234 -3.35279e-005 1 0.00201089 0 0 0 1
5 0.999999 0.00113616 -0.00112263 -0.0153759 -0.00113492 0.999999 0.00109787 0.029752 0.00112387 -0.0010966 0.999999 0.041908 0 0 0 1
6 1 0.000825145 0.000239926 -0.00559532 -0.00082573 0.999997 0.00244767 0.00893526 -0.000237905 -0.00244786 0.999997 0.0319845 0 0 0 1
#####################################################
*BONEANIMATION, BONEINDEX=13, NFRAMES=7
0 0.936744 -0.172681 0.304454 13.5886 0.0379288 0.914787 0.402152 7.59667 -0.347955 -0.365166 0.863471 26.4105 0 0 0 1
1 0.999839 -0.0106447 0.0144349 0.62519 0.00985282 0.9985 0.0538626 -1.41558 -0.0149866 -0.0537117 0.998444 5.63455 0 0 0 1
2 0.999962 0.00676388 -0.00551913 -0.643123 -0.00678634 0.999969 -0.00406148 -0.0605439 0.00549149 0.00409878 0.999977 -0.435758 0 0 0 1
3 0.99996 -0.00781309 0.00429232 0.567308 0.00776819 0.999916 0.0103785 -0.189678 -0.00437305 -0.0103448 0.999937 0.995138 0 0 0 1
4 1 0.000141724 0.000197327 -0.020748 -0.00014172 1 -2.35476e-005 -0.00400026 -0.000197331 2.35196e-005 1 -0.00403755 0 0 0 1
5 0.999685 0.0157961 -0.0194854 -1.31365 -0.0157613 0.999874 0.00193842 0.692086 0.0195135 -0.0016307 0.999808 -0.0368852 0 0 0 1
6 0.999994 -0.000241907 -0.0034252 0.144251 0.000160903 0.999721 -0.0236299 0.704596 0.00342996 0.0236292 0.999715 -2.47099 0 0 0 1
#####################################################
*BONEANIMATION, BONEINDEX=14, NFRAMES=7
0 0.999879 -0.015315 0.00277657 0.644982 0.0153037 0.999875 0.00402982 0.707054 -0.00283794 -0.00398684 0.999988 0.0763921 0 0 0 1
1 0.99991 -0.0111823 0.00747137 0.871626 0.011202 0.999934 -0.00259837 0.0388552 -0.00744182 0.00268183 0.999969 -0.212253 0 0 0 1
2 0.999961 0.00886126 -0.000275398 -0.23008 -0.00886465 0.999818 -0.0169139 -1.35397 0.00012547 0.0169156 0.999857 -0.556598 0 0 0 1
3 0.479709 -0.320679 0.816728 26.1226 0.501964 0.863752 0.0443115 10.2995 -0.719661 0.388712 0.575319 -29.6054 0 0 0 1
4 0.99976 0.0200035 -0.0089453 -1.24444 -0.0198177 0.999596 0.0203932 0.903368 0.00934962 -0.0202111 0.999752 0.898268 0 0 0 1
5 0.845649 0.23417 0.479627 17.2475 0.228785 0.65284 -0.72212 -23.7448 -0.482219 0.720391 0.498499 -84.6739 0 0 0 1
6 0.999666 -0.0196734 -0.0167552 -0.887572 0.0200496 0.999544 0.0225873 2.02606 0.0163032 -0.0229157 0.999604 0.843092 0 0 0 1
#####################################################
*VERTEXWEIGHTS, NVERTICES=11666  #(vtx0Based bone0 w0 bone1 w1 ... )
0  12 0.34818 8 0.347535 9 0.147203 10 0.157082
1  12 0.422538 8 0.353842 9 0.145872 10 0.077748
2  12 0.565093 8 0.294455 9 0.0678137 10 0.0726379
3  12 0.402718 8 0.417139 4 0.10546 9 0.0746832
4  8 0.474393 12 0.235883 9 0.140688 4 0.149036
5  12 0.207069 8 0.688709 4 0.104221
6  8 0.332318 12 0.274247 9 0.229377 10 0.164058
7  8 0.330408 12 0.320073 9 0.250267 10 0.0992521
8  8 0.328412 12 0.216591 9 0.222244 10 0.232753
9  8 0.527136 12 0.122251 4 0.221607 9 0.129006
10  8 0.502558 12 0.170596 9 0.14247 4 0.184376
11  8 0.703837 12 0.129868 4 0.148355 10 0.0179395
12  8 0.698776 12 0.0802206 4 0.189613 10 0.0313903
13  8 0.516309 9 0.19652 12 0.0881342 4 0.199037
14  8 0.317659 12 0.191174 9 0.20912 10 0.282047
15  9 0.286959 8 0.293993 12 0.155572 10 0.263477
16  9 0.263876 8 0.286493 12 0.128927 10 0.320704
17  9 0.351122 8 0.274831 10 0.281199 12 0.0928482
18  9 0.383757 8 0.255667 12 0.116928 10 0.243648
19  9 0.312609 8 0.285106 12 0.183698 10 0.218588
20  9 0.420316 8 0.229853 12 0.148238 10 0.201593
21  9 0.368358 8 0.266651 12 0.257142 10 0.107849
22  9 0.334894 8 0.282302 12 0.2254 10 0.157404
23  9 0.461506 8 0.198724 12 0.183903 10 0.155867
24  9 0.501393 8 0.173323 12 0.214581 10 0.110703
25  13 0.300353 8 0.226551 12 0.126998 0 0.346097
26  8 0.431416 13 0.256569 12 0.147805 9 0.16421
27  8 0.409003 13 0.21899 9 0.265531 12 0.106476
28  13 0.237081 8 0.473282 0 0.107621 9 0.182016
29  8 0.480364 9 0.296177 13 0.149082 0 0.0743766
30  0 0.191422 13 0.187591 9 0.244953 8 0.376034
31  13 0.345225 8 0.162041 0 0.392971 12 0.0997629
32  13 0.267703 0 0.298684 8 0.315799 11 0.117814
33  0 0.686005 13 0.265016 11 0.048979
34  0 0.724078 9 0.0360354 13 0.180738 11 0.0591486
35  9 0.385778 0 0.136589 8 0.360615 13 0.117018
36  9 0.359937 0 0.1688 11 0.123329 8 0.347934
37  9 0.15629 0 0.629985 11 0.0771867 13 0.136539
38  0 0.719968 9 0.0121422 13 0.186693 11 0.0811972
39  0 0.636567 9 0.11662 11 0.105198 13 0.141615
40  0 0.617918 11 0.141144 9 0.0947521 13 0.146186
41  0 0.579909 11 0.190993 9 0.0779766 13 0.151121
42  0 0.565141 11 0.163678 13 0.163195 5 0.107986
43  0 0.69742 11 0.104228 13 0.198352
44  0 0.467531 5 0.226535 13 0.185621 11 0.120313
45  0 0.539443 13 0.199671 11 0.0869032 5 0.173983
46  13 0.227115 0 0.410241 5 0.300126 11 0.0625186
47  0 0.356506 5 0.352569 13 0.206402 11 0.0845234
48  5 0.452992 13 0.232978 0 0.260864 11 0.0531666
49  13 0.28483 0 0.288789 5 0.220787 8 0.205594
50  9 0.604569 2 0.179781 12 0.0405118 8 0.175138
51  9 0.578633 2 0.332575 12 0.0502013 10 0.0385908
52  9 0.63193 2 0.265993 12 0.0723771 10 0.0296993
53  9 0.627075 2 0.180634 12 0.0668619 8 0.125429
54  9 0.684796 2 0.139044 12 0.0829893 8 0.0931712
55  9 0.687972 2 0.196414 12 0.0592891 8 0.0563253
56  9 0.572368 12 0.060074 8 0.268337 2 0.0992212
57  9 0.602898 12 0.0925071 2 0.110939 8 0.193656
58  9 0.659943 8 0.140308 12 0.111369 2 0.0883806
59  9 0.77576 8 0.12306 12 0.0599899 2 0.0411903
60  9 0.739539 8 0.0991924 2 0.0833343 12 0.0779339
61  9 0.753335 2 0.123065 8 0.0672214 12 0.0563787
62  9 0.79449 8 0.0924128 2 0.0656414 12 0.0474554
63  9 0.739171 8 0.162159 12 0.0797855 2 0.0188848
64  9 0.710577 8 0.136378 12 0.102753 2 0.0502925
65  9 0.659515 8 0.182595 12 0.135614 2 0.0222761
66  9 0.683047 8 0.208078 12 0.107154 6 0.00172162
67  9 0.566463 8 0.260054 12 0.1427 11 0.0307833
68  9 0.584839 8 0.232073 12 0.180226 2 0.00286197
69  9 0.609297 8 0.194635 12 0.145038 2 0.051029
70  9 0.523528 8 0.254468 12 0.197455 2 0.024549
71  9 0.627273 8 0.0723683 12 0.191476 10 0.108882
72  9 0.551566 8 0.267342 12 0.121663 2 0.0594289
73  9 0.53825 8 0.160491 12 0.236859 10 0.0643995
74  12 0.551258 8 0.199986 10 0.189273 4 0.0594837
75  12 0.552589 8 0.268571 10 0.115225 4 0.0636154
76  12 0.711787 8 0.178625 10 0.0749986 4 0.03459
77  12 0.633584 8 0.156882 10 0.16802 4 0.0415154
78  12 0.513633 10 0.252841 8 0.172032 13 0.0614933
79  12 0.568838 8 0.162864 10 0.191957 13 0.0763412
80  12 0.454961 8 0.232669 10 0.229825 4 0.0825462
81  12 0.443713 8 0.312109 10 0.148892 4 0.0952862
82  12 0.4541 10 0.325501 8 0.169517 13 0.0508815
83  12 0.399106 13 0.342166 8 0.132067 10 0.126661
84  12 0.473523 10 0.220328 13 0.164337 8 0.141812
85  12 0.508264 13 0.202101 8 0.151426 10 0.138209
86  12 0.408115 13 0.374939 8 0.156226 10 0.06072
87  12 0.37746 13 0.321327 10 0.19731 8 0.103903
88  12 0.432474 10 0.304244 13 0.140728 8 0.122553
89  12 0.373697 10 0.318152 7 0.0463431 13 0.261809
90  10 0.386161 12 0.287504 7 0.298996 8 0.027338
91  10 0.518894 12 0.35567 8 0.00785709 13 0.117578
92  12 0.393307 10 0.408981 8 0.0688977 13 0.128814
93  12 0.340561 10 0.47144 8 0.115575 4 0.072424
94  12 0.389466 10 0.409059 8 0.14045 4 0.061025
95  12 0.367237 8 0.233276 10 0.293274 4 0.106213
96  12 0.314686 10 0.340522 8 0.216364 4 0.128428
97  8 0.323322 12 0.277896 10 0.226283 4 0.172499
98  12 0.352237 8 0.331007 10 0.185873 4 0.130884
99  13 0.490362 8 0.236055 12 0.150372 5 0.123211
100  13 0.40231 8 0.281975 12 0.192598 5 0.123117
101  13 0.447869 8 0.27001 12 0.135236 5 0.146885
102  13 0.55235 8 0.213392 12 0.100647 5 0.133612
103  13 0.588708 8 0.188986 12 0.114131 5 0.108175
104  13 0.637299 8 0.17109 5 0.115627 12 0.0759841
105  13 0.473979 8 0.320878 12 0.205142
106  8 0.359725 12 0.250077 13 0.390198
107  13 0.57122 8 0.266781 12 0.161998
108  13 0.74736 8 0.115415 12 0.0644606 5 0.0727644
109  13 0.680969 8 0.146859 12 0.0836152 5 0.0885561
110  13 0.708405 8 0.135839 5 0.0961856 12 0.0595702
111  13 0.768747 8 0.105287 5 0.0813733 12 0.0445926
112  13 0.743443 8 0.169844 12 0.0867129
113  13 0.668853 8 0.212532 12 0.118615
114  13 0.524442 7 0.0641588 8 0.233469 12 0.17793
115  13 0.618064 7 0.06948 8 0.18373 12 0.128727
116  13 0.399111 7 0.216924 12 0.18153 8 0.202435
117  13 0.34116 12 0.240453 7 0.167843 8 0.250544
118  7 0.0676906 8 0.282063 12 0.227602 13 0.422644
119  12 0.307494 8 0.286318 13 0.296975 7 0.109213
120  12 0.343894 8 0.354761 7 0.0426331 13 0.258712
121  12 0.28277 8 0.324415 7 0.0678469 13 0.324968
122  12 0.38826 8 0.304791 13 0.306949
123  12 0.464494 8 0.288216 13 0.213356 10 0.0339332
124  7 0.757434 13 0.182888 12 0.0560469 1 0.00363121
125  13 0.0847832 7 0.780255 12 0.074118 8 0.0608439
126  13 0.0679611 7 0.788586 12 0.0750149 8 0.0684382
127  7 0.922186 12 0.0415267 8 0.0362875
128  7 0.899258 1 0.0754783 12 0.025264
129  7 0.913026 1 0.059148 12 0.0278263
130  7 0.837753 13 0.0981479 1 0.0258197 12 0.0382798
131  7 0.837276 13 0.0633449 12 0.0560741 8 0.043305
132  7 0.895273 1 0.0844702 12 0.0202566
133  7 0.506153 1 0.448025 13 0.0404043 3 0.00541697
134  7 0.774935 1 0.213778 12 0.0112872
135  7 0.802608 1 0.186045 12 0.0113477
136  1 0.479245 7 0.455605 13 0.059728 3 0.00542147
137  7 0.504826 1 0.454299 13 0.0354525 3 0.00542219
138  7 0.766971 1 0.224035 12 0.00899434
139  7 0.757357 1 0.236024 12 0.00661835
140  7 0.502464 1 0.446461 13 0.045667 3 0.00540787
141  7 0.492097 1 0.441939 13 0.0605768 3 0.00538734
142  7 0.682367 1 0.252659 13 0.0597562 3 0.00521728
143  7 0.87958 1 0.105865 12 0.014555
144  7 0.889582 1 0.101843 12 0.00857531
145  7 0.872344 13 0.0594 1 0.0418621 12 0.0263939
146  7 0.883802 13 0.0550622 1 0.0453402 12 0.015796
147  7 0.788213 13 0.142178 12 0.0312263 10 0.038383
148  7 0.666018 13 0.274899 12 0.059053 1 2.97592e-005
149  7 0.977406 12 0.022594
150  13 0.514006 7 0.423945 8 0.0620487
151  13 0.324665 7 0.626024 8 0.0493104
152  7 0.980983 12 0.0190171
153  7 0.985359 12 0.0146406
154  7 0.985138 1 0.00230255 12 0.0125591
155  7 0.969921 12 0.0300786
156  13 0.123649 7 0.806884 8 0.0477144 12 0.021753
157  7 0.980447 12 0.0195528
158  7 0.960168 1 0.0310942 12 0.00873787
159  7 0.969239 1 0.0238568 12 0.00690398
160  7 0.65296 13 0.260304 1 0.0825481 14 0.00418867
161  7 0.904833 1 0.0817461 5 0.0134214
162  7 0.968746 1 0.0204314 12 0.0108222
163  7 0.899638 1 0.0852496 5 0.0151122
164  7 0.905808 1 0.0789241 5 0.0152675
165  7 0.926714 1 0.0666822 12 0.00660417
166  7 0.979283 1 0.00602851 12 0.014689
167  7 0.979738 1 0.00795324 12 0.0123086
168  7 0.977774 12 0.0222263
169  7 0.973599 12 0.026401
170  13 0.911959 12 0.0264437 8 0.0615977
171  7 0.963007 12 0.0369932
172  7 0.956384 12 0.0436158
173  13 0.898643 12 0.0375653 8 0.0637918
174  1 0.773929 7 0.220741 3 0.0053301
175  1 0.665901 7 0.326133 3 0.00537537 13 0.0025907
176  1 0.84564 7 0.14918 3 0.00518007
177  1 0.882907 7 0.112062 3 0.00503121
178  1 0.653482 7 0.334958 13 0.0061501 3 0.00540987
179  1 0.814621 7 0.18013 3 0.0052491
180  1 0.950591 7 0.0446943 3 0.00471445
181  1 0.90369 7 0.0913941 3 0.00491587
182  1 0.938513 7 0.056756 3 0.00473107
183  1 0.96241 7 0.033085 3 0.00450467
184  1 0.945106 7 0.0500467 3 0.00484744
185  1 0.893072 7 0.101906 3 0.00502244
186  1 0.868151 7 0.126797 3 0.00505205
187  1 0.931123 7 0.0639692 3 0.00490754
188  1 0.928793 7 0.0663203 3 0.00488687
189  1 0.868482 7 0.126488 3 0.00503028
190  1 0.790196 7 0.204551 3 0.00525386
191  1 0.785503 7 0.201218 13 0.00804341 3 0.00523558
192  1 0.644599 7 0.330604 13 0.0193801 3 0.0054166
193  1 0.62916 7 0.329894 13 0.0355549 3 0.00539082
194  1 0.926768 7 0.039751 13 0.0286119 3 0.0048692
195  1 0.886678 7 0.0631539 13 0.0454677 3 0.00470054
196  1 0.983419 13 0.0123092 3 0.00427204
197  1 0.970336 13 0.0187304 7 0.00639017 3 0.00454298
198  1 0.991059 13 0.00501585 3 0.0039253
199  1 0.988408 13 0.00676573 3 0.0041853 7 0.000641348
200  1 0.889441 7 0.0909857 13 0.0144737 3 0.00509946
201  1 0.935858 7 0.0560044 3 0.0048077 13 0.00333021
202  1 0.972018 7 0.0235064 3 0.00447545
203  1 0.99365 3 0.00364099 7 0.00270904
204  1 0.99192 7 0.00420433 3 0.0038757
205  1 0.992771 13 0.00359768 3 0.00363165
206  1 0.993613 3 0.00339679 13 0.00299055
207  1 0.990275 7 0.00579527 3 0.00393005
208  1 0.983758 7 0.0120679 3 0.00417374
209  1 0.974227 7 0.021537 3 0.00423638
210  1 0.961873 7 0.0336518 3 0.00447495
211  1 0.945041 7 0.0501744 3 0.00478489
212  1 0.757121 7 0.224422 13 0.0131399 3 0.00531719
213  1 0.867633 7 0.127259 3 0.00510804
214  1 0.976684 7 0.0189313 3 0.00438475
215  1 0.970216 7 0.0251569 3 0.00462719
216  1 0.985096 7 0.0105629 3 0.00434146
217  1 0.982428 7 0.0129466 3 0.00462524
218  1 0.966134 7 0.0290694 3 0.00479673
219  1 0.978969 7 0.0161863 3 0.00484471
220  1 0.988092 7 0.00724997 3 0.00465846
221  1 0.990001 7 0.00568322 3 0.00431595
222  1 0.993728 3 0.00416994 7 0.00210242
223  1 0.992072 3 0.00466726 7 0.00326061
224  1 0.986246 7 0.00881944 3 0.00493436
225  1 0.990894 3 0.00501775 7 0.00408863
226  1 0.989518 7 0.00529074 3 0.0051911
227  1 0.988843 7 0.00590662 3 0.00525061
228  1 0.983374 7 0.0115235 3 0.00510279
229  1 0.983596 7 0.0113229 3 0.00508106
230  1 0.973453 7 0.0215935 3 0.00495347
231  1 0.972758 7 0.0222774 3 0.00496479
232  1 0.959499 7 0.0356171 3 0.00488344
233  1 0.957021 7 0.0381121 3 0.00486691
234  1 0.994159 3 0.00347939 7 0.00236206
235  1 0.994051 3 0.00322673 7 0.00142604 13 0.00129576
236  1 0.994395 3 0.00337039 7 0.00223459
237  1 0.994284 3 0.00309896 7 0.00261696
238  1 0.992717 3 0.0037782 7 0.00350501
239  1 0.993026 3 0.00368834 7 0.0032859
240  1 0.994766 3 0.00321035 7 0.00202351
241  1 0.994577 3 0.00328323 7 0.00214024
242  1 0.994558 3 0.00298041 7 0.00246139
243  1 0.994913 3 0.00281208 7 0.00227532
244  1 0.993704 3 0.00362806 7 0.00266793
245  1 0.994474 3 0.00356569 7 0.0019605
246  1 0.993573 3 0.0038938 7 0.00253348
247  1 0.991696 7 0.00432649 3 0.00397712
248  1 0.989035 7 0.00694303 3 0.0040215
249  1 0.985196 7 0.0107129 3 0.00409144
250  1 0.99451 3 0.0037282 7 0.00176163
251  1 0.994502 3 0.00415063 7 0.00134699
252  1 0.994528 3 0.00394649 7 0.00152552
253  1 0.994567 3 0.00360385 7 0.00182895
254  1 0.99459 14 0.00336376 7 0.00204645
255  1 0.994648 14 0.00326578 7 0.00208648
256  1 0.994453 3 0.0039086 7 0.00163865
257  1 0.994438 3 0.00439718 7 0.00116489
258  1 0.99452 14 0.00350068 7 0.00197958
259  1 0.994873 14 0.00280257 7 0.00232408
260  1 0.994926 14 0.00272871 7 0.00234541
261  1 0.99517 7 0.0024579 14 0.002175 11 0.000197111
262  1 0.995093 7 0.00239551 14 0.00226178 10 0.000249616
263  1 0.995052 7 0.00237071 14 0.00233962 10 0.000237498
264  1 0.994813 14 0.00290331 7 0.00228321
265  1 0.994774 14 0.00299767 7 0.00222877
266  1 0.995029 14 0.00241774 7 0.0023289 10 0.000224489
267  1 0.995035 14 0.0024684 7 0.00227344 10 0.000223432
268  1 0.994777 14 0.0030528 7 0.00217051
269  1 0.994499 14 0.00248621 7 0.00192847 3 0.00108641
270  1 0.994556 3 0.0034802 7 0.00192186 14 4.21034e-005
271  1 0.99448 3 0.00457623 7 0.000943544
272  1 0.994415 3 0.00406931 7 0.00151592
273  1 0.99438 3 0.00413456 7 0.00148499
274  1 0.994481 3 0.00466827 7 0.000850954
275  1 0.995544 14 0.00266286 7 0.0017932
276  1 0.99547 14 0.00273915 7 0.00179041
277  1 0.995543 14 0.00267118 7 0.00178541
278  1 0.99562 14 0.00259823 7 0.00178188
279  1 0.995636 14 0.0025718 7 0.00179224
280  1 0.995714 14 0.00250864 7 0.00177744
281  1 0.995455 14 0.00274102 7 0.00180352
282  1 0.995385 14 0.00281998 7 0.00179516
283  1 0.995544 14 0.00264724 7 0.00180862
284  1 0.995719 14 0.00248822 7 0.00179267
285  1 0.995773 14 0.00243375 7 0.00177695 5 1.64437e-005
286  1 0.995766 14 0.00238871 7 0.00178396 5 6.13311e-005
287  1 0.995766 14 0.00241777 7 0.00179722 5 1.91136e-005
288  1 0.995705 14 0.00247395 7 0.00182141
289  1 0.995632 14 0.00255361 7 0.00181429
290  1 0.995536 14 0.00262746 7 0.00183648
291  1 0.995605 14 0.00254764 7 0.00184741
292  1 0.995526 14 0.00261128 7 0.00186289
293  1 0.995456 14 0.00268781 7 0.00185644
294  1 0.995452 14 0.00272244 7 0.00182535
295  1 0.995375 14 0.00278419 7 0.00184083
296  1 0.995376 14 0.00280996 7 0.00181359
297  1 0.995314 14 0.00286414 7 0.00182186
298  1 0.995283 14 0.00290781 7 0.00180888
299  1 0.995318 14 0.00288065 7 0.00180093
300  1 0.995473 7 0.00225045 14 0.00211265 11 0.000164019
301  1 0.995485 7 0.0022693 14 0.00193364 11 0.000311669
302  1 0.995743 7 0.00215554 14 0.00159989 11 0.000501078
303  1 0.99546 7 0.00213156 14 0.0019901 5 0.000418565
304  1 0.995483 7 0.00204159 14 0.00177688 5 0.000698692
305  1 0.995433 7 0.00199968 14 0.00140054 5 0.00116642
306  1 0.9954 14 0.00238148 7 0.00219791 4 2.07392e-005
307  1 0.995513 14 0.00230539 7 0.00213989 4 4.21451e-005
308  1 0.995544 7 0.00204814 14 0.00210982 5 0.000297915
309  1 0.995468 7 0.00193773 14 0.00133466 5 0.00126008
310  1 0.995479 7 0.00198247 14 0.00155059 5 0.000987931
311  1 0.995427 7 0.00194831 14 0.00119627 5 0.00142868
312  1 0.995414 7 0.00191288 14 0.00101571 5 0.0016577
313  1 0.995534 7 0.00193911 14 0.00163379 5 0.000892678
314  1 0.995548 7 0.00198364 14 0.00187347 5 0.000595145
315  1 0.995618 14 0.00211288 7 0.00196637 5 0.000302429
316  1 0.9956 7 0.00192914 14 0.00186734 5 0.000603552
317  1 0.995658 7 0.00191105 14 0.00196118 5 0.00047011
318  1 0.995671 14 0.00220562 7 0.00195242 5 0.000170671
319  1 0.995557 14 0.00235175 7 0.0020404 4 5.03571e-005
320  1 0.995505 14 0.00243391 7 0.00200937 4 5.20378e-005
321  1 0.995402 14 0.00251484 7 0.00207654 4 6.59616e-006
322  1 0.995347 14 0.00259833 7 0.00204312 4 1.14643e-005
323  1 0.99527 14 0.00265698 7 0.00207215 4 8.25541e-007
324  1 0.995302 14 0.00257503 7 0.00212315
325  1 0.995342 7 0.00181119 5 0.00218915 14 0.000657622
326  1 0.995541 7 0.00169353 5 0.0019024 11 0.000862714
327  1 0.995619 7 0.00177457 5 0.00176619 11 0.000840593
328  1 0.995717 7 0.00167243 5 0.00152149 11 0.00108877
329  1 0.99567 7 0.00182046 5 0.0016603 11 0.000849254
330  1 0.995737 7 0.00173466 5 0.00146243 11 0.00106608
331  1 0.995386 7 0.00185571 5 0.00193874 14 0.000819893
332  1 0.995415 7 0.00186105 5 0.00174405 14 0.000979927
333  1 0.995779 7 0.00167011 5 0.00123586 11 0.00131508
334  1 0.995752 7 0.00178313 5 0.00141188 11 0.00105256
335  1 0.995707 7 0.00185171 5 0.0015752 11 0.000865881
336  1 0.99573 7 0.00187335 5 0.00151323 11 0.000883029
337  1 0.995763 7 0.0018181 5 0.00137668 11 0.00104263
338  1 0.99578 7 0.00175983 5 0.00125157 11 0.00120811
339  1 0.99578 7 0.00172064 5 0.00124419 11 0.0012556
340  1 0.995383 7 0.00189559 5 0.00186907 14 0.00085234
341  1 0.995786 7 0.00169164 5 0.00114776 11 0.00137478
342  1 0.9954 7 0.00192315 14 0.00102174 5 0.00165522
343  1 0.995434 7 0.00198729 14 0.00137823 5 0.0012007
344  1 0.995415 7 0.0019598 14 0.0012112 5 0.00141352
345  7 0.87824 1 0.0953514 13 0.0229776 3 0.0034314
346  7 0.839296 1 0.122754 13 0.0343045 3 0.00364577
347  7 0.781025 13 0.16155 1 0.0537491 14 0.00367628
348  7 0.919261 1 0.0651492 13 0.0124151 3 0.00317438
349  7 0.88138 13 0.0894522 1 0.0261824 3 0.00298505
350  7 0.817356 1 0.162214 13 0.0166005 3 0.00382967
351  7 0.877375 1 0.116092 3 0.003575 13 0.00295859
352  7 0.914136 1 0.0825011 3 0.00336297
353  7 0.983768 1 0.0116592 3 0.00261373 13 0.00195875
354  7 0.957787 1 0.0336087 13 0.00573317 3 0.00287073
355  7 0.932265 13 0.056432 1 0.00869414 3 0.00260916
356  7 0.946043 13 0.0502326 3 0.00226741 1 0.00145664
357  7 0.968817 1 0.0282395 3 0.00294308
358  7 0.943503 1 0.0533459 3 0.00315163
359  7 0.947311 1 0.0495101 3 0.00317847
360  7 0.915939 1 0.0807319 3 0.00332919
361  7 0.8977 1 0.0988123 3 0.00348735
362  7 0.917436 1 0.0791953 3 0.00336914
363  7 0.86771 1 0.128652 3 0.00363811
364  7 0.878716 1 0.117713 3 0.00357114
365  7 0.822633 1 0.168431 13 0.00512703 3 0.0038088
366  7 0.812323 1 0.179226 13 0.00460795 3 0.00384281
367  7 0.694722 1 0.278989 13 0.0221063 3 0.00418329
368  7 0.746331 1 0.230356 13 0.0192346 3 0.00407863
369  7 0.687874 1 0.285014 13 0.0229637 3 0.00414775
370  7 0.786532 1 0.2019 13 0.00767327 3 0.00389436
371  7 0.846299 1 0.149992 3 0.00370899
372  7 0.769077 1 0.215832 13 0.0111694 3 0.00392078
373  7 0.674424 1 0.294032 13 0.0274056 3 0.00413842
374  7 0.815655 1 0.177202 3 0.00377943 13 0.00336353
375  7 0.88815 1 0.108371 3 0.00347954
376  7 0.872262 1 0.124149 3 0.00358886
377  7 0.853904 1 0.142503 3 0.00359306
378  7 0.840411 1 0.15591 3 0.00367833
379  7 0.809495 1 0.18236 13 0.00439968 3 0.00374556
380  7 0.826744 1 0.168301 3 0.0036658 13 0.00128929
381  7 0.813184 1 0.178546 13 0.00457426 3 0.00369544
382  7 0.79981 1 0.188972 13 0.00745552 3 0.00376237
383  7 0.78832 1 0.199248 13 0.00860316 3 0.00382907
384  7 0.777818 1 0.205762 13 0.0125789 3 0.00384078
385  7 0.654182 1 0.306943 13 0.0347348 3 0.00414088
386  7 0.745424 1 0.233372 13 0.0172539 3 0.00395045
387  7 0.733776 1 0.239586 13 0.0226839 3 0.00395496
388  7 0.650527 1 0.304829 13 0.0405206 3 0.00412263
389  7 0.995439 1 0.00325494 0 0.00130582
390  7 0.995895 1 0.00286614 0 0.00123849
391  7 0.995446 1 0.00325262 0 0.00130124
392  7 0.994345 1 0.00420416 0 0.0014512
393  7 0.995242 1 0.00342961 0 0.00132887
394  7 0.993964 1 0.00453873 0 0.00149742
395  7 0.995199 1 0.00346199 0 0.00133917
396  7 0.993931 1 0.00456595 0 0.00150311
397  7 0.993489 1 0.00495601 0 0.00155537
398  7 0.995541 1 0.00317938 0 0.00127966
399  7 0.994424 1 0.00414062 0 0.00143583
400  7 0.995517 1 0.003196 0 0.00128684
401  7 0.995981 1 0.00280375 0 0.00121529
402  7 0.995319 1 0.00336932 0 0.00131189
403  7 0.994006 1 0.0045067 0 0.00148748
404  7 0.99557 1 0.0031534 0 0.00127693
405  7 0.996024 1 0.00276494 0 0.00121093
406  7 0.995558 1 0.00316098 0 0.00128132
407  7 0.994428 1 0.0041397 0 0.00143239
408  7 0.995283 1 0.00339492 0 0.00132187
409  7 0.993974 1 0.00453328 0 0.0014932
410  7 0.995464 1 0.00323416 0 0.00130184
411  7 0.994356 1 0.00419696 0 0.00144689
412  7 0.995502 1 0.00320369 0 0.00129452
413  7 0.995951 1 0.00281606 0 0.00123244
414  7 0.918531 1 0.0782364 3 0.00323217
415  7 0.897187 1 0.099449 3 0.00336407
416  7 0.930527 1 0.0664119 3 0.00306067
417  7 0.912587 1 0.0842181 3 0.0031946
418  7 0.864083 1 0.132423 3 0.00349451
419  7 0.894417 1 0.102276 3 0.00330711
420  7 0.963607 1 0.0337606 3 0.00263205
421  7 0.937784 1 0.0592753 3 0.00294059
422  7 0.950191 1 0.046998 3 0.00281069
423  7 0.974326 1 0.0231807 3 0.00249366
424  7 0.918412 1 0.0785056 3 0.00308227
425  7 0.952564 1 0.0446705 3 0.00276542
426  7 0.944851 1 0.0522826 3 0.00286645
427  7 0.945108 1 0.0519839 3 0.00290818
428  7 0.905222 1 0.0915663 3 0.00321205
429  7 0.906064 1 0.0907586 3 0.00317712
430  7 0.868998 1 0.127562 3 0.00343973
431  7 0.87445 1 0.122146 3 0.00340373
432  7 0.844776 1 0.151658 3 0.00356682
433  7 0.837517 1 0.158889 3 0.00359436
434  7 0.998133 3 0.00186654
435  7 0.998227 3 0.00177273
436  7 0.998326 3 0.00167416
437  7 0.998233 3 0.00176665
438  7 0.998098 3 0.00190208
439  7 0.997794 3 0.00199958 1 0.00020616
440  7 0.998069 3 0.00193102
441  7 0.997973 3 0.00202681
442  7 0.993905 1 0.00391874 3 0.00217608
443  7 0.995614 1 0.00225707 3 0.00212867
444  7 0.997967 3 0.00203263
445  7 0.997262 3 0.00212024 1 0.00061749
446  7 0.994522 1 0.00327223 3 0.00220589
447  7 0.988528 1 0.00916363 3 0.00230858
448  7 0.985286 1 0.0123258 3 0.00238845
449  7 0.970017 1 0.0273558 3 0.00262682
450  7 0.972312 1 0.0251249 3 0.00256357
451  7 0.978961 1 0.0185945 3 0.00244417
452  7 0.987122 1 0.0105768 3 0.00230157
453  7 0.992068 1 0.00574843 3 0.00218352
454  9 0.79179 11 0.068034 8 0.108107 13 0.0320697
455  9 0.870321 8 0.0735593 13 0.0315021 12 0.0246177
456  9 0.897131 8 0.0572246 13 0.0248867 12 0.0207574
457  9 0.884764 8 0.0873818 11 0.00561057 13 0.0222435
458  9 0.916497 8 0.0463411 13 0.0191903 12 0.0179714
459  9 0.915448 8 0.0692394 13 0.0153125
460  9 0.71504 11 0.150057 8 0.095537 13 0.039366
461  9 0.815521 11 0.0839674 8 0.0738255 13 0.0266859
462  9 0.900396 11 0.0219254 8 0.0691009 0 0.00857737
463  9 0.779185 11 0.127373 2 0.0330288 8 0.0604127
464  9 0.84494 11 0.0505285 2 0.0320186 8 0.0725125
465  9 0.702715 11 0.0985292 2 0.0620658 0 0.13669
466  9 0.684088 11 0.148893 2 0.051561 0 0.115458
467  9 0.629362 11 0.203774 2 0.0363462 0 0.130518
468  9 0.651448 11 0.214023 2 0.0451498 0 0.0893793
469  9 0.601737 11 0.29296 2 0.0362362 0 0.0690666
470  9 0.582409 11 0.334782 0 0.0569912 2 0.0258177
471  9 0.497092 11 0.394885 0 0.087553 2 0.02047
472  9 0.568351 11 0.298845 2 0.0279876 0 0.104816
473  9 0.667036 11 0.226777 0 0.0869761 13 0.0192104
474  9 0.78338 11 0.136189 0 0.0339872 8 0.0464432
475  9 0.673187 11 0.208303 0 0.0492271 8 0.0692831
476  9 0.549395 11 0.293663 0 0.126009 13 0.0309324
477  9 0.457935 11 0.30311 0 0.191231 13 0.0477231
478  9 0.54885 11 0.187831 0 0.214268 13 0.0490515
479  2 0.556481 9 0.439878 14 0.00183398 12 0.00180741
480  2 0.509561 9 0.483872 12 0.00584568 4 0.000721372
481  2 0.635167 9 0.35231 0 0.0114157 14 0.00110759
482  2 0.654789 9 0.338465 14 0.00368704 0 0.003059
483  2 0.591555 9 0.404063 14 0.00438199
484  2 0.68243 9 0.288356 11 0.0251338 14 0.00407979
485  9 0.559263 2 0.429023 12 0.0105904 4 0.00112401
486  9 0.59486 2 0.385845 12 0.0169224 10 0.00237218
487  9 0.515639 2 0.47529 12 0.00630323 14 0.00276773
488  2 0.599872 9 0.396082 14 0.00404656
489  2 0.607991 9 0.38649 14 0.00551884
490  2 0.728188 9 0.196261 11 0.0725 14 0.0030509
491  2 0.774849 11 0.111204 9 0.111901 14 0.0020463
492  2 0.50224 9 0.490513 0 0.00724687
493  2 0.505891 9 0.481569 0 0.0108851 14 0.00165426
494  9 0.6062 2 0.373152 0 0.013627 12 0.00702079
495  9 0.62109 2 0.361776 0 0.0123789 12 0.00475567
496  9 0.708955 2 0.261695 0 0.0179668 12 0.0113837
497  9 0.698298 2 0.267463 0 0.0201777 12 0.0140612
498  9 0.626121 2 0.350332 12 0.0130833 0 0.0104641
499  9 0.707348 2 0.253698 12 0.0192485 0 0.0197047
500  9 0.689391 2 0.274764 12 0.0216104 8 0.0142351
501  9 0.662881 2 0.311077 12 0.0208091 5 0.00523258
502  9 0.738378 2 0.222951 12 0.019588 8 0.019083
503  9 0.760238 2 0.188053 8 0.0280145 12 0.023695
504  9 0.812061 2 0.107403 6 0.0754889 3 0.00504742
505  9 0.852815 2 0.104423 6 0.0372909 3 0.00547078
506  9 0.832088 2 0.114943 6 0.0453952 8 0.00757354
507  9 0.808254 2 0.115951 6 0.0711988 3 0.00459606
508  9 0.765741 6 0.119024 2 0.111504 3 0.00373156
509  9 0.76194 6 0.13098 2 0.10321 3 0.00387029
510  9 0.852096 2 0.0942542 6 0.0469112 3 0.00673841
511  9 0.808774 2 0.0968985 6 0.0884265 3 0.0059009
512  9 0.748653 6 0.154909 2 0.0922663 3 0.00417096
