#####################################################
# (c) Binh Le (bhle2@cs.uh.edu)
#
# Running time: 377.843 (s)
# Repeat      : 11
#
#####################################################
*OBJFILENAME
..\Data\elephant-poses.obj
#####################################################
*BONEANIMATION, BONEINDEX=0, NFRAMES=10
0 0.928184 0.0752096 -0.364442 0.049537 -0.174025 0.953399 -0.246466 0.146552 0.328922 0.292188 0.898018 -0.274 0 0 0 1
1 0.955716 0.294199 0.00729166 -0.31595 -0.266072 0.874403 -0.405741 0.22853 -0.125744 0.385833 0.913959 -0.364115 0 0 0 1
2 0.0884043 -0.42824 -0.89933 0.391572 -0.0195519 0.901945 -0.431407 0.253384 0.995893 0.0557218 0.071363 0.144923 0 0 0 1
3 0.945402 0.30962 0.101738 -0.375515 -0.265123 0.912195 -0.312427 0.176344 -0.189538 0.268396 0.944478 -0.252464 0 0 0 1
4 0.981067 -0.00458738 -0.193615 -0.0122934 -0.0698271 0.924101 -0.375716 0.235767 0.180644 0.382122 0.906284 -0.33064 0 0 0 1
5 0.794691 -0.184653 -0.578247 0.302331 -0.0990246 0.900411 -0.423621 0.23243 0.598883 0.393908 0.697263 -0.258228 0 0 0 1
6 0.923326 -0.187352 -0.335214 0.302386 -0.100809 0.724049 -0.682342 0.538223 0.37055 0.663817 0.649646 -0.518756 0 0 0 1
7 0.943374 0.178167 -0.279824 -0.0934045 -0.183509 0.982992 0.00721743 0.0963773 0.276351 0.0445415 0.960024 -0.0519989 0 0 0 1
8 0.94657 -0.227507 -0.228573 0.216078 -0.231367 0.0146827 -0.972756 1.20271 0.224665 0.973666 -0.0387396 -0.535404 0 0 0 1
9 0.912357 0.277966 -0.300565 -0.157256 -0.381063 0.844962 -0.375274 0.252944 0.149652 0.456918 0.87683 -0.387363 0 0 0 1
#####################################################
*BONEANIMATION, BONEINDEX=1, NFRAMES=10
0 0.987761 -0.0300188 -0.153061 -0.105888 -0.1179 0.498774 -0.858676 -0.292714 0.102119 0.866212 0.48913 -1.02634 0 0 0 1
1 0.927438 -0.209062 -0.310084 -0.148936 -0.0612895 0.732973 -0.677491 -0.327046 0.368921 0.647336 0.666974 -0.833417 0 0 0 1
2 0.631699 0.659806 -0.406955 -0.609002 -0.769471 0.469894 -0.432567 0.134636 -0.0941846 0.586393 0.804533 -0.598207 0 0 0 1
3 0.962057 -0.0343792 0.270674 0.220119 0.215272 0.705163 -0.675576 -0.258029 -0.167643 0.708211 0.685808 -0.797979 0 0 0 1
4 0.942674 -0.0739899 -0.325409 -0.111706 0.0246351 0.98788 -0.153254 -0.153794 0.332804 0.136452 0.933071 -0.115658 0 0 0 1
5 0.664602 0.577388 0.474265 -0.0428988 -0.663442 0.747985 0.0190765 0.262658 -0.343729 -0.327325 0.880175 0.0946067 0 0 0 1
6 0.931031 0.00804317 -0.364851 -0.296604 0.052583 0.986368 0.155926 0.108365 0.361132 -0.164357 0.917916 -0.0493963 0 0 0 1
7 -0.846531 0.0421552 -0.530668 -0.517181 0.480497 0.48961 -0.727602 -0.155865 0.229148 -0.870922 -0.434725 -0.386379 0 0 0 1
8 0.989431 -0.00158497 -0.144998 -0.103862 0.0508179 0.940314 0.336491 0.27788 0.13581 -0.340303 0.930457 0.217092 0 0 0 1
9 0.790895 0.0513281 0.609796 0.387163 -0.326959 0.877766 0.350177 0.339088 -0.517284 -0.476331 0.711003 0.263427 0 0 0 1
#####################################################
*BONEANIMATION, BONEINDEX=2, NFRAMES=10
0 0.989691 0.0526656 0.133181 -0.159572 -0.0886033 0.955763 0.280477 0.210032 -0.112518 -0.289386 0.950576 0.423379 0 0 0 1
1 0.869298 -0.260696 -0.419951 0.117923 -0.420776 0.0555088 -0.905465 0.571164 0.259362 0.963824 -0.0614411 0.0414776 0 0 0 1
2 0.17131 -0.982528 -0.0727435 0.075961 -0.681488 -0.0648528 -0.72895 0.559588 0.711496 0.174451 -0.680691 0.213462 0 0 0 1
3 0.847881 -0.194661 -0.493158 0.116395 -0.420408 0.319896 -0.849072 0.595204 0.323041 0.92724 0.189397 0.146776 0 0 0 1
4 0.66761 -0.0933355 -0.738637 0.187886 0.143901 0.989579 0.00501854 -0.00183402 0.730472 -0.109641 0.674085 -0.120401 0 0 0 1
5 0.597499 -0.473131 -0.647412 0.181822 -0.74642 -0.0331472 -0.664649 0.532164 0.293006 0.880368 -0.37296 0.0214941 0 0 0 1
6 0.992477 0.107444 -0.0586981 0.00948119 -0.101123 0.449109 -0.887736 0.586686 -0.06902 0.886993 0.456596 0.130285 0 0 0 1
7 0.958128 0.118685 -0.260587 -0.0403057 -0.0337793 0.95055 0.30873 -0.0237182 0.284342 -0.287001 0.914757 0.045141 0 0 0 1
8 0.703585 -0.0358109 -0.709709 0.115254 0.133773 0.987548 0.0827881 0.047667 0.697907 -0.153188 0.699614 0.138018 0 0 0 1
9 0.929918 -0.0556439 -0.363533 0.0860502 -0.107708 0.903938 -0.413878 0.21485 0.351641 0.424028 0.834595 0.0893004 0 0 0 1
#####################################################
*BONEANIMATION, BONEINDEX=3, NFRAMES=10
0 0.893774 0.186925 -0.40771 -0.0611752 -0.337571 0.878878 -0.337074 0.281986 0.29532 0.438899 0.848619 -0.398274 0 0 0 1
1 0.945167 0.194612 -0.262269 -0.099337 -0.325402 0.629516 -0.705566 0.618361 0.027791 0.752221 0.658325 -0.624956 0 0 0 1
2 0.359885 -0.52006 -0.77461 0.409823 0.0400153 0.838078 -0.54408 0.360264 0.932138 0.16481 0.322422 -0.120819 0 0 0 1
3 0.958701 0.247104 -0.140827 -0.217378 -0.282647 0.772608 -0.568497 0.433985 -0.0316739 0.584822 0.810543 -0.51347 0 0 0 1
4 0.946722 0.123449 -0.297451 -0.0807471 -0.254398 0.853021 -0.455671 0.341183 0.197479 0.507065 0.83898 -0.4515 0 0 0 1
5 0.900659 -0.240105 -0.362163 0.245647 -0.0506215 0.769814 -0.636258 0.457585 0.431567 0.591385 0.681186 -0.487604 0 0 0 1
6 0.927747 -0.135408 -0.34778 0.255994 -0.207247 0.588056 -0.781818 0.720764 0.310378 0.797405 0.517504 -0.642773 0 0 0 1
7 0.933487 0.232754 -0.272814 -0.1504 -0.233345 0.971907 0.0307567 0.107422 0.272308 0.0349488 0.961575 -0.0698495 0 0 0 1
8 0.945448 -0.0482833 -0.322176 0.088533 -0.314681 0.120523 -0.941515 1.0841 0.0842891 0.991536 0.0987546 -0.651632 0 0 0 1
9 0.952962 0.166799 -0.253065 -0.0821634 -0.277695 0.815058 -0.508494 0.344795 0.121446 0.554851 0.823038 -0.472534 0 0 0 1
#####################################################
*BONEANIMATION, BONEINDEX=4, NFRAMES=10
0 0.997168 0.0243004 -0.0711653 0.0638347 -0.0553365 0.877921 -0.475597 0.303717 0.0509203 0.478189 0.87678 -0.468841 0 0 0 1
1 0.990693 0.0123358 -0.135557 0.0445805 -0.0761475 0.875696 -0.476821 0.225536 0.112825 0.482705 0.868485 -0.343147 0 0 0 1
2 -0.0862672 -0.162546 -0.982923 0.0670728 0.022582 0.986028 -0.165042 0.00584025 0.996016 -0.036434 -0.0813913 0.177423 0 0 0 1
3 0.995233 -0.0974544 0.00373622 0.0755921 0.0969475 0.984437 -0.146576 0.0297629 0.0106064 0.14624 0.989192 -0.151779 0 0 0 1
4 0.936492 0.0851223 -0.340202 -0.0857237 -0.105901 0.993449 -0.0429458 -0.0169547 0.334318 0.076246 0.939371 0.0223099 0 0 0 1
5 0.933266 -0.108465 -0.342416 0.0826517 0.0596164 0.986869 -0.150119 -0.00489929 0.354203 0.119687 0.927478 -0.00823862 0 0 0 1
6 0.981142 -0.116258 -0.154419 0.18141 0.0739019 0.963825 -0.256085 0.133466 0.178605 0.239844 0.954241 -0.211142 0 0 0 1
7 0.925594 0.0681508 -0.372333 0.0370342 -0.0731733 0.997319 0.000642767 0.0689506 0.371379 0.0266499 0.928099 0.000965079 0 0 0 1
8 0.922677 0.0259894 -0.384698 0.0631507 -0.253857 0.791915 -0.555362 0.350609 0.290215 0.610078 0.737279 -0.551192 0 0 0 1
9 0.992667 -0.0892582 -0.0815211 0.0916804 0.0693525 0.97287 -0.220712 0.0818827 0.0990098 0.21344 0.971926 -0.179114 0 0 0 1
#####################################################
*BONEANIMATION, BONEINDEX=5, NFRAMES=10
0 0.990008 0.0564225 -0.129228 -0.0973248 -0.055332 0.998396 0.0120155 0.0869667 0.129699 -0.004745 0.991542 0.123104 0 0 0 1
1 0.997862 -0.0643723 -0.0112752 -0.0162913 0.0649453 0.996002 0.0613337 0.097373 0.00728189 -0.0619349 0.998054 0.104353 0 0 0 1
2 0.949177 -0.199409 -0.243512 0.044022 0.0508793 0.860727 -0.506518 -0.186882 0.310602 0.468386 0.827128 -0.235633 0 0 0 1
3 0.905636 -0.0742936 -0.417498 -0.18414 -0.0379519 0.966382 -0.254293 -0.0913653 0.422355 0.246141 0.872371 -0.149424 0 0 0 1
4 0.795113 0.0063595 -0.606428 -0.29684 -0.178177 0.958265 -0.223566 -0.0964989 0.579697 0.285812 0.763062 -0.197558 0 0 0 1
5 0.948532 -0.13397 -0.286946 -0.0493979 -0.0238354 0.873336 -0.486534 -0.19055 0.315782 0.468333 0.825195 -0.294539 0 0 0 1
6 0.995726 0.0161964 -0.0909213 -0.0268846 -0.00614419 0.993938 0.109768 0.146894 0.092148 -0.108741 0.98979 0.167074 0 0 0 1
7 0.96392 -0.0146362 -0.265789 -0.175949 -0.0119659 0.995095 -0.0981926 0.0196876 0.265923 0.0978302 0.959017 0.0192543 0 0 0 1
8 0.966897 -0.038943 -0.252179 -0.103152 0.0154064 0.995392 -0.0946434 0.0303324 0.254703 0.0876252 0.963041 -0.0601571 0 0 0 1
9 0.935348 0.00624463 -0.353673 -0.196306 -0.100965 0.962963 -0.250015 -0.0960464 0.339013 0.26956 0.901337 -0.182753 0 0 0 1
#####################################################
*BONEANIMATION, BONEINDEX=6, NFRAMES=10
0 0.994077 -0.108631 0.0032832 0.0539518 0.0740169 0.654586 -0.752355 -0.22268 0.07958 0.748142 0.658749 -0.512498 0 0 0 1
1 0.98317 -0.00974194 0.182433 0.00241137 -0.0309782 0.975227 0.219025 0.143991 -0.180047 -0.220991 0.958512 0.200777 0 0 0 1
2 0.997936 0.000845054 -0.0642089 0.00887774 0.0148277 0.969859 0.243217 0.152713 0.0624791 -0.243667 0.967844 0.254001 0 0 0 1
3 0.991552 0.129684 0.00260817 -0.119513 -0.128848 0.98244 0.134941 0.125815 0.0149373 -0.134137 0.99085 0.168965 0 0 0 1
4 0.967471 0.136128 -0.213234 -0.19274 -0.11087 0.985779 0.126285 0.118973 0.227393 -0.0985361 0.968805 0.143732 0 0 0 1
5 0.983843 0.0306606 -0.176389 -0.120651 0.00725615 0.977588 0.210401 0.144482 0.178887 -0.208281 0.961571 0.16109 0 0 0 1
6 0.993674 -0.102828 0.0451458 0.0775268 0.106247 0.730565 -0.674527 -0.223714 0.0363782 0.675056 0.736869 -0.485852 0 0 0 1
7 0.965224 0.0723728 0.251206 0.0362196 -0.0384599 0.989772 -0.137378 -0.00940931 -0.258579 0.122939 0.958135 -0.10054 0 0 0 1
8 0.949324 0.0587412 0.308761 0.121397 -0.0110123 0.987993 -0.154105 -0.00441459 -0.314106 0.142895 0.938572 -0.179241 0 0 0 1
9 0.991167 0.0519917 0.122005 0.00430245 -0.0705176 0.985735 0.152819 0.102906 -0.112319 -0.160073 0.980694 0.107047 0 0 0 1
#####################################################
*BONEANIMATION, BONEINDEX=7, NFRAMES=10
0 0.996792 -0.0670633 -0.0436775 0.0408411 0.0703716 0.99437 0.0792204 -0.0339336 0.0381188 -0.0820399 0.9959 0.0735711 0 0 0 1
1 0.999894 -0.0070893 -0.0127452 -0.0152132 0.00753903 0.999338 0.0355915 -0.0371255 0.0124844 -0.0356838 0.999285 -0.0221127 0 0 0 1
2 0.886125 0.0694338 -0.458216 -0.10914 -0.0472904 0.997099 0.0596382 0.0150062 0.461028 -0.0311776 0.886838 0.00103925 0 0 0 1
3 0.998432 0.0557551 -0.00489074 -0.041905 -0.0556026 0.998084 0.0271495 -0.0070073 0.00639508 -0.026835 0.999619 0.0129984 0 0 0 1
4 0.989453 0.0557969 -0.133673 -0.0742894 -0.0467754 0.99647 0.0697062 0.0118639 0.137091 -0.0627185 0.988571 0.0229536 0 0 0 1
5 0.980185 0.0869344 -0.177988 -0.0832518 -0.0881839 0.996104 0.000894242 0.00573328 0.177372 0.0148191 0.984032 -0.0606113 0 0 0 1
6 0.999644 -0.0266539 -0.000873126 0.0101629 0.0266537 0.997485 0.0656715 -0.00762404 -0.000879469 -0.0656714 0.997841 0.0253206 0 0 0 1
7 0.99922 0.0364195 -0.0152688 -0.0848637 -0.0348582 0.995114 0.0923781 0.0121335 0.0185585 -0.0917738 0.995607 0.0924696 0 0 0 1
8 0.996103 -0.000901195 -0.0881913 -0.0273785 -0.0060024 0.996937 -0.0779832 -0.0353511 0.0879915 0.0782087 0.993046 -0.137544 0 0 0 1
9 0.999312 0.028159 -0.0241291 -0.0318086 -0.0285979 0.999428 -0.0180429 -0.0198895 0.0236073 0.0187206 0.999546 -0.0465842 0 0 0 1
#####################################################
*BONEANIMATION, BONEINDEX=8, NFRAMES=10
0 0.98597 -0.111069 -0.12461 0.045038 0.166212 0.722201 0.671416 -0.00219102 0.0154202 -0.682707 0.730529 0.424874 0 0 0 1
1 0.995943 -0.0350032 0.0829014 -0.0593164 -0.0551044 0.491102 0.869358 0.0638107 -0.0711434 -0.870399 0.48718 0.52211 0 0 0 1
2 0.3551 0.414466 -0.837927 -0.175368 0.244244 0.824075 0.511121 0.0155212 0.902357 -0.386158 0.191398 0.285452 0 0 0 1
3 0.95247 -0.287772 -0.0999428 0.12363 0.270703 0.950007 -0.155586 0.131192 0.13972 0.121137 0.982753 -0.121155 0 0 0 1
4 0.956735 0.221001 0.189252 -0.239319 -0.28304 0.556192 0.78137 0.0145674 0.0674232 -0.80113 0.594681 0.476129 0 0 0 1
5 0.969274 0.126392 -0.211027 -0.066441 -0.00251111 0.862934 0.505311 -0.0257198 0.24597 -0.489255 0.836737 0.222526 0 0 0 1
6 0.998835 -0.016845 -0.0452136 0.044012 0.0477499 0.479621 0.876176 0.155361 0.00692615 -0.877314 0.479866 0.525168 0 0 0 1
7 0.94917 -0.0138856 0.314457 -0.182481 -0.237932 0.62239 0.745667 0.0380573 -0.206069 -0.782584 0.58745 0.563726 0 0 0 1
8 0.876426 -0.102463 -0.470509 0.115205 -0.0856084 0.92838 -0.361638 0.161232 0.473865 0.357228 0.804885 -0.243149 0 0 0 1
9 0.989519 -0.14436 -0.00360733 0.060092 0.141541 0.974541 -0.173888 0.0974446 0.0286179 0.171554 0.984759 -0.156001 0 0 0 1
#####################################################
*BONEANIMATION, BONEINDEX=9, NFRAMES=10
0 0.990297 -0.131853 0.0439001 -0.0155732 0.122411 0.977179 0.173598 0.314547 -0.0657878 -0.16654 0.983838 -0.0219315 0 0 0 1
1 0.948709 -0.0639532 -0.309614 0.0634243 0.166594 0.933456 0.317658 0.225799 0.268696 -0.352944 0.896232 0.187497 0 0 0 1
2 0.72299 -0.217048 -0.655877 -0.200785 0.382358 0.916421 0.118213 0.0992292 0.575402 -0.336247 0.745554 0.116221 0 0 0 1
3 0.963431 -0.163783 -0.212077 -0.00640547 0.18804 0.977094 0.0996431 0.0393062 0.190899 -0.135878 0.97216 -0.0907099 0 0 0 1
4 0.973311 0.0591342 -0.221741 -0.0825738 0.00799029 0.956913 0.290263 0.135977 0.229351 -0.284288 0.930902 0.310237 0 0 0 1
5 0.89365 -0.0957089 -0.43844 -0.0332883 0.226926 0.939255 0.257498 0.0174846 0.387162 -0.329606 0.861084 0.254636 0 0 0 1
6 0.912186 -0.317745 -0.258756 0.0861356 0.393961 0.853757 0.340431 0.299061 0.112744 -0.412477 0.903965 0.473466 0 0 0 1
7 0.992401 0.100353 -0.0712026 -0.0418227 -0.104859 0.992512 -0.0626479 0.353528 0.0643826 0.0696381 0.995493 0.13655 0 0 0 1
8 0.985754 -0.165042 -0.0324201 0.00164483 0.163153 0.985113 -0.0541539 0.0667272 0.0408751 0.048093 0.998006 -0.253715 0 0 0 1
9 0.968728 -0.147431 -0.199575 -0.00229576 0.153412 0.988052 0.0147587 -0.000678255 0.195014 -0.0449143 0.979771 -0.108255 0 0 0 1
#####################################################
*VERTEXWEIGHTS, NVERTICES=42321  #(vtx0Based bone0 w0 bone1 w1 ... )
0  0 0.997128 4 0.00287216
1  0 0.997115 4 0.00288469
2  0 0.997109 4 0.00289109
3  0 0.997105 4 0.00289456
4  0 0.997105 4 0.00289465
5  0 0.997109 4 0.00289123
6  0 0.997115 4 0.00288486
7  0 0.997123 4 0.00287667
8  0 0.997132 4 0.00286771
9  0 0.997141 4 0.00285941
10  0 0.997147 4 0.00285305
11  0 0.99715 4 0.00284954
12  0 0.997151 4 0.00284947
13  0 0.997147 4 0.00285285
14  0 0.997141 4 0.00285914
15  0 0.997133 4 0.00286738
16  0 0.997124 4 0.00287638
17  0 0.997028 4 0.00297164
18  0 0.997036 4 0.00296383
19  0 0.997024 4 0.00297589
20  0 0.997024 4 0.00297593
21  0 0.997028 4 0.00297187
22  0 0.997036 4 0.00296424
23  0 0.997046 4 0.00295423
24  0 0.997057 4 0.00294338
25  0 0.997067 4 0.00293337
26  0 0.997074 4 0.00292557
27  0 0.997079 4 0.00292135
28  0 0.997079 4 0.00292122
29  0 0.997075 4 0.00292525
30  0 0.997067 4 0.00293284
31  0 0.997057 4 0.00294286
32  0 0.997046 4 0.00295376
33  0 0.996943 4 0.00305736
34  0 0.996952 4 0.00304807
35  0 0.996938 4 0.00306243
36  0 0.996937 4 0.00306258
37  0 0.996942 4 0.00305777
38  0 0.996951 4 0.0030487
39  0 0.996963 4 0.00303687
40  0 0.996976 4 0.00302397
41  0 0.996988 4 0.00301198
42  0 0.996997 4 0.00300274
43  0 0.997002 4 0.00299773
44  0 0.997002 4 0.00299756
45  0 0.996998 4 0.00300229
46  0 0.996989 4 0.0030113
47  0 0.996977 4 0.00302316
48  0 0.996964 4 0.00303605
49  0 0.996851 4 0.00314861
50  0 0.996862 4 0.00313771
51  0 0.996845 4 0.00315456
52  0 0.996845 4 0.00315477
53  0 0.996851 4 0.00314918
54  0 0.996861 4 0.00313862
55  0 0.996875 4 0.00312471
56  0 0.99689 4 0.0031096
57  0 0.996904 4 0.00309564
58  0 0.996915 4 0.00308489
59  0 0.996921 4 0.00307892
60  0 0.996921 4 0.00307868
61  0 0.996916 4 0.00308422
62  0 0.996905 4 0.0030947
63  0 0.996891 4 0.00310854
64  0 0.996876 4 0.00312366
65  0 0.996754 4 0.00324565
66  0 0.996767 4 0.00323309
67  0 0.996747 4 0.00325266
68  0 0.996747 4 0.00325028 7 2.6583e-006
69  0 0.996753 4 0.00323625 7 1.03681e-005
70  0 0.996766 4 0.00322144 7 1.29934e-005
71  0 0.996782 4 0.00320812 7 1.02482e-005
72  0 0.996799 4 0.00319823 7 2.57794e-006
73  0 0.996815 4 0.00318465
74  0 0.996828 4 0.00317217
75  0 0.996835 4 0.00316529
76  0 0.996835 4 0.00316505
77  0 0.996829 4 0.00317139
78  0 0.996817 4 0.00318342
79  0 0.996801 4 0.00319935
80  0 0.996783 4 0.00321686
81  0 0.99665 4 0.00332158 7 2.799e-005
82  0 0.996665 4 0.0033221 7 1.27574e-005
83  0 0.996642 4 0.00331437 7 4.35464e-005
84  0 0.996641 4 0.00330161 7 5.68935e-005
85  0 0.996649 4 0.00328539 7 6.57954e-005
86  0 0.996663 4 0.00326832 7 6.89246e-005
87  0 0.996681 4 0.00325296 7 6.57894e-005
88  0 0.996701 4 0.00324167 7 5.70232e-005
89  0 0.99672 4 0.00323589 7 4.40812e-005
90  0 0.996735 4 0.00323648 7 2.90162e-005
91  0 0.996743 4 0.00324339 7 1.40657e-005
92  0 0.996743 4 0.00325551 7 1.36664e-006
93  0 0.996736 4 0.00326412
94  0 0.996722 4 0.00327787
95  0 0.996704 4 0.00329606
96  0 0.996684 4 0.00331582 7 1.42935e-007
97  0 0.996539 4 0.00338039 7 8.07446e-005
98  0 0.996556 4 0.00338094 7 6.33452e-005
99  0 0.996529 4 0.00337198 7 9.86432e-005
100  0 0.996529 4 0.00335734 7 0.000114002
101  0 0.996537 4 0.00333872 7 0.000124379
102  0 0.996553 4 0.00331913 7 0.000128054
103  0 0.996574 4 0.00330168 7 0.000124493
104  0 0.996597 4 0.00328877 7 0.000114526
105  0 0.996618 4 0.00328232 7 9.97428e-005
106  0 0.996634 4 0.00328306 7 8.25768e-005
107  0 0.996644 4 0.00329105 7 6.54431e-005
108  0 0.996644 4 0.00330492 7 5.09067e-005
109  0 0.996636 4 0.00332287 7 4.09881e-005
110  0 0.996621 4 0.00334229 7 3.70654e-005
111  0 0.9966 4 0.00336025 7 3.98323e-005
112  0 0.996577 4 0.00337388 7 4.89835e-005
113  0 0.996419 4 0.00344433 7 0.000136269
114  0 0.996438 4 0.0034451 7 0.000116428
115  0 0.996409 4 0.00343482 7 0.000156667
116  0 0.996408 4 0.00341804 7 0.000174245
117  0 0.996417 4 0.00339687 7 0.000186194
118  0 0.996435 4 0.00337452 7 0.000190518
119  0 0.996459 4 0.00335467 7 0.00018665
120  0 0.996485 4 0.00334013 7 0.000175343
121  0 0.996508 4 0.00333292 7 0.000158635
122  0 0.996527 4 0.00333393 7 0.000139098
123  0 0.996537 4 0.00334299 7 0.00011969
124  0 0.996538 4 0.00335884 7 0.000103125
125  0 0.996529 4 0.00337925 7 9.17229e-005
126  0 0.996512 4 0.00340125 7 8.70749e-005
127  0 0.996488 4 0.00342155 7 9.00317e-005
128  0 0.996463 4 0.00343709 7 0.000100251
129  0 0.996291 4 0.00351431 7 0.000194579
130  0 0.996313 4 0.00351527 7 0.000172202
131  0 0.996279 4 0.00350352 7 0.000217703
132  0 0.996278 4 0.00348446 7 0.000237836
133  0 0.996288 4 0.00346048 7 0.000251521
134  0 0.996308 4 0.00343526 7 0.000256617
135  0 0.996335 4 0.00341284 7 0.000252372
136  0 0.996364 4 0.00339646 7 0.000239785
137  0 0.996391 4 0.0033884 7 0.000220911
138  0 0.996411 4 0.00338968 7 0.000198936
139  0 0.996423 4 0.00339999 7 0.000176962
140  0 0.996424 4 0.00341801 7 0.000158152
141  0 0.996414 4 0.00344101 7 0.000145175
142  0 0.996394 4 0.00346582 7 0.000139699
143  0 0.996368 4 0.00348881 7 0.000142716
144  0 0.99634 4 0.00350622 7 0.000154013
145  0 0.996153 4 0.00359123 7 0.000255888
146  0 0.996177 4 0.00359228 7 0.000230739
147  0 0.996139 4 0.00357898 7 0.000282112
148  0 0.996137 4 0.00355756 7 0.000304967
149  0 0.996149 4 0.00353053 7 0.000320683
150  0 0.996171 4 0.00350212 7 0.000326704
151  0 0.996201 4 0.00347688 7 0.000322154
152  0 0.996233 4 0.00345857 7 0.000308081
153  0 0.996263 4 0.00344969 7 0.000287026
154  0 0.996287 4 0.00345119 7 0.000262259
155  0 0.996299 4 0.003463 7 0.000237565
156  0 0.9963 4 0.00348319 7 0.000216353
157  0 0.996289 4 0.00350903 7 0.000201498
158  0 0.996268 4 0.00353688 7 0.000195087
159  0 0.996239 4 0.00356262 7 0.0001981
160  0 0.996207 4 0.00358213 7 0.000210525
161  0 0.996004 4 0.00367601 7 0.000320405
162  0 0.996031 4 0.00367723 7 0.000292261
163  0 0.995988 4 0.00366235 7 0.000349939
164  0 0.995986 4 0.00363839 7 0.00037589
165  0 0.995998 4 0.00360803 7 0.000393884
166  0 0.996023 4 0.00357621 7 0.00040102
167  0 0.996056 4 0.00354801 7 0.000395907 5 5.35779e-007
168  0 0.996091 4 0.00352785 7 0.000379048 5 2.36132e-006
169  0 0.996125 4 0.00351786 7 0.000356281 5 1.30882e-006
170  0 0.996151 4 0.00351966 7 0.000329563
171  0 0.996165 4 0.00353289 7 0.000301845
172  0 0.996167 4 0.00355558 7 0.000277894
173  0 0.996155 4 0.0035845 7 0.000260933
174  0 0.996131 4 0.00361551 7 0.00025334
175  0 0.9961 4 0.00364416 7 0.000256313
176  0 0.996064 4 0.00366596 7 0.000269852
177  0 0.995842 4 0.00377018 7 0.000388244
178  0 0.995872 4 0.00377151 7 0.000356852
179  0 0.995824 4 0.00375494 7 0.000421422
180  0 0.995821 4 0.00372822 7 0.000450917
181  0 0.995834 4 0.00369437 7 0.000471563
182  0 0.99586 4 0.0036592 7 0.000477733 5 3.32596e-006
183  0 0.995894 4 0.00362827 7 0.00046945 5 8.05726e-006
184  0 0.995933 4 0.00360588 7 0.00045098 5 1.0031e-005
185  0 0.99597 4 0.00359501 7 0.000425714 5 8.86427e-006
186  0 0.996001 4 0.00359685 7 0.000397785 5 4.81655e-006
187  0 0.996019 4 0.00361114 7 0.000370151
188  0 0.99602 4 0.00363629 7 0.000343228 2 1.8431e-007
189  0 0.996008 4 0.00366856 7 0.000323867
190  0 0.995982 4 0.00370298 7 0.000314804
191  0 0.995948 4 0.00373475 7 0.000317605
192  0 0.995909 4 0.0037589 7 0.000332174
193  0 0.995665 4 0.00387502 7 0.000459706
194  0 0.995699 4 0.00387631 7 0.000424763
195  0 0.995645 4 0.00385833 7 0.000496931
196  0 0.995641 4 0.00382876 7 0.000530303
197  0 0.995654 4 0.00379143 7 0.000552419 5 2.32862e-006
198  0 0.99568 4 0.00375279 7 0.000557526 5 9.4631e-006
199  0 0.995718 4 0.00371846 7 0.000549097 5 1.4506e-005
200  0 0.995761 4 0.00369359 7 0.000529036 5 1.66011e-005
201  0 0.995802 4 0.0036817 7 0.00050107 5 1.53647e-005
202  0 0.995835 4 0.00368398 7 0.000469821 5 1.10755e-005
203  0 0.995856 4 0.00369983 7 0.000439793 5 4.48907e-006
204  0 0.995859 4 0.00372567 7 0.000413097 2 2.25815e-006
205  0 0.995846 4 0.00376212 7 0.000390712 2 8.83276e-007
206  0 0.995819 4 0.00380079 7 0.000379762
207  0 0.995782 4 0.00383575 7 0.000382117
208  0 0.99574 4 0.0038624 7 0.000397629
209  0 0.995473 4 0.00399255 7 0.000534831
210  0 0.99551 4 0.00399372 7 0.000496083
211  0 0.995449 4 0.00397436 7 0.000576658
212  0 0.995444 4 0.003942 7 0.000614486
213  0 0.995455 4 0.00390128 7 0.000637036 5 6.82528e-006
214  0 0.995483 4 0.00385857 7 0.000643921 5 1.4377e-005
215  0 0.995524 4 0.00382057 7 0.00063553 5 1.97406e-005
216  0 0.995571 4 0.00379315 7 0.000613881 5 2.19664e-005
217  0 0.995616 4 0.00378014 7 0.000583079 5 2.07072e-005
218  0 0.995567 4 0.00378581 7 0.000565126 3 8.25513e-005
219  0 0.99554 4 0.00380684 7 0.000528975 3 0.000124163
220  0 0.995609 4 0.00383425 7 0.000490819 3 6.59267e-005
221  0 0.995669 4 0.00386753 7 0.000461807 2 2.03949e-006
222  0 0.995641 4 0.00391069 7 0.000448431
223  0 0.995601 4 0.00394899 7 0.000450045
224  0 0.995555 4 0.00397831 7 0.000466485
225  0 0.995261 4 0.00412477 7 0.000613863
226  0 0.995303 4 0.00412567 7 0.000570966
227  0 0.995234 4 0.0041053 7 0.000660719
228  0 0.995226 4 0.00407029 7 0.000702862 5 1.26044e-006
229  0 0.995236 4 0.00402601 7 0.000728245 5 1.00633e-005
230  0 0.995265 4 0.00397908 7 0.000737504 5 1.79834e-005
231  0 0.99531 4 0.0039373 7 0.000729495 5 2.3639e-005
232  0 0.99536 4 0.00390722 7 0.000706332 5 2.60185e-005
233  0 0.995344 4 0.00389431 7 0.000694562 3 6.70679e-005
234  0 0.995219 4 0.00390683 7 0.000662184 3 0.000211623
235  0 0.995198 4 0.00392984 7 0.00062124 3 0.000250969
236  0 0.995284 4 0.00395924 7 0.000577519 3 0.000179146
237  0 0.995466 4 0.00399014 7 0.000537052 3 6.81495e-006
238  0 0.995444 4 0.0040349 7 0.000521141
239  0 0.995402 4 0.0040765 7 0.00052166
240  0 0.995353 4 0.0041086 7 0.000538825
241  0 0.995029 4 0.00427411 7 0.000696873
242  0 0.995076 4 0.0042745 7 0.000649438
243  0 0.994997 4 0.00425384 7 0.000749471
244  0 0.994984 4 0.00421651 7 0.000796441 5 2.80421e-006
245  0 0.994993 4 0.00416859 7 0.00082667 5 1.19179e-005
246  0 0.995023 4 0.00411754 7 0.00083898 5 2.01794e-005
247  0 0.99507 4 0.0040718 7 0.000831873 5 2.6092e-005
248  0 0.995125 4 0.00403881 7 0.000807302 5 2.86497e-005
249  0 0.994984 4 0.00403198 7 0.000802263 3 0.000182042
250  0 0.994852 4 0.00404619 7 0.000766186 3 0.00033514
251  0 0.99484 4 0.0040711 7 0.000719656 3 0.000369689
252  0 0.994947 4 0.00410181 7 0.000669357 3 0.000282298
253  0 0.995159 4 0.0041334 7 0.000622388 3 8.50623e-005
254  0 0.995226 4 0.0041758 7 0.00059801
255  0 0.995182 4 0.00422076 7 0.000596989
256  0 0.99513 4 0.0042555 7 0.000614646
257  0 0.994773 4 0.00444367 7 0.000783729
258  0 0.994826 4 0.00444287 7 0.000731342
259  0 0.994734 4 0.00442324 7 0.000842851
260  0 0.994716 4 0.00438422 7 0.000896546 5 3.05595e-006
261  0 0.994722 4 0.00433316 7 0.000932656 5 1.24308e-005
262  0 0.994752 4 0.00427806 7 0.000949091 5 2.09127e-005
263  0 0.994809 4 0.00422746 7 0.000933234 9 3.01226e-005
264  0 0.994854 4 0.00419415 7 0.000898132 8 5.34968e-005
265  0 0.994604 4 0.004192 7 0.000917757 3 0.000285766
266  0 0.994468 4 0.00420762 7 0.000877387 3 0.000446818
267  0 0.994467 4 0.00423368 7 0.000824466 3 0.000475343
268  0 0.9946 4 0.00426486 7 0.000766468 3 0.00036901
269  0 0.994849 4 0.00429585 7 0.000711715 3 0.000143518
270  0 0.994985 4 0.00433616 7 0.000679236
271  0 0.99494 4 0.00438419 7 0.000675969
272  0 0.994884 4 0.00442171 7 0.000693805
273  0 0.994489 4 0.00463654 7 0.000874221
274  0 0.99455 4 0.00463318 7 0.000816349
275  0 0.994442 4 0.00461719 7 0.000940849
276  0 0.994417 4 0.00457786 7 0.00100332 5 2.12564e-006
277  0 0.994418 4 0.0045256 7 0.00101493 9 4.19364e-005
278  0 0.994441 4 0.00447085 7 0.000954589 9 0.000133664
279  0 0.994488 4 0.00442002 7 0.000890814 9 0.000200793
280  0 0.994551 4 0.00438125 7 0.000835137 9 0.000232565
281  0 0.994572 4 0.00436876 7 0.000877565 8 0.000181704
282  0 0.99407 4 0.00439578 7 0.000996128 3 0.000538308
283  0 0.994085 4 0.00442159 7 0.000935465 3 0.000558019
284  0 0.994251 4 0.00445117 7 0.000868286 3 0.000429559
285  0 0.994544 4 0.00447956 7 0.000804249 3 0.000171774
286  0 0.994717 4 0.00451845 7 0.000764493
287  0 0.994673 4 0.00456891 7 0.000758318
288  0 0.994615 4 0.00460927 7 0.000775969
289  0 0.994176 4 0.00485588 7 0.000967849
290  0 0.994249 4 0.00484762 7 0.000903467
291  0 0.994116 4 0.00484103 7 0.00104335
292  0 0.994072 4 0.00480714 7 0.00104577 9 7.54809e-005
293  0 0.994055 4 0.00475845 7 0.000998808 9 0.00018746
294  0 0.994073 4 0.00470174 7 0.000936751 9 0.000288374
295  0 0.99412 4 0.00464778 7 0.0008712 9 0.000361453
296  0 0.994186 4 0.00460561 7 0.000812809 9 0.000395613
297  0 0.99426 4 0.00458165 7 0.000772468 9 0.000385921
298  0 0.994332 4 0.00457707 7 0.000757733 9 0.000333669
299  0 0.993707 4 0.00463872 7 0.00105202 3 0.000601842
300  0 0.993918 4 0.00466271 7 0.000973482 3 0.000446104
301  0 0.994415 4 0.00467874 7 0.000829435 8 7.67911e-005
302  0 0.994423 4 0.00472358 7 0.00085303
303  0 0.994382 4 0.0047755 7 0.000842843
304  0 0.994321 4 0.004819 7 0.000859953
305  0 0.99383 4 0.00510593 7 0.00106382
306  0 0.993923 4 0.00508567 7 0.000991138
307  0 0.993738 4 0.00510579 7 0.00106936 9 8.67537e-005
308  0 0.993668 4 0.00508247 7 0.00104779 9 0.000201953
309  0 0.993633 4 0.0050394 7 0.00100406 9 0.000323832
310  0 0.993638 4 0.00498405 7 0.000945311 9 0.000432147
311  0 0.993681 4 0.00492809 7 0.00088129 9 0.000509553
312  0 0.993752 4 0.00488125 7 0.000822278 9 0.000544149
313  0 0.993839 4 0.0048506 7 0.000779586 9 0.000530802
314  0 0.993931 4 0.00483623 7 0.000762266 9 0.000470585
315  0 0.994012 4 0.00484125 7 0.000772019 9 0.000374622
316  0 0.994005 4 0.00488701 7 0.000878909 8 0.000229542
317  0 0.994066 4 0.00491491 7 0.000884902 8 0.000134609
318  0 0.994098 4 0.00495063 7 0.000915118 8 3.63102e-005
319  0 0.994075 4 0.0049977 7 0.000926897
320  0 0.99401 4 0.00504674 7 0.000943499
321  0 0.993435 4 0.00539551 7 0.00106965 9 9.98007e-005
322  0 0.993575 4 0.00534581 7 0.00104723 9 3.2233e-005
323  0 0.993296 4 0.0054246 7 0.00107802 9 0.000201468
324  0 0.993186 4 0.00542323 7 0.00106722 9 0.000324034
325  0 0.993117 4 0.00539605 7 0.00103286 9 0.000454152
326  0 0.9931 4 0.00534937 7 0.000982095 9 0.000568542
327  0 0.993134 4 0.00529407 7 0.000924017 9 0.000647427
328  0 0.993214 4 0.00523943 7 0.000868597 9 0.000678139
329  0 0.993324 4 0.00519329 7 0.000827367 9 0.000655223
330  0 0.993452 4 0.00515823 7 0.000808934 9 0.000581274
331  0 0.993581 4 0.00513466 7 0.000818509 9 0.000466018
332  0 0.993695 4 0.00512426 7 0.000843026 9 0.000337248
333  0 0.993772 4 0.00513566 7 0.000882486 9 0.000210201
334  0 0.99381 4 0.00515942 7 0.000930709 9 9.97405e-005
335  0 0.993788 4 0.00520788 7 0.000976028 9 2.8522e-005
336  0 0.993703 4 0.00526671 7 0.00102285 2 7.43773e-006
337  0 0.993236 4 0.00557425 7 0.00107365 9 0.000116323
338  0 0.993243 4 0.0055707 7 0.00107242 9 0.00011361
339  0 0.993273 4 0.00555605 7 0.00106825 9 0.000102898
340  0 0.993342 4 0.00551886 7 0.00106065 9 7.80482e-005
341  0 0.993368 4 0.0055069 7 0.00105718 9 6.76411e-005
342  0 0.993128 4 0.00563202 7 0.00108714 9 0.000152837
343  0 0.993163 4 0.00561417 7 0.0010821 9 0.000140863
344  0 0.992862 4 0.00576366 7 0.00110533 9 0.000269114
345  0 0.992943 4 0.00572376 7 0.00109892 9 0.000234505
346  0 0.992947 4 0.00572203 7 0.00109856 9 0.00023257
347  0 0.99296 4 0.00571624 7 0.00109731 9 0.000226018
348  0 0.993059 4 0.00566428 7 0.0010916 9 0.000184777
349  0 0.993101 4 0.00564416 7 0.00108906 9 0.000165728
350  0 0.992819 4 0.00578478 7 0.00110903 9 0.000287682
351  0 0.992583 4 0.00586751 7 0.00111011 9 0.000439713
352  0 0.992697 4 0.00584235 7 0.00111217 9 0.000348556
353  0 0.9927 4 0.00584098 7 0.00111204 9 0.000346662
354  0 0.992787 4 0.00579808 7 0.00110976 9 0.00030566
355  0 0.992812 4 0.00578765 7 0.0011092 9 0.000291422
356  0 0.992452 4 0.00587547 7 0.00108622 9 0.00058624
357  0 0.992385 4 0.00585808 7 0.00104789 9 0.000709338
358  0 0.992393 4 0.00581721 7 0.00100324 9 0.00078692
359  0 0.992477 4 0.00575699 7 0.000959743 9 0.000805773
360  0 0.992626 4 0.00568437 7 0.000924576 9 0.000765522
361  0 0.992809 4 0.00561239 7 0.000900666 9 0.000678387
362  0 0.992977 4 0.00556998 7 0.000893779 9 0.000559614
363  0 0.993032 4 0.0055603 7 0.000898409 9 0.000509446
364  0 0.993035 4 0.00555894 7 0.000898232 9 0.00050796
365  0 0.993035 4 0.0055587 7 0.00089822 9 0.00050768
366  0 0.993036 4 0.00555843 7 0.00089822 9 0.000507308
367  0 0.993042 4 0.00555583 7 0.000897925 9 0.000504601
368  0 0.99318 4 0.00547783 7 0.000893602 9 0.000448497
369  0 0.993229 4 0.00545551 7 0.000892888 9 0.000422923
370  0 0.993219 4 0.00545964 7 0.00089296 9 0.000428095
371  0 0.993276 4 0.00543322 7 0.00089244 9 0.000397905
372  0 0.993292 4 0.00542727 7 0.000893812 9 0.000387184
373  0 0.993361 4 0.00539385 7 0.00089841 9 0.000346568
374  0 0.993392 4 0.00538138 7 0.000901615 9 0.000325067
375  0 0.993439 4 0.00536075 7 0.000905821 9 0.000294263
376  0 0.993452 4 0.00535592 7 0.000907423 9 0.00028463
377  0 0.993522 4 0.00532234 7 0.000912326 9 0.000243757
378  0 0.993524 4 0.00532184 7 0.000912784 9 0.000241708
379  0 0.993582 4 0.00529583 7 0.000922543 9 0.000199128
380  0 0.993601 4 0.00529077 7 0.000928575 9 0.000179827
381  0 0.993607 4 0.00528985 7 0.00093111 9 0.000172412
382  0 0.99363 4 0.00528494 7 0.000939156 9 0.00014592
383  0 0.993646 4 0.00528479 7 0.000947257 9 0.000122218
384  0 0.993649 4 0.0052958 7 0.000965349 9 8.94199e-005
385  0 0.99365 4 0.00528862 7 0.000956545 9 0.000104698
386  0 0.993648 4 0.00529893 7 0.000968581 9 8.41163e-005
387  0 0.99364 4 0.00532156 7 0.000986567 9 5.14098e-005
388  0 0.993643 4 0.00531643 7 0.000981807 9 5.91556e-005
389  0 0.993605 4 0.00535073 7 0.0010033 9 4.12389e-005
390  0 0.993616 4 0.00534122 7 0.000996991 9 4.55012e-005
391  0 0.993595 4 0.00535866 7 0.0010088 9 3.75286e-005
392  0 0.993545 4 0.00539945 7 0.0010251 9 3.07584e-005
393  0 0.993553 4 0.00539238 7 0.00102046 9 3.38449e-005
394  0 0.993472 4 0.00544242 7 0.00103995 9 4.5639e-005
395  0 0.993477 4 0.00543959 7 0.00103863 9 4.48039e-005
396  0 0.993515 4 0.00541654 7 0.00103148 9 3.68323e-005
397  0 0.993369 4 0.00550646 7 0.0010569 9 6.74488e-005
398  0 0.993383 4 0.00549827 7 0.00105271 9 6.55377e-005
399  0 0.992631 4 0.00587391 7 0.00111521 9 0.00038008
400  0 0.992586 4 0.00589464 7 0.00111752 9 0.000401953
401  0 0.99248 4 0.00594557 7 0.00112389 9 0.000450094
402  0 0.992488 4 0.00594275 7 0.0011234 9 0.000445866
403  0 0.992415 4 0.00597457 7 0.00112351 9 0.000487226
404  0 0.99247 4 0.0059496 7 0.0011236 9 0.000457159
405  0 0.992199 4 0.00606255 7 0.00112558 9 0.000612443
406  0 0.992223 4 0.0060539 7 0.00112536 9 0.000597719
407  0 0.992268 4 0.00603601 7 0.00112482 9 0.000570879
408  0 0.992396 4 0.00598194 7 0.00112331 9 0.000499154
409  0 0.992374 4 0.00599076 7 0.00112325 9 0.000512398
410  0 0.992105 4 0.00609721 7 0.0011175 9 0.000680608
411  0 0.992114 4 0.00609402 7 0.00111844 9 0.000673347
412  0 0.992167 4 0.0060742 7 0.00112251 9 0.000635812
413  0 0.992196 4 0.00606361 7 0.00112493 9 0.00061587
414  0 0.992195 4 0.00606368 7 0.00112472 9 0.00061687
415  0 0.991997 4 0.00613816 7 0.0011131 9 0.000751833
416  0 0.992052 4 0.00611516 7 0.00111318 9 0.000719807
417  0 0.992053 4 0.00611468 7 0.00111337 9 0.000718542
418  0 0.992078 4 0.0061061 7 0.00111511 9 0.000700591
419  0 0.991911 4 0.00617311 7 0.00109825 9 0.000817661
420  0 0.991935 4 0.00616333 7 0.00110182 9 0.000800062
421  0 0.991942 4 0.00616092 7 0.00110352 9 0.000794029
422  0 0.991983 4 0.00614228 7 0.00110803 9 0.000766803
423  0 0.991987 4 0.00614112 7 0.00110945 9 0.000762427
424  0 0.991871 4 0.00618782 7 0.00109216 9 0.000848749
425  0 0.991895 4 0.00617901 7 0.00109528 9 0.00083067
426  0 0.991886 4 0.0061758 7 0.00106257 9 0.0008757
427  0 0.991878 4 0.00618213 7 0.00107105 9 0.000868769
428  0 0.991876 4 0.00618371 7 0.00107699 9 0.000862939
429  0 0.991872 4 0.00618721 7 0.00108487 9 0.000856022
430  0 0.991872 4 0.00618752 7 0.00109138 9 0.000849578
431  0 0.991893 4 0.00616988 7 0.00105297 9 0.000884165
432  0 0.991892 4 0.00617087 7 0.0010546 9 0.000882779
433  0 0.99189 4 0.0061725 7 0.00105803 9 0.000879543
434  0 0.99204 4 0.00609296 7 0.00101849 9 0.000848762
435  0 0.992034 4 0.00609561 7 0.00102062 9 0.000849686
436  0 0.991962 4 0.00613396 7 0.00103826 9 0.000866053
437  0 0.991979 4 0.00612553 7 0.00103259 9 0.000862704
438  0 0.99206 4 0.00608283 7 0.00101229 9 0.000845062
439  0 0.992087 4 0.00606824 7 0.00100505 9 0.000840095
440  0 0.992096 4 0.00606384 7 0.00100288 9 0.000836835
441  0 0.99214 4 0.00604258 7 0.000995776 9 0.000821451
442  0 0.992161 4 0.00603276 7 0.000991633 9 0.000814892
443  0 0.992229 4 0.00599607 7 0.000982204 9 0.000792458
444  0 0.992233 4 0.00599435 7 0.00098133 9 0.000791293
445  0 0.992251 4 0.0059856 7 0.000977941 9 0.000785854
446  0 0.992285 4 0.00596782 7 0.000971697 9 0.000775106
447  0 0.992326 4 0.0059471 7 0.000964634 9 0.000762644
448  0 0.992431 4 0.00588806 7 0.000949483 9 0.000731414
449  0 0.992439 4 0.0058842 7 0.000948374 9 0.000728051
450  0 0.9926 4 0.00579786 7 0.00093309 9 0.000669175
451  0 0.992578 4 0.00580858 7 0.000935763 9 0.000677581
452  0 0.992694 4 0.00574656 7 0.000923856 9 0.000635984
453  0 0.992814 4 0.00567775 7 0.000912603 9 0.00059568
454  0 0.992883 4 0.00563956 7 0.000905478 9 0.000571889
455  0 0.99282 4 0.00567501 7 0.000911916 9 0.000593433
456  0 0.992925 4 0.00561828 7 0.000903422 9 0.000553699
457  0 0.992927 4 0.00561724 7 0.000903296 9 0.000552627
458  0 0.993034 4 0.00555905 7 0.000897805 9 0.000509539
459  0 0.992912 4 0.00562153 7 0.00090015 9 0.000566322
460  0 0.992785 4 0.00568771 7 0.000907315 9 0.000620354
461  0 0.992645 4 0.00576548 7 0.000917975 9 0.000672018
462  0 0.992526 4 0.00583032 7 0.000931415 9 0.000712725
463  0 0.992414 4 0.00589259 7 0.000946826 9 0.000746659
464  0 0.992311 4 0.00595188 7 0.00096418 9 0.000773022
465  0 0.992381 4 0.00598782 7 0.00112433 9 0.000507031
466  0 0.992281 4 0.00603053 7 0.00112675 9 0.000561755
467  0 0.99212 4 0.0060914 7 0.00111973 9 0.000668379
468  0 0.987416 4 0.00991358 9 0.00167188 7 0.000999006
469  0 0.987405 4 0.00992098 9 0.00166884 7 0.00100483
470  0 0.98738 4 0.00992418 9 0.00168523 7 0.00101026
471  0 0.987371 4 0.00993841 9 0.0016721 7 0.00101899
472  0 0.987318 4 0.00994646 9 0.00170373 7 0.00103146
473  0 0.987325 4 0.0099615 9 0.00167826 7 0.00103548
474  0 0.987246 4 0.00997466 9 0.00172443 7 0.0010548
475  0 0.98727 4 0.00998963 9 0.00168695 7 0.00105344
476  0 0.987165 4 0.0100087 9 0.00174727 7 0.00107914
477  0 0.987201 4 0.0100255 9 0.0016998 7 0.0010742
478  0 0.987065 4 0.0100534 9 0.00177386 7 0.00110753
479  0 0.987117 4 0.0100688 9 0.00171626 7 0.00109753
480  0 0.986948 4 0.0101089 9 0.00180371 7 0.00113974
481  0 0.987019 4 0.0101207 9 0.00173672 7 0.00112394
482  0 0.986909 4 0.0101788 9 0.00176012 7 0.00115204
483  0 0.986808 4 0.0101787 9 0.00183641 7 0.00117664
484  0 0.986791 4 0.0102414 9 0.00178525 7 0.00118187
485  0 0.986661 4 0.0102557 9 0.00186991 7 0.0012136
486  0 0.98667 4 0.0103062 9 0.00181135 7 0.00121276
487  0 0.986514 4 0.0103339 9 0.00190163 7 0.00125015
488  0 0.986546 4 0.010372 9 0.00183799 7 0.0012444
489  0 0.986377 4 0.0104068 9 0.00192918 7 0.00128711
490  0 0.986425 4 0.0104346 9 0.00186391 7 0.00127614
491  0 0.986263 4 0.0104697 9 0.00194877 7 0.00131874
492  0 0.986316 4 0.0104899 9 0.00188829 7 0.00130632
493  0 0.986165 4 0.0105251 9 0.0019631 7 0.00134669
494  0 0.986217 4 0.0105382 9 0.00191092 7 0.00133425
495  0 0.986084 4 0.0105725 9 0.0019728 7 0.0013707
496  0 0.986134 4 0.0105778 9 0.00193024 7 0.00135781
497  0 0.986022 4 0.0106104 9 0.00197793 7 0.00138933
498  0 0.986066 4 0.0106098 9 0.0019469 7 0.00137739
499  0 0.985992 4 0.0106329 9 0.00197652 7 0.00139815
500  0 0.986017 4 0.0106316 9 0.00196014 7 0.00139112
501  0 0.985989 4 0.0106414 9 0.00197055 7 0.00139917
502  0 0.983106 3 0.0114024 4 0.00440047 6 0.00109109
503  0 0.982964 3 0.0115109 4 0.00443046 6 0.00109428
504  0 0.982994 3 0.0114837 4 0.00442953 6 0.0010927
505  0 0.982748 3 0.0116668 4 0.00448777 6 0.00109701
506  0 0.982707 3 0.0117028 4 0.00449053 6 0.00109953
507  0 0.982476 3 0.0118697 4 0.00455252 6 0.00110207
508  0 0.982427 3 0.0119095 4 0.00455798 6 0.0011052
509  0 0.982191 3 0.0120795 4 0.00462183 6 0.00110752
510  0 0.982136 3 0.0121221 4 0.00463094 6 0.00111124
511  0 0.981862 3 0.012321 4 0.0047026 6 0.00111393
512  0 0.981808 3 0.0123578 4 0.00471653 6 0.0011181
513  0 0.981501 3 0.0125849 4 0.0047929 6 0.00112109
514  0 0.981109 3 0.0128687 4 0.00489304 6 0.00112895
515  0 0.981437 3 0.0126208 4 0.0048161 6 0.00112588
516  0 0.980287 3 0.0131907 4 0.00424788 7 0.00227414
517  0 0.980513 3 0.0129922 4 0.00418428 7 0.00231098
518  0 0.979851 3 0.0134857 4 0.00434394 7 0.00231953
519  0 0.979989 3 0.0133405 4 0.00430098 7 0.00236916
520  0 0.979427 3 0.0137678 4 0.00443951 7 0.00236583
521  0 0.979468 3 0.0136889 4 0.00441749 7 0.00242546
522  0 0.979018 3 0.0140363 4 0.00453362 7 0.00241186
523  0 0.978969 3 0.0140231 4 0.00452892 7 0.00247864
524  0 0.978633 3 0.0142871 4 0.00462345 7 0.00245679
525  0 0.978525 3 0.0143222 4 0.00462964 7 0.00252288
526  0 0.978284 3 0.014513 4 0.0047043 7 0.00249821
527  0 0.978116 3 0.0145997 4 0.00472309 7 0.00256121
528  0 0.977976 3 0.0147114 4 0.00477607 7 0.00253658
529  0 0.977748 3 0.0148508 4 0.00480802 7 0.0025935
530  0 0.977716 3 0.0148801 4 0.00483612 7 0.0025678
531  0 0.977456 3 0.0150488 4 0.00487735 7 0.00261759
