#####################################################
# (c) Binh Le (bhle2@cs.uh.edu)
#
# Running time: 251.141 (s)
# Repeat      : 11
#
#####################################################
*OBJFILENAME
..\Data\elephant-poses.obj
#####################################################
*BONEANIMATION, BONEINDEX=0, NFRAMES=10
0 0.986512 -0.115172 -0.116313 0.0923729 0.124664 0.989135 0.0779112 0.00564478 0.106076 -0.0913603 0.990152 0.00227016 0 0 0 1
1 0.987194 -0.0159596 -0.158721 0.0471572 -0.0165984 0.979305 -0.201707 0.0886739 0.158656 0.201758 0.9665 -0.211107 0 0 0 1
2 0.405816 -0.22575 -0.885636 0.18717 -0.0473843 0.962514 -0.267059 0.143344 0.912726 0.150342 0.379906 -0.0297819 0 0 0 1
3 0.977137 -0.0455759 -0.207666 0.0698851 0.00222183 0.978889 -0.20438 0.0987409 0.212597 0.199245 0.956611 -0.167468 0 0 0 1
4 0.964691 0.0571572 -0.257109 -0.0373327 -0.0726651 0.99604 -0.0512175 0.0592411 0.253163 0.0680919 0.965024 -0.085573 0 0 0 1
5 0.91072 0.00163889 -0.413022 0.081511 -0.133391 0.947572 -0.29037 0.142729 0.390892 0.319539 0.863191 -0.22206 0 0 0 1
6 0.894949 0.0470259 -0.443683 0.162384 -0.0685295 0.997118 -0.032546 0.0699295 0.440874 0.0595324 0.895592 -0.127148 0 0 0 1
7 0.966972 0.141565 -0.211954 -0.0713312 -0.144824 0.989457 0.000151328 0.0825146 0.20974 0.0305495 0.97728 -0.0172875 0 0 0 1
8 0.942164 0.0427194 -0.33242 0.0357078 -0.0846862 0.990003 -0.112797 0.0921722 0.324278 0.134425 0.936362 -0.249099 0 0 0 1
9 0.975252 0.0195402 -0.220233 0.0454316 -0.0624404 0.979881 -0.189563 0.0776065 0.212098 0.198623 0.956851 -0.181357 0 0 0 1
#####################################################
*BONEANIMATION, BONEINDEX=1, NFRAMES=10
0 0.936638 -0.0341807 -0.348627 -0.241119 -0.222764 0.709947 -0.668096 -0.247429 0.270343 0.703425 0.657349 -0.813314 0 0 0 1
1 0.999195 -0.0113403 -0.0384737 -0.0317683 -0.0173514 0.742596 -0.669514 -0.308767 0.0361629 0.669643 0.741802 -0.766962 0 0 0 1
2 -0.0250254 0.645831 -0.76307 -0.833841 -0.668793 0.556521 0.49295 0.737676 0.743027 0.522672 0.418 -0.805415 0 0 0 1
3 0.99909 -0.040134 0.0144333 0.04719 0.0382162 0.692151 -0.72074 -0.27706 0.0189362 0.720636 0.693055 -0.803062 0 0 0 1
4 0.959695 -0.0222418 -0.280161 -0.101659 -0.0153143 0.991244 -0.131154 -0.129744 0.280625 0.130158 0.950951 -0.0838173 0 0 0 1
5 0.693463 0.587654 -0.416859 -0.641809 -0.23424 0.731031 0.640879 0.697882 0.681352 -0.34678 0.644595 -0.0410423 0 0 0 1
6 0.877941 0.0328495 -0.477641 -0.368403 -0.0449092 0.998895 -0.013848 -0.000100405 0.476658 0.0336081 0.878446 -0.142 0 0 0 1
7 0.966621 0.209957 -0.146841 -0.314902 -0.0616916 0.746991 0.661966 0.712145 0.248673 -0.630811 0.73501 0.31239 0 0 0 1
8 0.9989 -0.0200356 -0.0424055 -0.0223214 0.0340289 0.931822 0.361317 0.333237 0.0322752 -0.362363 0.931478 0.217571 0 0 0 1
9 0.999508 0.012715 -0.0286873 -0.0272344 0.00582881 0.823079 0.567897 0.532683 0.0308327 -0.567784 0.8226 0.365186 0 0 0 1
#####################################################
*BONEANIMATION, BONEINDEX=2, NFRAMES=10
0 0.991597 0.111013 0.0664243 -0.141073 -0.10963 0.99368 -0.0241241 0.289412 -0.0686826 0.0166393 0.9975 0.36689 0 0 0 1
1 0.842649 -0.371178 -0.390089 0.114386 -0.477649 -0.180812 -0.859743 0.573813 0.248585 0.910787 -0.329654 0.110899 0 0 0 1
2 0.275886 -0.960233 0.0428915 0.0221188 -0.712148 -0.234171 -0.661822 0.545072 0.645548 0.152043 -0.748433 0.24037 0 0 0 1
3 0.85075 -0.286844 -0.440392 0.101051 -0.436133 0.082279 -0.896113 0.5916 0.293279 0.954437 -0.0551031 0.182263 0 0 0 1
4 0.655643 -0.167086 -0.736352 0.177484 0.0579634 0.983469 -0.171549 0.0621689 0.752843 0.0697938 0.654489 -0.108701 0 0 0 1
5 0.604765 -0.555568 -0.570617 0.161545 -0.772861 -0.236486 -0.588863 0.515616 0.19221 0.797131 -0.572396 0.100483 0 0 0 1
6 0.998357 0.0391835 -0.041803 0.00170307 -0.0481721 0.179019 -0.982666 0.608339 -0.0310208 0.983065 0.180613 0.191383 0 0 0 1
7 0.913684 0.127914 -0.385773 -0.00731585 -0.113529 0.991725 0.0599477 0.0583403 0.390248 -0.0109769 0.920644 0.0267671 0 0 0 1
8 0.667232 -0.0626187 -0.742213 0.133432 0.125841 0.991613 0.0294681 0.0746782 0.734143 -0.113063 0.669516 0.115947 0 0 0 1
9 0.924426 -0.113938 -0.363944 0.085821 -0.0836174 0.870548 -0.484927 0.221219 0.372082 0.478711 0.79523 0.0744493 0 0 0 1
#####################################################
*BONEANIMATION, BONEINDEX=3, NFRAMES=10
0 0.982915 0.0940907 0.158194 -0.0944696 -0.179759 0.675445 0.715165 0.0453578 -0.0395606 -0.731383 0.680818 0.360593 0 0 0 1
1 0.98138 -0.0635573 0.181258 -0.0526751 -0.122672 0.518754 0.846077 0.0910509 -0.147803 -0.852558 0.501298 0.459385 0 0 0 1
2 0.476387 0.294748 -0.828359 -0.1817 0.132813 0.907201 0.399182 -0.0048854 0.869146 -0.300183 0.393033 0.214425 0 0 0 1
3 0.998774 -0.0215764 -0.044547 -0.0036109 0.00675832 0.951007 -0.309095 0.106895 0.0490337 0.308415 0.949987 -0.219029 0 0 0 1
4 0.9913 0.0833595 -0.101859 -0.114828 0.0213979 0.661522 0.74962 0.0600112 0.12987 -0.745278 0.653983 0.460346 0 0 0 1
5 0.963896 0.0613558 -0.259113 -0.0439563 0.0355104 0.93478 0.353447 -0.0252983 0.263899 -0.349887 0.898853 0.181309 0 0 0 1
6 0.993659 0.0248837 -0.109644 0.0350523 0.0775662 0.554236 0.828738 0.163416 0.0813905 -0.831988 0.548791 0.548646 0 0 0 1
7 0.996261 0.0115285 0.0856225 -0.103825 -0.0757169 0.593783 0.801055 0.131811 -0.0416063 -0.804542 0.592436 0.564822 0 0 0 1
8 0.968452 -0.0711139 -0.238838 0.0535068 0.00760579 0.966406 -0.256907 0.130286 0.249084 0.246985 0.936459 -0.283228 0 0 0 1
9 0.998977 -0.0277734 -0.0357 0.00420528 0.0190937 0.974449 -0.223798 0.0694519 0.0410034 0.222887 0.973982 -0.189475 0 0 0 1
#####################################################
*BONEANIMATION, BONEINDEX=4, NFRAMES=10
0 0.928931 0.0715983 -0.363263 0.0560221 -0.170198 0.953895 -0.247218 0.150374 0.328815 0.291476 0.898289 -0.270067 0 0 0 1
1 0.960248 0.278818 0.0136177 -0.305682 -0.248738 0.876757 -0.411615 0.236505 -0.126705 0.391865 0.911256 -0.381823 0 0 0 1
2 0.0843106 -0.431809 -0.898016 0.381167 -0.0225627 0.900167 -0.434961 0.255386 0.996184 0.0569336 0.0661508 0.157138 0 0 0 1
3 0.948973 0.295767 0.109421 -0.369959 -0.24937 0.916177 -0.313743 0.178674 -0.193044 0.270448 0.943182 -0.270276 0 0 0 1
4 0.981113 -0.000182145 -0.193434 -0.0151571 -0.0739241 0.92374 -0.375818 0.244658 0.178752 0.38302 0.90628 -0.339053 0 0 0 1
5 0.790302 -0.190102 -0.58248 0.30725 -0.101164 0.89712 -0.430048 0.237733 0.604308 0.398794 0.689765 -0.244384 0 0 0 1
6 0.923313 -0.189249 -0.334182 0.30852 -0.100546 0.720688 -0.685929 0.547662 0.370652 0.666928 0.646393 -0.520746 0 0 0 1
7 0.942912 0.176639 -0.282341 -0.0923662 -0.182228 0.983234 0.00656054 0.0953623 0.278766 0.0452644 0.959292 -0.0513522 0 0 0 1
8 0.948549 -0.222921 -0.224858 0.218121 -0.225233 0.0240837 -0.974007 1.2145 0.222542 0.974539 -0.0273646 -0.539479 0 0 0 1
9 0.915305 0.265494 -0.302868 -0.148009 -0.371064 0.848281 -0.377799 0.245952 0.156614 0.458184 0.874951 -0.387489 0 0 0 1
#####################################################
*BONEANIMATION, BONEINDEX=5, NFRAMES=10
0 0.996848 -0.0206551 -0.0765988 -0.0663587 -0.0167665 0.888856 -0.457881 -0.122304 0.0775429 0.457722 0.885708 0.0384895 0 0 0 1
1 0.933271 -0.353779 0.0620069 0.0153047 0.341503 0.820556 -0.458327 -0.0856819 0.111267 0.448919 0.886618 0.0454233 0 0 0 1
2 0.95827 -0.149286 -0.243787 0.0476524 -0.0111905 0.832562 -0.553818 -0.206228 0.285645 0.533435 0.796149 -0.249805 0 0 0 1
3 0.76074 -0.108994 -0.63984 -0.307385 0.0893499 0.994 -0.063091 0.0256069 0.642877 -0.00917378 0.765914 -0.165977 0 0 0 1
4 0.627075 0.013088 -0.778849 -0.396334 -0.0327436 0.999418 -0.00956837 0.028592 0.77827 0.0315024 0.627139 -0.229343 0 0 0 1
5 0.962119 -0.146813 -0.229722 -0.0140522 -0.00635517 0.830313 -0.557261 -0.207358 0.272555 0.537612 0.797927 -0.309703 0 0 0 1
6 0.99949 -0.0200799 -0.0248231 0.0102679 0.01579 0.986612 -0.162317 0.0313332 0.0277501 0.161842 0.986426 0.142078 0 0 0 1
7 0.895848 -0.107677 -0.431116 -0.258521 0.180706 0.974629 0.132075 0.156898 0.405957 -0.196224 0.892578 0.0178573 0 0 0 1
8 0.883313 -0.154313 -0.442658 -0.19426 0.252157 0.952431 0.171151 0.206126 0.39519 -0.262799 0.880205 -0.066381 0 0 0 1
9 0.85546 -0.0487618 -0.515568 -0.277799 0.0293001 0.99852 -0.0458223 0.0302774 0.51704 0.0240929 0.855622 -0.166756 0 0 0 1
#####################################################
*BONEANIMATION, BONEINDEX=6, NFRAMES=10
0 0.996926 -0.00740891 -0.0780008 0.0129201 0.00761764 0.999968 0.00237875 -0.0260636 0.0779807 -0.00296561 0.99695 -0.00890554 0 0 0 1
1 0.999973 -0.00326548 0.00651927 -0.0228148 0.00378041 0.996739 -0.080604 0.00952143 -0.0062348 0.0806265 0.996725 -0.0923558 0 0 0 1
2 0.783605 -0.0405617 -0.619933 -0.00431327 0.0701377 0.997263 0.0234052 0.0288544 0.617287 -0.0618211 0.784305 0.0405007 0 0 0 1
3 0.999853 0.0158602 -0.00657783 -0.0292237 -0.0161037 0.999118 -0.0387764 0.00481565 0.00595702 0.0388766 0.999226 -0.0460672 0 0 0 1
4 0.992776 0.0198549 -0.118327 -0.0658521 -0.0170744 0.999555 0.0244657 0.022492 0.11876 -0.0222686 0.992673 0.00534796 0 0 0 1
5 0.985867 0.0132667 -0.167005 -0.0336074 -0.0187787 0.999328 -0.0314689 0.0234847 0.166475 0.0341602 0.985454 -0.0571375 0 0 0 1
6 0.996437 -0.0293443 -0.0790711 0.00923688 0.033867 0.997829 0.0564762 0.00781431 0.0772422 -0.0589529 0.995268 0.0061763 0 0 0 1
7 0.998272 0.0369214 -0.0457192 -0.0726568 -0.0299207 0.988933 0.145317 0.0293876 0.0505785 -0.143698 0.988328 0.109227 0 0 0 1
8 0.992789 0.0218814 -0.117861 -0.0144736 -0.0411544 0.985657 -0.163668 0.0207417 0.112589 0.167338 0.97945 -0.198813 0 0 0 1
9 0.999953 0.00431295 -0.00862715 -0.0194277 -0.00493652 0.997274 -0.0736167 0.000131336 0.00828613 0.0736559 0.997249 -0.0781043 0 0 0 1
#####################################################
*BONEANIMATION, BONEINDEX=7, NFRAMES=10
0 0.929555 0.0763167 -0.360699 0.0463808 -0.175578 0.951911 -0.251074 0.152109 0.324192 0.296718 0.898253 -0.276877 0 0 0 1
1 0.953932 0.299906 0.00843607 -0.318882 -0.269614 0.869238 -0.414407 0.239267 -0.131616 0.393041 0.910053 -0.365923 0 0 0 1
2 0.0905688 -0.429312 -0.898604 0.39094 -0.0167172 0.90153 -0.432394 0.25512 0.99575 0.0541836 0.0744736 0.142677 0 0 0 1
3 0.943565 0.315143 0.101831 -0.377478 -0.268752 0.908275 -0.320639 0.185453 -0.193538 0.275176 0.941712 -0.254535 0 0 0 1
4 0.981931 -0.00585217 -0.189149 -0.0164733 -0.06759 0.922748 -0.379431 0.239984 0.176757 0.385359 0.905679 -0.330997 0 0 0 1
5 0.794443 -0.188437 -0.577367 0.303603 -0.0967382 0.899252 -0.426601 0.23631 0.599585 0.394763 0.696175 -0.25761 0 0 0 1
6 0.925071 -0.185886 -0.331194 0.297652 -0.100584 0.72099 -0.685607 0.543727 0.366232 0.667548 0.64827 -0.518297 0 0 0 1
7 0.942959 0.179721 -0.28023 -0.0938804 -0.18535 0.982651 0.00651464 0.0969013 0.276539 0.0457978 0.959911 -0.0523985 0 0 0 1
8 0.947341 -0.228642 -0.224206 0.21112 -0.227685 0.0114009 -0.973668 1.20372 0.225177 0.973444 -0.0412579 -0.530384 0 0 0 1
9 0.910924 0.278977 -0.303955 -0.153435 -0.383883 0.843057 -0.376682 0.255638 0.151166 0.459812 0.875055 -0.386868 0 0 0 1
#####################################################
*BONEANIMATION, BONEINDEX=8, NFRAMES=10
0 0.883517 0.0116249 -0.468255 0.174024 -0.247689 0.86008 -0.445995 0.322906 0.397552 0.510026 0.762775 -0.451178 0 0 0 1
1 0.929745 0.156527 -0.333276 -0.0218895 -0.32527 0.773329 -0.544207 0.376385 0.172549 0.614379 0.769913 -0.552327 0 0 0 1
2 0.321399 -0.478681 -0.817048 0.440459 0.190974 0.877863 -0.439188 0.276618 0.927487 -0.0148805 0.37356 0.041966 0 0 0 1
3 0.974351 0.167879 -0.149856 -0.104874 -0.216122 0.883646 -0.415284 0.234989 0.0627021 0.43702 0.897264 -0.417479 0 0 0 1
4 0.899988 0.204459 -0.384991 -0.128626 -0.304968 0.92638 -0.220941 0.152329 0.311475 0.316254 0.896084 -0.284074 0 0 0 1
5 0.890282 -0.301135 -0.341637 0.310451 0.125002 0.882947 -0.452525 0.261711 0.437918 0.360169 0.823715 -0.326665 0 0 0 1
6 0.875369 -0.157825 -0.456969 0.348537 -0.185372 0.7634 -0.618755 0.462923 0.446505 0.626347 0.639001 -0.520554 0 0 0 1
7 0.936808 0.189315 -0.294196 -0.108672 -0.206115 0.978158 -0.0268883 0.108514 0.28268 0.0858274 0.955367 -0.122986 0 0 0 1
8 0.872349 0.0368331 -0.487495 0.0915882 -0.447353 0.462336 -0.765585 0.664498 0.197188 0.885939 0.419796 -0.713651 0 0 0 1
9 0.968442 0.0872363 -0.233473 -0.00616502 -0.183668 0.883015 -0.431916 0.232609 0.168481 0.461167 0.871171 -0.420534 0 0 0 1
#####################################################
*BONEANIMATION, BONEINDEX=9, NFRAMES=10
0 0.998362 0.0079578 0.0566569 0.0377902 -0.0299046 0.916819 0.398181 0.239851 -0.0487754 -0.399224 0.915555 0.226392 0 0 0 1
1 0.994898 -0.062719 0.0790237 0.0740787 0.0309007 0.935073 0.353106 0.220776 -0.0960394 -0.348863 0.93224 0.159103 0 0 0 1
2 0.962902 0.00237604 -0.26984 -0.0184241 -0.0298524 0.994762 -0.0977666 -0.0500698 0.268195 0.102195 0.957929 -0.00752617 0 0 0 1
3 0.999133 -0.0171699 -0.0379201 -0.011398 0.0145915 0.997629 -0.0672579 -0.0284036 0.038985 0.0666463 0.997015 -0.0345202 0 0 0 1
4 0.987184 0.0238465 -0.157796 -0.0575559 -0.0312597 0.998513 -0.0446651 -0.0274538 0.156496 0.0490253 0.986461 -0.00171263 0 0 0 1
5 0.986986 0.00346796 -0.160768 -0.0229449 -0.0170921 0.996366 -0.083439 -0.0422688 0.159894 0.0851009 0.983459 -0.0534233 0 0 0 1
6 0.998058 -0.0514349 0.0351425 0.0607355 0.0298077 0.889684 0.455603 0.300404 -0.0546997 -0.45367 0.889489 0.242213 0 0 0 1
7 0.994547 -0.010069 0.103799 0.0229106 -0.00938475 0.982648 0.185241 0.141192 -0.103863 -0.185205 0.977196 0.119253 0 0 0 1
8 0.998818 -0.047604 0.0097999 0.0422098 0.046693 0.995832 0.078344 0.0925326 -0.0134885 -0.0777938 0.996878 -0.0217355 0 0 0 1
9 0.999787 0.000348892 -0.0206184 -0.00882562 -0.00234363 0.995301 -0.0968008 -0.0377909 0.0204878 0.0968286 0.99509 -0.0815714 0 0 0 1
#####################################################
*BONEANIMATION, BONEINDEX=10, NFRAMES=10
0 0.97527 0.0027969 0.220998 0.093996 -0.0854808 0.926878 0.365499 0.210016 -0.203816 -0.375351 0.904196 0.122122 0 0 0 1
1 0.991246 0.036088 0.127002 0.0043471 -0.0628742 0.97487 0.213718 0.0818613 -0.116098 -0.219833 0.968605 0.0776074 0 0 0 1
2 0.97498 0.132895 -0.178194 -0.0128464 -0.129937 0.991121 0.0282173 -0.0226261 0.180362 -0.00435718 0.983591 0.0354616 0 0 0 1
3 0.996963 0.0541274 0.0559836 -0.0264358 -0.0572043 0.996852 0.0549015 0.00133934 -0.0528356 -0.0579373 0.996921 -0.0126097 0 0 0 1
4 0.99292 0.069463 -0.0963552 -0.0812184 -0.0651659 0.996765 0.047052 -0.0376084 0.0993118 -0.0404398 0.994234 0.00626588 0 0 0 1
5 0.986478 0.0705454 -0.147935 -0.0698717 -0.0745927 0.996972 -0.0219845 -0.0440523 0.145937 0.0327222 0.988753 -0.0487694 0 0 0 1
6 0.99836 0.0356841 0.0447575 0.0380969 -0.0420874 0.987571 0.151434 0.117423 -0.0387974 -0.153069 0.987454 0.0556163 0 0 0 1
7 0.996836 -0.0143311 0.0781861 0.00430122 0.00803847 0.996745 0.0802119 0.0667369 -0.0790812 -0.0793296 0.993707 0.05553 0 0 0 1
8 0.988872 -0.0198765 0.147434 0.0919398 -0.00225056 0.988922 0.148418 0.159743 -0.14875 -0.147099 0.977873 -0.0602741 0 0 0 1
9 0.996756 0.0101789 0.0798351 0.000227996 -0.0158597 0.997361 0.0708492 0.019265 -0.0789032 -0.0718855 0.994287 -0.027609 0 0 0 1
#####################################################
*BONEANIMATION, BONEINDEX=11, NFRAMES=10
0 0.993316 -0.107315 -0.0425189 0.00728793 -0.0372142 0.0509605 -0.998007 0.55165 0.109268 0.992918 0.0466263 0.149234 0 0 0 1
1 0.750883 -0.434079 -0.497744 0.0838715 -0.112966 0.658138 -0.744374 0.414982 0.650702 0.615166 0.445149 0.242261 0 0 0 1
2 0.160598 -0.218983 -0.962421 -0.181244 0.358239 0.921518 -0.149897 0.171991 0.919713 -0.320704 0.226442 0.250588 0 0 0 1
3 0.992051 -0.0890505 0.0889092 -0.0491511 0.09671 0.991597 -0.0859191 0.0577079 -0.080511 0.0938345 0.992327 -0.177613 0 0 0 1
4 0.89519 -0.282569 -0.344658 -0.0587523 0.12312 0.900019 -0.4181 0.302181 0.428341 0.331844 0.840478 0.289453 0 0 0 1
5 0.862326 -0.301172 -0.407049 -0.0133206 0.312156 0.949147 -0.0409673 0.130069 0.398688 -0.0917357 0.912487 0.197907 0 0 0 1
6 0.644613 -0.507353 -0.571897 0.123718 0.546766 0.82879 -0.118966 0.411903 0.534341 -0.236007 0.811653 0.460568 0 0 0 1
7 0.922335 -0.293126 -0.251746 -0.0191651 -0.0862433 0.478918 -0.873613 0.514218 0.376644 0.827475 0.416443 0.254266 0 0 0 1
8 0.981036 -0.127168 -0.146274 0.0204669 0.118878 0.990836 -0.0641182 0.0977085 0.153087 0.0455135 0.987164 -0.243981 0 0 0 1
9 0.990421 -0.0938645 0.101268 -0.0388155 0.0979117 0.994553 -0.035753 0.0383804 -0.09736 0.0453259 0.994217 -0.143584 0 0 0 1
#####################################################
*BONEANIMATION, BONEINDEX=12, NFRAMES=10
0 0.999763 -0.0214011 0.00395503 0.0373615 0.0196889 0.811964 -0.583375 -0.178653 0.00927352 0.583314 0.812193 -0.356231 0 0 0 1
1 0.971989 0.0768685 -0.222102 -0.19814 0.0248931 0.906017 0.422509 0.278088 0.233706 -0.416203 0.878725 0.146391 0 0 0 1
2 0.888893 0.0776655 -0.451483 -0.178656 0.0552176 0.960176 0.273886 0.181285 0.454775 -0.268386 0.849205 0.142897 0 0 0 1
3 0.973062 0.0626552 -0.221865 -0.195704 0.0279837 0.923146 0.38343 0.263349 0.228838 -0.37931 0.896525 0.145712 0 0 0 1
4 0.904445 0.0989378 -0.414959 -0.255052 0.0125257 0.966155 0.257659 0.172032 0.426407 -0.238236 0.872594 0.0905008 0 0 0 1
5 0.895922 0.0701488 -0.438637 -0.233282 0.0694568 0.953185 0.294304 0.193777 0.438747 -0.29414 0.849107 0.0759301 0 0 0 1
6 0.997705 -0.0172077 0.0654835 0.0720869 0.0531658 0.797974 -0.600342 -0.18258 -0.0419236 0.602446 0.797058 -0.373291 0 0 0 1
7 0.988125 0.135957 0.0715896 -0.0809955 -0.104728 0.936855 -0.333669 -0.106055 -0.112434 0.322209 0.939968 -0.149182 0 0 0 1
8 0.992962 0.103465 0.0576333 -0.0168646 -0.0837809 0.9576 -0.275651 -0.0635164 -0.0837099 0.268883 0.959528 -0.217301 0 0 0 1
9 0.994788 0.0435001 -0.0922168 -0.0963386 -0.029939 0.989177 0.143643 0.0893858 0.0974672 -0.140133 0.985324 0.0652501 0 0 0 1
#####################################################
*BONEANIMATION, BONEINDEX=13, NFRAMES=10
0 0.991768 0.126901 0.0171073 -0.0406473 -0.127719 0.989928 0.0610799 0.108393 -0.00918393 -0.062762 0.997986 0.0817663 0 0 0 1
1 0.983817 -0.0382368 -0.17505 -0.085879 0.064784 0.98678 0.148554 0.129656 0.167055 -0.15749 0.973288 0.0773804 0 0 0 1
2 0.835907 -0.0736858 -0.543903 -0.138063 -0.188567 0.892078 -0.410658 -0.166973 0.515463 0.445834 0.731799 -0.247988 0 0 0 1
3 0.967379 -0.138744 -0.21196 -0.0545254 0.0612903 0.940014 -0.335586 -0.118184 0.245806 0.311648 0.917854 -0.169212 0 0 0 1
4 0.889069 -0.0770765 -0.451237 -0.18102 -0.065575 0.954114 -0.292176 -0.126828 0.453051 0.289354 0.843219 -0.176904 0 0 0 1
5 0.818167 -0.121799 -0.561932 -0.205064 -0.145256 0.901822 -0.406962 -0.162173 0.55633 0.414587 0.720149 -0.298607 0 0 0 1
6 0.997501 0.0541912 0.0453413 0.0199528 -0.0587775 0.992539 0.106829 0.148346 -0.0392138 -0.109227 0.993243 0.119012 0 0 0 1
7 0.99727 -0.0222983 -0.07039 -0.0685136 0.00447613 0.969814 -0.243804 -0.0683544 0.0737016 0.242823 0.967267 -0.0326369 0 0 0 1
8 0.99702 -0.0194858 -0.0746416 -0.00961191 0.00467065 0.981045 -0.193722 -0.0215796 0.0770016 0.192796 0.978213 -0.10816 0 0 0 1
9 0.990266 -0.0261024 -0.136721 -0.0640953 -0.0267287 0.928317 -0.370827 -0.14304 0.1366 0.370872 0.918583 -0.224922 0 0 0 1
#####################################################
*BONEANIMATION, BONEINDEX=14, NFRAMES=10
0 0.933642 0.0806919 -0.349 0.0408827 -0.195399 0.931301 -0.307404 0.202002 0.300219 0.3552 0.885269 -0.308457 0 0 0 1
1 0.979336 0.201265 -0.0198492 -0.213791 -0.187007 0.863818 -0.467811 0.271337 -0.0770081 0.461856 0.883606 -0.401146 0 0 0 1
2 0.166555 -0.40802 -0.897652 0.356844 0.042894 0.912504 -0.406812 0.245581 0.985099 0.0292525 0.169483 0.102763 0 0 0 1
3 0.974752 0.206896 0.0839777 -0.266804 -0.165065 0.92095 -0.352995 0.196606 -0.150373 0.330221 0.931849 -0.289961 0 0 0 1
4 0.980109 0.0745301 -0.183932 -0.0945241 -0.136897 0.924904 -0.354699 0.229322 0.143684 0.372823 0.91671 -0.311495 0 0 0 1
5 0.838022 -0.208471 -0.50424 0.263231 -0.0206264 0.911369 -0.411073 0.232343 0.545246 0.354889 0.759448 -0.253083 0 0 0 1
6 0.94874 -0.182401 -0.258114 0.247974 -0.0623913 0.692511 -0.718705 0.568657 0.309839 0.697968 0.645632 -0.518893 0 0 0 1
7 0.949187 0.188114 -0.252305 -0.110076 -0.183385 0.982128 0.0423497 0.0877964 0.255762 0.00607123 0.966721 -0.0175789 0 0 0 1
8 0.966281 -0.199126 -0.16325 0.137808 -0.162972 0.0179023 -0.986468 1.15311 0.199354 0.97981 -0.0151534 -0.523504 0 0 0 1
9 0.952122 0.169329 -0.254543 -0.0842136 -0.265925 0.869471 -0.416298 0.252714 0.150827 0.464056 0.872871 -0.375623 0 0 0 1
#####################################################
*BONEANIMATION, BONEINDEX=15, NFRAMES=10
0 0.818161 0.272636 -0.506243 -0.0221546 0.27026 0.59478 0.757097 0.046386 0.507516 -0.756244 0.412943 0.461477 0 0 0 1
1 0.936743 -0.0287338 -0.348837 0.0471556 0.238984 0.780667 0.577447 -0.0368459 0.255734 -0.624286 0.738151 0.265321 0 0 0 1
2 0.329164 0.136716 -0.934323 -0.0247722 0.10616 0.977832 0.180483 -0.00947653 0.938286 -0.158597 0.307353 0.0758778 0 0 0 1
3 0.967837 0.070781 -0.241416 -0.0175538 0.171384 0.516993 0.838657 0.0742711 0.184171 -0.853058 0.488234 0.498027 0 0 0 1
4 0.942838 -0.169563 -0.286887 0.0610639 0.0855868 0.955207 -0.283292 0.0818519 0.322072 0.242545 0.915118 -0.181897 0 0 0 1
5 0.933113 0.057517 -0.354953 -0.039934 0.0122559 0.981464 0.191257 -0.0212214 0.359374 -0.182814 0.915112 0.00413646 0 0 0 1
6 0.977222 -0.114002 -0.178997 0.108964 0.209569 0.385564 0.898566 0.160713 -0.0334234 -0.915611 0.400673 0.541558 0 0 0 1
7 0.992397 -0.00741624 -0.122853 -0.054596 0.00362996 0.999512 -0.0310147 0.0486652 0.123023 0.0303329 0.99194 -0.0182238 0 0 0 1
8 0.888161 0.0907562 -0.45048 0.0170056 0.118083 0.902312 0.414596 -0.0373577 0.444101 -0.421422 0.790682 0.104694 0 0 0 1
9 0.993004 0.0225654 -0.115904 -0.00528813 0.0504947 0.806144 0.589561 -0.0215463 0.106739 -0.591289 0.799365 0.278427 0 0 0 1
#####################################################
*BONEANIMATION, BONEINDEX=16, NFRAMES=10
0 0.999967 -0.00457176 -0.00669387 -0.00560238 0.00484223 0.999149 0.0409636 -0.0109928 0.0065009 -0.0409947 0.999138 0.0266282 0 0 0 1
1 0.999947 -0.00176021 -0.010151 -0.0104981 0.00022843 0.988842 -0.148966 0.0223651 0.0103 0.148956 0.98879 -0.139176 0 0 0 1
2 0.492961 -0.0744055 -0.866864 0.0361926 0.0722783 0.996395 -0.0444209 0.00842237 0.867044 -0.0407576 0.496562 0.0536925 0 0 0 1
3 0.999156 0.0321986 -0.0255114 -0.040393 -0.0345348 0.99467 -0.0971586 0.0216634 0.0222471 0.0979576 0.994942 -0.0993521 0 0 0 1
4 0.984972 0.034969 -0.169138 -0.0559687 -0.0344379 0.999388 0.00607399 0.00259236 0.169247 -0.000157951 0.985574 -6.33942e-005 0 0 0 1
5 0.957047 -0.0142583 -0.289581 0.0121145 -0.0130052 0.995674 -0.0920062 0.00971753 0.28964 0.0918203 0.952721 -0.0812166 0 0 0 1
6 0.993722 -0.0834784 -0.074481 0.0842621 0.0856471 0.995975 0.0264093 0.000500404 0.0719767 -0.0326226 0.996873 0.00389683 0 0 0 1
7 0.991848 0.0645984 -0.109842 -0.0723874 -0.0435627 0.981938 0.18412 0.00415382 0.119751 -0.177834 0.976747 0.162194 0 0 0 1
8 0.985413 0.0689007 -0.155608 -0.0673774 -0.11624 0.940349 -0.319738 0.0915879 0.124296 0.333162 0.934641 -0.331613 0 0 0 1
9 0.998754 0.00662227 -0.0494586 -0.0115274 -0.0130924 0.991208 -0.131666 0.0273478 0.0481518 0.13215 0.99006 -0.126048 0 0 0 1
#####################################################
*BONEANIMATION, BONEINDEX=17, NFRAMES=10
0 0.99944 0.0328153 -0.00662102 -0.0569163 -0.0325923 0.998976 0.0313658 -0.0028086 0.00764353 -0.0311324 0.999486 0.0508025 0 0 0 1
1 0.999571 -0.0163274 0.0242956 0.0245423 0.0160861 0.99982 0.0100964 -0.0349708 -0.0244561 -0.00970123 0.999654 -0.0169623 0 0 0 1
2 0.973768 -0.00783607 -0.227407 0.00582916 0.0130264 0.999688 0.0213323 -0.0236165 0.227169 -0.023735 0.973566 0.0653172 0 0 0 1
3 0.999921 -0.00984481 -0.00781276 0.0109978 0.00977748 0.999915 -0.00861091 -0.022945 0.00789687 0.00853385 0.999932 -0.0190607 0 0 0 1
4 0.993198 0.00692486 -0.11623 -0.00305077 -0.00264903 0.999315 0.0369019 -0.0148156 0.116406 -0.036343 0.992537 0.0453943 0 0 0 1
5 0.990333 -0.0134799 -0.138056 0.0180935 0.0136571 0.999907 0.000336303 -0.0347239 0.138039 -0.0022185 0.990424 0.00380962 0 0 0 1
6 0.999504 -0.00506978 0.0310934 0.00676805 0.00501896 0.999986 0.00171231 -0.0209591 -0.0311016 -0.0015554 0.999515 0.0265671 0 0 0 1
7 0.997478 0.0475824 0.0526698 -0.0469494 -0.0450833 0.997846 -0.0476603 0.00013991 -0.0548241 0.0451655 0.997474 0.0133548 0 0 0 1
8 0.999269 -0.00126837 -0.0382091 -0.0259274 -0.00116939 0.997968 -0.0637108 -0.0119408 0.0382122 0.0637089 0.997237 -0.132263 0 0 0 1
9 0.999903 -0.00261215 -0.0136606 0.00117615 0.00255762 0.999989 -0.0040077 -0.0161866 0.0136709 0.00397238 0.999899 -0.0360492 0 0 0 1
#####################################################
*BONEANIMATION, BONEINDEX=18, NFRAMES=10
0 0.993657 -0.0967072 0.0573817 0.0762812 0.103648 0.985569 -0.133828 -0.0861719 -0.0436115 0.138927 0.989342 -0.0820504 0 0 0 1
1 0.987758 0.148091 -0.0490256 -0.143159 -0.10289 0.85471 0.508807 0.349428 0.117253 -0.497534 0.859483 0.226843 0 0 0 1
2 0.935041 0.250794 -0.250599 -0.179403 -0.0946301 0.857732 0.505312 0.34337 0.341676 -0.448774 0.825748 0.248802 0 0 0 1
3 0.984313 0.163006 -0.067502 -0.153012 -0.107028 0.855844 0.506039 0.357555 0.140259 -0.490876 0.859865 0.228485 0 0 0 1
4 0.967584 0.204943 -0.147578 -0.189035 -0.114909 0.877624 0.465372 0.312504 0.224893 -0.433329 0.872725 0.231785 0 0 0 1
5 0.960362 0.23318 -0.15275 -0.180133 -0.127643 0.854995 0.502684 0.351098 0.247816 -0.463261 0.850868 0.207017 0 0 0 1
6 0.994966 -0.0811728 0.0587652 0.0621152 0.0883933 0.987162 -0.133031 -0.072761 -0.0472123 0.137556 0.989368 -0.0783 0 0 0 1
7 0.997274 0.0731448 0.00975073 -0.0850634 -0.0697542 0.97755 -0.198824 -0.0566651 -0.0240748 0.197602 0.979987 -0.113733 0 0 0 1
8 0.99889 0.0390097 0.0263992 -0.00923681 -0.0333074 0.981271 -0.18973 -0.0352301 -0.033306 0.18864 0.981481 -0.204921 0 0 0 1
9 0.995653 0.0854091 -0.037154 -0.0790752 -0.0736765 0.966254 0.246828 0.161749 0.0569816 -0.243018 0.968347 0.106958 0 0 0 1
#####################################################
*BONEANIMATION, BONEINDEX=19, NFRAMES=10
0 0.928615 0.0811141 -0.362069 0.0372429 -0.183091 0.94891 -0.256998 0.152381 0.322724 0.304944 0.896024 -0.291135 0 0 0 1
1 0.955806 0.293913 0.00703335 -0.325685 -0.264933 0.871443 -0.412793 0.2315 -0.127454 0.392687 0.910798 -0.35934 0 0 0 1
2 0.104283 -0.436863 -0.893463 0.416185 -0.0243338 0.896971 -0.441419 0.259776 0.99425 0.067774 0.0829086 0.117578 0 0 0 1
3 0.947086 0.305595 0.0981844 -0.37818 -0.26086 0.911037 -0.319317 0.178199 -0.187031 0.276808 0.942548 -0.24865 0 0 0 1
4 0.980562 -0.00557413 -0.196132 -0.00744248 -0.0699932 0.923896 -0.376187 0.227576 0.183303 0.382603 0.905547 -0.336392 0 0 0 1
5 0.800614 -0.185217 -0.569835 0.305911 -0.102078 0.894959 -0.434314 0.239516 0.590421 0.405885 0.69761 -0.287305 0 0 0 1
6 0.925051 -0.182259 -0.333261 0.298706 -0.104432 0.72152 -0.684473 0.546354 0.365206 0.667975 0.648409 -0.535759 0 0 0 1
7 0.943269 0.179429 -0.279374 -0.0967133 -0.185255 0.982674 0.00563734 0.0978728 0.275545 0.0464378 0.960166 -0.0595828 0 0 0 1
8 0.943504 -0.237642 -0.230927 0.234264 -0.234671 0.0128163 -0.97199 1.21945 0.233946 0.971268 -0.0436754 -0.552043 0 0 0 1
9 0.913197 0.273564 -0.302051 -0.155032 -0.378323 0.844596 -0.378852 0.263122 0.151471 0.46024 0.874778 -0.396942 0 0 0 1
#####################################################
*BONEANIMATION, BONEINDEX=20, NFRAMES=10
0 0.999456 0.0306443 0.0121983 0.0433147 0.0189546 -0.230975 -0.972775 -0.282074 -0.0269925 0.972477 -0.231431 -0.895596 0 0 0 1
1 0.974398 0.0772044 0.211157 0.0315448 -0.0382557 0.98243 -0.182668 -0.02787 -0.221549 0.169913 0.960232 0.175088 0 0 0 1
2 0.959802 0.0134456 -0.280356 -0.0872304 -0.0172058 0.999792 -0.0109552 0.0533174 0.28015 0.0153385 0.959834 0.212356 0 0 0 1
3 0.967917 0.211886 -0.135056 -0.162024 -0.250816 0.84698 -0.468739 -0.122164 0.0150707 0.487575 0.872951 0.0725746 0 0 0 1
4 0.946824 0.117427 -0.299558 -0.210054 -0.180137 0.964894 -0.191129 -0.0277677 0.266598 0.234927 0.934738 0.0989574 0 0 0 1
5 0.962955 0.0174692 -0.269095 -0.145044 -0.0248689 0.9994 -0.0241138 0.0506057 0.268513 0.0299126 0.962812 0.138883 0 0 0 1
6 0.998459 0.0179711 0.0524951 0.0726423 0.0448701 0.295032 -0.954433 -0.310569 -0.0326399 0.955318 0.293771 -0.652906 0 0 0 1
7 0.922676 0.123119 0.36539 0.0973401 -0.164031 0.982957 0.0829981 0.115602 -0.348944 -0.136516 0.927147 -0.0698515 0 0 0 1
8 0.93399 0.0745907 0.349428 0.160161 -0.134704 0.979312 0.151003 0.165781 -0.330936 -0.188104 0.924715 -0.148823 0 0 0 1
9 0.967141 0.156935 0.200027 0.0552656 -0.184663 0.97438 0.128389 0.118581 -0.174753 -0.161107 0.971342 0.107003 0 0 0 1
#####################################################
*VERTEXWEIGHTS, NVERTICES=42321  #(vtx0Based bone0 w0 bone1 w1 ... )
0  7 0.950028 4 0.0453202 14 0.00430912 16 0.000342334
1  7 0.949882 4 0.0454197 14 0.00435494 16 0.000342847
2  7 0.94999 4 0.0453333 14 0.00432995 16 0.000346883
3  7 0.950102 4 0.0452458 14 0.00430164 16 0.000350191
4  7 0.950205 4 0.045168 14 0.0042747 16 0.000352364
5  7 0.950276 4 0.0451183 14 0.00425259 16 0.000352914
6  7 0.95031 4 0.0450983 14 0.00423964 16 0.000351805
7  7 0.950305 4 0.0451082 14 0.00423748 16 0.000349405
8  7 0.950256 4 0.0451525 14 0.00424594 16 0.00034586
9  7 0.950172 4 0.045222 14 0.00426396 16 0.000341797
10  7 0.950066 4 0.0453071 14 0.00428878 16 0.000337841
11  7 0.949953 4 0.0453951 14 0.00431718 16 0.000334473
12  7 0.949853 4 0.0454705 14 0.00434384 16 0.000332365
13  7 0.949781 4 0.0455208 14 0.00436602 16 0.000331752
14  7 0.949743 4 0.0455447 14 0.00437949 16 0.000332732
15  7 0.949748 4 0.0455347 14 0.0043817 16 0.000335174
16  7 0.949799 4 0.0454891 14 0.00437332 16 0.000338751
17  7 0.950054 4 0.045234 14 0.00436631 16 0.00034537
18  7 0.949927 4 0.045335 14 0.00439717 16 0.000340499
19  7 0.950191 4 0.045128 14 0.00433187 16 0.000349367
20  7 0.950312 4 0.0450366 14 0.00429928 16 0.000351844
21  7 0.950403 4 0.0449707 14 0.00427337 16 0.00035252
22  7 0.950449 4 0.0449412 14 0.00425815 16 0.00035125
23  7 0.950443 4 0.0449536 14 0.00425498 16 0.000348278
24  7 0.950388 4 0.0450023 14 0.0042658 16 0.000344033
25  7 0.950294 4 0.0450789 14 0.00428777 16 0.00033925
26  7 0.950169 4 0.0451785 14 0.00431835 16 0.000334418
27  7 0.950034 4 0.045283 14 0.00435211 16 0.000330518
28  7 0.949911 4 0.0453762 14 0.00438466 16 0.000327951
29  7 0.949818 4 0.0454437 14 0.00441079 16 0.000327193
30  7 0.949769 4 0.0454752 14 0.00442699 16 0.000328363
31  7 0.949774 4 0.0454653 14 0.00442971 16 0.000331309
32  7 0.949832 4 0.045413 14 0.00441981 16 0.000335604
33  7 0.950114 4 0.0451358 14 0.00440649 16 0.000343596
34  7 0.949966 4 0.0452537 14 0.00444262 16 0.000337904
35  7 0.950272 4 0.0450152 14 0.00436494 16 0.000348266
36  7 0.950417 4 0.0449059 14 0.00432622 16 0.000351237
37  7 0.950527 4 0.0448253 14 0.00429563 16 0.000352036
38  7 0.950587 4 0.0447852 14 0.00427769 16 0.000350505
39  7 0.950586 4 0.0447919 14 0.0042747 16 0.000347053
40  7 0.950525 4 0.0448457 14 0.00428724 16 0.000342082
41  7 0.950415 4 0.0449347 14 0.00431377 16 0.000336336
42  7 0.950271 4 0.0450487 14 0.0043495 16 0.000330773
43  7 0.950115 4 0.045169 14 0.00438989 16 0.000326218
44  7 0.949968 4 0.0452798 14 0.00442862 16 0.000323209
45  7 0.949856 4 0.0453623 14 0.00445972 16 0.000322313
46  7 0.949796 4 0.0454014 14 0.00447877 16 0.000323715
47  7 0.949795 4 0.0453957 14 0.00448236 16 0.000327122
48  7 0.949853 4 0.045346 14 0.00446926 16 0.000332103
49  7 0.95016 4 0.0450494 14 0.00444872 16 0.000341689
50  7 0.949994 4 0.0451793 14 0.00449172 16 0.000335105
51  7 0.950343 4 0.0449092 14 0.00440059 16 0.000347036
52  7 0.950512 4 0.0447825 14 0.00435517 16 0.000350432
53  7 0.950645 4 0.0446844 14 0.00431959 16 0.000351327
54  7 0.950719 4 0.0446333 14 0.00429853 16 0.000349627
55  7 0.950722 4 0.0446371 14 0.00429563 16 0.000345513
56  7 0.950658 4 0.0446914 14 0.00431055 16 0.000339744
57  7 0.950537 4 0.0447887 14 0.00434154 16 0.00033322
58  7 0.950372 4 0.0449174 14 0.00438375 16 0.000326838
59  7 0.950191 4 0.0450561 14 0.00443115 16 0.000321498
60  7 0.95002 4 0.0451859 14 0.00447631 16 0.000318044
61  7 0.949885 4 0.0452851 14 0.00451245 16 0.000317026
62  7 0.949808 4 0.0453391 14 0.00453423 16 0.000318614
63  7 0.949802 4 0.0453371 14 0.00453804 16 0.000322599
64  7 0.949867 4 0.0452813 14 0.00452312 16 0.000328415
65  7 0.950188 4 0.0449784 14 0.00449397 16 0.000339474
66  7 0.950001 4 0.045122 14 0.00454461 16 0.00033197
67  7 0.950399 4 0.0448168 14 0.0044385 16 0.000345674
68  7 0.950595 4 0.0446693 14 0.00438644 16 0.000349453
69  7 0.950749 4 0.0445559 14 0.0043451 16 0.000350472
70  7 0.950839 4 0.0444917 14 0.00432104 16 0.000348458
71  7 0.950851 4 0.0444871 14 0.00431784 16 0.00034382
72  7 0.950788 4 0.0445392 14 0.00433605 16 0.000337241
73  7 0.950654 4 0.0446437 14 0.00437215 16 0.000329793
74  7 0.950468 4 0.044789 14 0.00442086 16 0.000322478
75  7 0.950265 4 0.044943 14 0.00447579 16 0.000316407
76  7 0.950067 4 0.0450926 14 0.00452792 16 0.00031255
77  7 0.949907 4 0.0452117 14 0.00456983 16 0.000311343
78  7 0.94981 4 0.0452818 14 0.0045948 16 0.00031313
79  7 0.949793 4 0.0452905 14 0.00459847 16 0.000317679
80  7 0.949863 4 0.0452318 14 0.00458125 16 0.000324356
81  7 0.950196 4 0.0449238 14 0.00454319 16 0.000337026
82  7 0.949985 4 0.0450855 14 0.00460064 16 0.000328584
83  7 0.950433 4 0.0447436 14 0.00447961 16 0.000344012
84  7 0.950656 4 0.0445766 14 0.00441939 16 0.000348353
85  7 0.950834 4 0.0444445 14 0.00437239 16 0.000349361
86  7 0.950945 4 0.0443628 14 0.00434538 16 0.000347108
87  7 0.950967 4 0.044349 14 0.00434212 16 0.000341793
88  7 0.950902 4 0.0444008 14 0.00436309 16 0.000334437
89  7 0.950757 4 0.0445122 14 0.0044047 16 0.00032596
90  7 0.950554 4 0.0446681 14 0.00446055 16 0.000317735
91  7 0.950322 4 0.0448431 14 0.00452354 16 0.000310932
92  7 0.950092 4 0.0450184 14 0.00458292 16 0.000306453
93  7 0.949908 4 0.0451569 14 0.00463033 16 0.000305214
94  7 0.949791 4 0.0452429 14 0.00465901 16 0.000307235
95  7 0.949766 4 0.0452582 14 0.00466345 16 0.000312386
96  7 0.949834 4 0.0452035 14 0.0046427 16 0.000319899
97  7 0.947655 4 0.0469269 14 0.00541803
98  7 0.947478 4 0.0470613 14 0.00546053
99  7 0.94788 4 0.0467548 14 0.00536561
100  7 0.948122 4 0.0465652 14 0.00531284
101  7 0.948344 4 0.0463893 14 0.00526721
102  7 0.948508 4 0.0462565 14 0.00523532
103  7 0.948597 4 0.0461802 14 0.00522235
104  7 0.948593 4 0.0461782 14 0.0052286
105  7 0.9485 4 0.0462451 14 0.00525454
106  7 0.948326 4 0.0463794 14 0.00529465
107  7 0.948104 4 0.0465508 14 0.00534569
108  7 0.947862 4 0.0467398 14 0.00539778
109  7 0.947637 4 0.0469182 14 0.00544459
110  7 0.947468 4 0.047053 14 0.00547846
111  7 0.947378 4 0.0471277 14 0.00549378
112  7 0.947381 4 0.0471321 14 0.00548721
113  7 0.947708 4 0.046802 14 0.00548949
114  7 0.947513 4 0.0469501 14 0.00553713
115  7 0.947963 4 0.0466059 14 0.00543125
116  7 0.948235 4 0.0463942 14 0.00537131
117  7 0.948489 4 0.0461907 14 0.00532054
118  7 0.948681 4 0.0460348 14 0.00528422
119  7 0.948791 4 0.0459391 14 0.00526946
120  7 0.948798 4 0.0459247 14 0.00527717
121  7 0.948696 4 0.0459979 14 0.00530561
122  7 0.948509 4 0.0461396 14 0.00535151
123  7 0.948257 4 0.0463349 14 0.00540786
124  7 0.947981 4 0.0465522 14 0.00546654
125  7 0.947724 4 0.046757 14 0.00551933
126  7 0.947524 4 0.0469183 14 0.00555725
127  7 0.947413 4 0.0470134 14 0.00557391
128  7 0.94741 4 0.0470225 14 0.00556756
129  7 0.947713 4 0.0467217 14 0.00556481
130  7 0.9475 4 0.0468808 14 0.00561874
131  7 0.947996 4 0.0465046 14 0.00549943
132  7 0.948302 4 0.0462653 14 0.00543222
133  7 0.948592 4 0.046033 14 0.00537512
134  7 0.948817 4 0.0458474 14 0.00533526
135  7 0.948947 4 0.0457345 14 0.00531853
136  7 0.948961 4 0.0457119 14 0.00532666
137  7 0.948858 4 0.0457835 14 0.00535829
138  7 0.948651 4 0.0459394 14 0.00540946
139  7 0.948369 4 0.0461592 14 0.00547181
140  7 0.948062 4 0.0464 14 0.00553833
141  7 0.947765 4 0.0466377 14 0.00559713
142  7 0.947534 4 0.0468263 14 0.0056397
143  7 0.947403 4 0.0469372 14 0.00565948
144  7 0.94739 4 0.0469575 14 0.00565207
145  7 0.947658 4 0.0466984 14 0.00564345
146  7 0.947426 4 0.0468707 14 0.0057034
147  7 0.94797 4 0.0464601 14 0.00557004
148  7 0.948315 4 0.046189 14 0.00549591
149  7 0.948639 4 0.0459287 14 0.00543197
150  7 0.948897 4 0.0457161 14 0.00538722
151  7 0.949049 4 0.0455831 14 0.00536766
152  7 0.949075 4 0.0455482 14 0.0053767
153  7 0.948968 4 0.0456203 14 0.0054119
154  7 0.948743 4 0.0457891 14 0.0054679
155  7 0.948434 4 0.0460272 14 0.00553846
156  7 0.948085 4 0.0463028 14 0.00561184
157  7 0.947753 4 0.0465692 14 0.0056779
158  7 0.947488 4 0.0467853 14 0.00572619
159  7 0.947334 4 0.0469177 14 0.00574865
160  7 0.947311 4 0.0469486 14 0.00574059
161  7 0.947532 4 0.0467418 14 0.00572597
162  7 0.947281 4 0.0469264 14 0.00579276
163  7 0.947874 4 0.0464818 14 0.00564456
164  7 0.948256 4 0.0461815 14 0.00556208
165  7 0.948618 4 0.0458918 14 0.00549016
166  7 0.948908 4 0.045652 14 0.00543971
167  7 0.949086 4 0.0454961 14 0.00541791
168  7 0.949124 4 0.0454487 14 0.00542773
169  7 0.949014 4 0.0455204 14 0.00546578
170  7 0.948771 4 0.0457008 14 0.0055283
171  7 0.948432 4 0.0459625 14 0.00560588
172  7 0.948048 4 0.046264 14 0.00568846
173  7 0.947675 4 0.0465623 14 0.00576283
174  7 0.947372 4 0.046811 14 0.005817
175  7 0.947191 4 0.0469663 14 0.00584228
176  7 0.947161 4 0.0470045 14 0.00583413
177  7 0.947323 4 0.0468629 14 0.00581429
178  7 0.947052 4 0.0470598 14 0.00588858
179  7 0.947694 4 0.046583 14 0.00572316
180  7 0.948112 4 0.0462576 14 0.0056307
181  7 0.948512 4 0.0459379 14 0.00555036
182  7 0.948836 4 0.0456706 14 0.00549345
183  7 0.949039 4 0.0454931 14 0.00546835
184  7 0.94909 4 0.045432 14 0.0054785
185  7 0.948977 4 0.0455027 14 0.00552031
186  7 0.948718 4 0.0456924 14 0.00558942
187  7 0.948347 4 0.0459777 14 0.00567508
188  7 0.947923 4 0.0463094 14 0.00576736
189  7 0.94751 4 0.0466391 14 0.00585083
190  7 0.947175 4 0.0469129 14 0.00591258
191  7 0.946969 4 0.0470884 14 0.00594219
192  7 0.946927 4 0.0471388 14 0.00593371
193  7 0.947012 4 0.0470804 14 0.0059075
194  7 0.946722 4 0.0472881 14 0.00598953
195  7 0.947415 4 0.0467784 14 0.00580672
196  7 0.947869 4 0.0464272 14 0.00570338
197  7 0.948306 4 0.0460813 14 0.00561296
198  7 0.948665 4 0.0457855 14 0.00554923
199  7 0.948895 4 0.045585 14 0.0055201
200  7 0.948956 4 0.0455153 14 0.00552866
201  7 0.948841 4 0.0455848 14 0.00557441
202  7 0.948564 4 0.0457856 14 0.0056501
203  7 0.948165 4 0.0460885 14 0.00574627
204  7 0.947703 4 0.0464471 14 0.00584972
205  7 0.947247 4 0.0468098 14 0.0059432
206  7 0.946877 4 0.0471094 14 0.00601393
207  7 0.946646 4 0.0473061 14 0.0060477
208  7 0.946592 4 0.0473687 14 0.00603904
209  7 0.946119 4 0.0474388 19 0.00034511 14 0.00609739
210  7 0.945632 4 0.0476791 19 0.000469376 14 0.00621957
211  7 0.946706 4 0.0471049 19 0.000232634 14 0.00595599
212  7 0.94732 4 0.0467183 19 0.000143689 14 0.00581797
213  7 0.947862 4 0.0463412 19 9.32343e-005 14 0.00570344
214  7 0.948266 4 0.0460208 19 8.41539e-005 14 0.00562862
215  7 0.94847 4 0.0458091 19 0.000119156 14 0.00560222
216  7 0.948447 4 0.0457353 19 0.000189709 14 0.00562781
217  7 0.948202 4 0.0458132 19 0.000284161 14 0.00570081
218  7 0.947747 4 0.0460428 19 0.000396937 14 0.0058129
219  7 0.947161 4 0.046383 19 0.000507367 14 0.00594851
220  7 0.946521 4 0.0467878 19 0.000602655 14 0.00608816
