#####################################################
# (c) Binh Le (bhle2@cs.uh.edu)
#
# Running time: 94.388 (s)
# Repeat      : 11
#
#####################################################
*OBJFILENAME
..\Data\horse-collapse.obj
#####################################################
*BONEANIMATION, BONEINDEX=0, NFRAMES=53
0 1 -7.16094e-015 3.92741e-015 9.6411e-015 -3.88578e-015 1 -6.15827e-017 1.11771e-014 -2.77556e-017 9.04658e-016 1 -7.77156e-016 0 0 0 1
1 1 -0.000658481 0.000163216 0.000775253 0.000658391 1 0.000547207 -0.00300265 -0.000163576 -0.000547099 1 0.000349076 0 0 0 1
2 0.999999 -0.00144424 0.00031738 0.00167851 0.00144376 0.999998 0.0015067 -0.00728709 -0.000319556 -0.00150624 0.999999 0.00103239 0 0 0 1
3 0.999997 -0.00259268 0.000471534 0.00296655 0.00259107 0.999991 0.00337908 -0.0150681 -0.00048029 -0.00337785 0.999994 0.00236239 0 0 0 1
4 0.999992 -0.00394261 0.00055771 0.00441089 0.00393899 0.999972 0.0063578 -0.0247709 -0.000582761 -0.00635555 0.99998 0.004756 0 0 0 1
5 0.999985 -0.00542026 0.000606429 0.00593787 0.00541316 0.999923 0.0111569 -0.0353948 -0.000666856 -0.0111534 0.999938 0.00905463 0 0 0 1
6 0.999974 -0.00726774 0.00042277 0.00764768 0.00725974 0.999836 0.0165635 -0.0474753 -0.00054308 -0.0165599 0.999863 0.0141479 0 0 0 1
7 0.999953 -0.00967791 -0.00027986 0.00952079 0.0096817 0.99972 0.0215732 -0.061411 7.09982e-005 -0.0215749 0.999767 0.0192703 0 0 0 1
8 0.999923 -0.0123302 -0.00122444 0.0114671 0.012358 0.999581 0.0261573 -0.076787 0.000901405 -0.0261704 0.999657 0.0241566 0 0 0 1
9 0.999886 -0.0149056 -0.00237426 0.0132249 0.01497 0.999441 0.0299032 -0.0933461 0.00192721 -0.0299354 0.99955 0.028233 0 0 0 1
10 0.999844 -0.0173555 -0.00336898 0.0150258 0.0174574 0.999302 0.0330374 -0.111024 0.00279325 -0.0330911 0.999448 0.0317609 0 0 0 1
11 0.999787 -0.0202652 -0.00385888 0.0176389 0.0203896 0.999161 0.0355171 -0.129379 0.00313588 -0.0355882 0.999362 0.0346505 0 0 0 1
12 0.99976 -0.0215897 -0.00373326 0.0194032 0.0217165 0.999036 0.0381441 -0.149008 0.00290614 -0.038216 0.999265 0.0377709 0 0 0 1
13 0.999816 -0.0189952 -0.00275051 0.0185026 0.0190919 0.998981 0.0409001 -0.171222 0.0019708 -0.0409451 0.999159 0.0412843 0 0 0 1
14 0.999878 -0.0155319 -0.00165276 0.0171322 0.0155884 0.998963 0.0427849 -0.195873 0.000986519 -0.0428055 0.999083 0.0440669 0 0 0 1
15 0.999906 -0.0136941 -0.000613539 0.017496 0.0137078 0.998953 0.0436433 -0.222623 1.52417e-005 -0.0436476 0.999047 0.0458779 0 0 0 1
16 0.999936 -0.0112843 -0.000676495 0.0165759 0.0113033 0.998921 0.0450449 -0.250401 0.000167466 -0.0450497 0.998985 0.0480599 0 0 0 1
17 0.999894 -0.0145564 0.000192953 0.0215607 0.0145287 0.998652 0.0498235 -0.277166 -0.000917944 -0.0498154 0.998758 0.0529435 0 0 0 1
18 0.999766 -0.021557 0.00190887 0.0306482 0.0214202 0.998271 0.0547316 -0.304662 -0.00308542 -0.0546779 0.998499 0.0574653 0 0 0 1
19 0.999598 -0.0281675 0.00307226 0.03894 0.0279426 0.997932 0.057884 -0.334347 -0.00469635 -0.0577749 0.998319 0.0597951 0 0 0 1
20 0.999397 -0.0344705 0.00413733 0.0468856 0.0341832 0.997827 0.0563201 -0.366545 -0.00606972 -0.0561447 0.998404 0.0573774 0 0 0 1
21 0.999199 -0.0397031 0.00495216 0.0537231 0.0394448 0.998235 0.0443947 -0.402572 -0.00670603 -0.0441639 0.999002 0.0451748 0 0 0 1
22 0.999153 -0.0408339 0.00507737 0.0560838 0.0406856 0.998821 0.0264993 -0.441156 -0.00615345 -0.0262702 0.999636 0.0270648 0 0 0 1
23 0.999298 -0.0371029 0.00514979 0.0537385 0.0370668 0.999289 0.00693274 -0.480541 -0.00540335 -0.00673699 0.999963 0.00657989 0 0 0 1
24 0.999562 -0.0293125 0.00397063 0.0463653 0.0293637 0.999478 -0.0134951 -0.519872 -0.00357298 0.0136058 0.999901 -0.015131 0 0 0 1
25 0.999823 -0.0188007 0.000920427 0.0346859 0.0188206 0.999301 -0.0322902 -0.558222 -0.000312705 0.0323018 0.999478 -0.0353394 0 0 0 1
26 0.999976 -0.00627106 -0.00297816 0.0200726 0.00611037 0.99867 -0.0512023 -0.595674 0.00329529 0.0511828 0.998684 -0.0556061 0 0 0 1
27 0.999932 0.00893203 -0.00751 0.0019056 -0.00943887 0.997474 -0.0704079 -0.632225 0.00686214 0.070474 0.99749 -0.0759344 0 0 0 1
28 0.999537 0.0277033 -0.0126174 -0.0204114 -0.0287342 0.995474 -0.0905896 -0.66678 0.0100507 0.0909102 0.995808 -0.0967441 0 0 0 1
29 0.998495 0.0517924 -0.0180277 -0.0482458 -0.0535182 0.992015 -0.114204 -0.698679 0.0119689 0.114997 0.993294 -0.120416 0 0 0 1
30 0.996675 0.0777116 -0.0244954 -0.0786898 -0.0803545 0.987243 -0.137459 -0.726282 0.0135008 0.13897 0.990205 -0.143265 0 0 0 1
31 0.994056 0.103679 -0.0332035 -0.110825 -0.107645 0.981623 -0.157573 -0.747934 0.0162564 0.16021 0.986949 -0.162293 0 0 0 1
32 0.990748 0.128955 -0.0423051 -0.142593 -0.134409 0.975481 -0.174273 -0.76482 0.0187945 0.178347 0.983788 -0.177434 0 0 0 1
33 0.987157 0.151603 -0.0503773 -0.171019 -0.158402 0.969808 -0.185425 -0.777462 0.0207453 0.191023 0.981366 -0.186437 0 0 0 1
34 0.983217 0.173053 -0.0577706 -0.197845 -0.181082 0.964256 -0.193441 -0.787149 0.0222301 0.200655 0.97941 -0.191589 0 0 0 1
35 0.978885 0.194012 -0.0643739 -0.223759 -0.203123 0.958541 -0.199852 -0.795059 0.0229311 0.208708 0.977709 -0.194209 0 0 0 1
36 0.974217 0.214389 -0.0702735 -0.248676 -0.224441 0.952647 -0.205158 -0.801252 0.0229621 0.215641 0.976203 -0.195136 0 0 0 1
37 0.969052 0.234932 -0.075795 -0.27354 -0.245856 0.946114 -0.210767 -0.806022 0.022195 0.222878 0.974594 -0.196136 0 0 0 1
38 0.96396 0.253762 -0.0799121 -0.295726 -0.265261 0.939806 -0.215408 -0.809622 0.0204393 0.228843 0.973249 -0.195652 0 0 0 1
39 0.959967 0.268135 -0.0810354 -0.31136 -0.279573 0.935098 -0.217786 -0.812661 0.01738 0.231722 0.972627 -0.191949 0 0 0 1
40 0.956293 0.280982 -0.0809432 -0.324564 -0.292089 0.930862 -0.219498 -0.815219 0.0136718 0.233547 0.972249 -0.187151 0 0 0 1
41 0.952144 0.294751 -0.0808914 -0.338577 -0.3055 0.926034 -0.221656 -0.817153 0.0095746 0.235761 0.971764 -0.18277 0 0 0 1
42 0.947835 0.308287 -0.081044 -0.352436 -0.318713 0.920961 -0.224171 -0.818788 0.00552927 0.238307 0.971174 -0.178965 0 0 0 1
43 0.943397 0.321337 -0.0821205 -0.36644 -0.331658 0.9156 -0.227331 -0.820319 0.00213948 0.2417 0.970349 -0.176545 0 0 0 1
44 0.938944 0.333784 -0.0834981 -0.380048 -0.344068 0.910073 -0.231052 -0.821963 -0.00113232 0.245674 0.969352 -0.175043 0 0 0 1
45 0.934564 0.34558 -0.0846455 -0.392874 -0.355762 0.904368 -0.235694 -0.82422 -0.00490042 0.250384 0.968134 -0.174452 0 0 0 1
46 0.930349 0.356458 -0.0859588 -0.404911 -0.366581 0.898857 -0.240153 -0.826414 -0.00833987 0.254937 0.966922 -0.174021 0 0 0 1
47 0.926556 0.365787 -0.0877186 -0.415676 -0.376003 0.893955 -0.243858 -0.828575 -0.0107836 0.25893 0.965836 -0.173345 0 0 0 1
48 0.922635 0.375095 -0.0897103 -0.4266 -0.385479 0.88948 -0.245423 -0.828922 -0.0122614 0.261017 0.965256 -0.171267 0 0 0 1
49 0.917922 0.385873 -0.0923091 -0.439449 -0.396585 0.885405 -0.242442 -0.825117 -0.0118209 0.259151 0.965764 -0.165908 0 0 0 1
50 0.913311 0.396185 -0.0943429 -0.451601 -0.407107 0.881727 -0.238373 -0.819678 -0.0112552 0.256117 0.96658 -0.160404 0 0 0 1
51 0.909468 0.405003 -0.0940238 -0.460963 -0.415577 0.878526 -0.235558 -0.813758 -0.0127991 0.253306 0.967301 -0.156685 0 0 0 1
52 0.90596 0.413046 -0.0928929 -0.469101 -0.4231 0.875608 -0.233017 -0.807614 -0.0149092 0.250407 0.968026 -0.153506 0 0 0 1
#####################################################
*BONEANIMATION, BONEINDEX=1, NFRAMES=53
0 1 6.7741e-016 1.21084e-015 -1.74701e-015 -2.91434e-016 1 -7.45064e-016 1.26793e-014 4.85723e-016 -7.03376e-017 1 1.11022e-016 0 0 0 1
1 1 -0.000193361 3.5662e-005 0.000224755 0.000193257 0.999996 0.00290043 -0.0038261 -3.62227e-005 -0.00290042 0.999996 0.0041212 0 0 0 1
2 1 -0.000505121 0.000105064 0.000595676 0.000504295 0.99997 0.0077145 -0.0101211 -0.000108958 -0.00771444 0.99997 0.0108235 0 0 0 1
3 0.999999 -0.00108905 0.000298813 0.00127649 0.00108359 0.999843 0.0176963 -0.0228826 -0.000318039 -0.017696 0.999843 0.0245662 0 0 0 1
4 0.999998 -0.00202696 0.000475583 0.0024621 0.00201137 0.999524 0.0307742 -0.0396705 -0.000537735 -0.0307732 0.999526 0.0425041 0 0 0 1
5 0.999994 -0.00352378 0.000476934 0.00453244 0.00349808 0.998933 0.0460473 -0.0596567 -0.000638686 -0.0460454 0.998939 0.0633485 0 0 0 1
6 0.999985 -0.00541058 0.000357084 0.00721093 0.0053771 0.997978 0.0633324 -0.0820545 -0.000699027 -0.0633295 0.997992 0.0869961 0 0 0 1
7 0.999971 -0.0076309 0.000140274 0.010397 0.00759337 0.996568 0.0824276 -0.106204 -0.000768789 -0.0824241 0.996597 0.113253 0 0 0 1
8 0.99995 -0.00997681 -0.000174239 0.0137972 0.00994214 0.994686 0.102478 -0.130977 -0.00084909 -0.102475 0.994735 0.141036 0 0 0 1
9 0.999925 -0.0122091 -0.000553574 0.0170523 0.0121849 0.992385 0.122572 -0.155112 -0.000947135 -0.12257 0.992459 0.169169 0 0 0 1
10 0.999897 -0.0143414 -0.00098322 0.0201777 0.0143351 0.989676 0.142601 -0.178755 -0.00107203 -0.1426 0.98978 0.197414 0 0 0 1
11 0.999869 -0.0161209 -0.00147195 0.0228147 0.0161444 0.986382 0.163677 -0.201557 -0.00118671 -0.163679 0.986513 0.227668 0 0 0 1
12 0.999832 -0.0182232 -0.00175923 0.0258122 0.01824 0.983254 0.181325 -0.224011 -0.00157455 -0.181327 0.983422 0.2524 0 0 0 1
13 0.999763 -0.0217285 -0.00159954 0.0305979 0.0216351 0.981435 0.190569 -0.246997 -0.00257094 -0.190558 0.981672 0.262946 0 0 0 1
14 0.999673 -0.0255101 -0.00152824 0.0359161 0.0253239 0.980787 0.19343 -0.270429 -0.00343554 -0.193405 0.981113 0.26296 0 0 0 1
15 0.999585 -0.0287227 -0.00198508 0.040865 0.028578 0.981447 0.189592 -0.294138 -0.00349735 -0.18957 0.981861 0.252293 0 0 0 1
16 0.999502 -0.0314139 -0.00287922 0.0454327 0.0314132 0.982801 0.181979 -0.318429 -0.00288697 -0.181979 0.983298 0.235624 0 0 0 1
17 0.999361 -0.0355491 -0.00368548 0.0520184 0.0356507 0.984286 0.172947 -0.343406 -0.00252055 -0.172968 0.984924 0.21687 0 0 0 1
18 0.999157 -0.0408161 -0.00447393 0.0602341 0.0409987 0.985729 0.163269 -0.368783 -0.00225393 -0.163315 0.986571 0.197136 0 0 0 1
19 0.998917 -0.0462168 -0.00532975 0.0687077 0.0464851 0.986897 0.154513 -0.394311 -0.00188117 -0.154593 0.987976 0.178841 0 0 0 1
20 0.998658 -0.0513911 -0.00637368 0.0770068 0.0517697 0.9878 0.146873 -0.420706 -0.00125205 -0.147006 0.989135 0.162183 0 0 0 1
21 0.998415 -0.055756 -0.00772654 0.0843822 0.0562883 0.988389 0.141134 -0.448802 -0.000232233 -0.141345 0.98996 0.148195 0 0 0 1
22 0.998232 -0.058698 -0.00932277 0.0899115 0.0594219 0.988812 0.136819 -0.478027 0.00118749 -0.137131 0.990552 0.136293 0 0 0 1
23 0.9981 -0.0605951 -0.0111324 0.0941341 0.0615419 0.989041 0.134205 -0.508178 0.00287826 -0.134635 0.990891 0.126995 0 0 0 1
24 0.998087 -0.0604705 -0.0128516 0.0954372 0.0616429 0.98924 0.132681 -0.539161 0.00469002 -0.133219 0.991075 0.119355 0 0 0 1
25 0.998258 -0.0572648 -0.0141928 0.0921401 0.0586377 0.989557 0.131676 -0.570773 0.00650415 -0.132279 0.991191 0.112521 0 0 0 1
26 0.998497 -0.0526057 -0.0153582 0.0866555 0.0541682 0.989894 0.131059 -0.602833 0.00830851 -0.131694 0.991256 0.106242 0 0 0 1
27 0.998769 -0.0468014 -0.0164539 0.0794408 0.0485525 0.990259 0.130499 -0.635198 0.0101861 -0.131137 0.991312 0.0999974 0 0 0 1
28 0.999031 -0.0404904 -0.0172302 0.0712225 0.0423932 0.990585 0.130173 -0.667955 0.0117972 -0.130777 0.991342 0.094014 0 0 0 1
29 0.999256 -0.0344186 -0.017388 0.0628184 0.036391 0.990846 0.130001 -0.701098 0.0127544 -0.130537 0.991361 0.0880773 0 0 0 1
30 0.999416 -0.0294756 -0.0172965 0.0557983 0.0314811 0.990981 0.130254 -0.734716 0.0133012 -0.130723 0.99133 0.0827919 0 0 0 1
31 0.999485 -0.0271216 -0.0171582 0.0523981 0.0291435 0.99091 0.131332 -0.769061 0.0134403 -0.131765 0.99119 0.0789177 0 0 0 1
32 0.999498 -0.0265761 -0.0172309 0.0517121 0.0286333 0.990719 0.132873 -0.803781 0.0135397 -0.1333 0.990983 0.0758877 0 0 0 1
33 0.999452 -0.0278432 -0.0179201 0.0540655 0.0300096 0.990407 0.134881 -0.838669 0.0139927 -0.135344 0.9907 0.0737812 0 0 0 1
34 0.999374 -0.0298846 -0.0189528 0.057784 0.0321999 0.990084 0.136735 -0.873494 0.0146787 -0.137259 0.990426 0.0715532 0 0 0 1
35 0.999291 -0.0317308 -0.0202543 0.0614371 0.034225 0.989865 0.137823 -0.907946 0.0156758 -0.138418 0.99025 0.0681795 0 0 0 1
36 0.999222 -0.0330091 -0.0215802 0.0643455 0.0356807 0.989766 0.13817 -0.94211 0.0167985 -0.138832 0.990173 0.0636983 0 0 0 1
37 0.999203 -0.0328809 -0.0226186 0.0651118 0.0356833 0.989879 0.137352 -0.975851 0.0178734 -0.13805 0.990264 0.0574028 0 0 0 1
38 0.999217 -0.0318045 -0.0235232 0.0645103 0.034718 0.990086 0.136105 -1.00951 0.0189613 -0.136815 0.990415 0.0504769 0 0 0 1
39 0.99925 -0.0300674 -0.0243901 0.0630532 0.0330955 0.990276 0.135123 -1.04344 0.0200901 -0.135829 0.990529 0.0440249 0 0 0 1
40 0.999318 -0.0271843 -0.0249999 0.0598471 0.0303033 0.990479 0.134289 -1.07755 0.0211113 -0.134955 0.990627 0.0378694 0 0 0 1
41 0.999432 -0.0225621 -0.0250421 0.05379 0.0257142 0.990692 0.133675 -1.11185 0.021793 -0.134243 0.990709 0.0321526 0 0 0 1
42 0.999543 -0.0171017 -0.0249357 0.0464694 0.0202769 0.990879 0.133221 -1.14632 0.02243 -0.133666 0.990773 0.0267301 0 0 0 1
43 0.999624 -0.0111974 -0.0250374 0.0387022 0.0144334 0.991004 0.13305 -1.18108 0.0233224 -0.133362 0.990793 0.0217154 0 0 0 1
44 0.999669 -0.00531459 -0.025175 0.0310028 0.00860882 0.991131 0.132612 -1.21579 0.0242469 -0.132785 0.990848 0.0162999 0 0 0 1
45 0.999682 -0.000209254 -0.0252142 0.024319 0.00352591 0.991301 0.131567 -1.2503 0.0249673 -0.131614 0.990987 0.00993912 0 0 0 1
46 0.999668 0.00473617 -0.0253115 0.0179055 -0.00142204 0.991594 0.129379 -1.28431 0.0257115 -0.129301 0.991272 0.00192356 0 0 0 1
47 0.999632 0.0104087 -0.0250551 0.010126 -0.00718617 0.992076 0.12543 -1.31803 0.0261621 -0.125204 0.991786 -0.00878528 0 0 0 1
48 0.999542 0.015666 -0.0258757 0.00389312 -0.0124629 0.992742 0.119614 -1.34971 0.0275618 -0.119237 0.992483 -0.0217789 0 0 0 1
49 0.999381 0.0185973 -0.0298559 0.00342835 -0.0152691 0.994026 0.108068 -1.37737 0.0316873 -0.107545 0.993695 -0.0423122 0 0 0 1
50 0.999156 0.0221288 -0.0345951 0.00352086 -0.018512 0.994655 0.101579 -1.40177 0.036658 -0.100853 0.994226 -0.054128 0 0 0 1
51 0.998829 0.0297632 -0.0381532 -0.00108856 -0.0252316 0.993138 0.114197 -1.42284 0.0412903 -0.1131 0.992725 -0.0358291 0 0 0 1
52 0.998365 0.0394276 -0.0413973 -0.00811599 -0.0335905 0.990508 0.133289 -1.44208 0.0462596 -0.131681 0.990212 -0.00716368 0 0 0 1
#####################################################
*BONEANIMATION, BONEINDEX=2, NFRAMES=53
0 1 4.71845e-016 -4.44089e-015 1.83649e-015 -6.38378e-016 1 1.38778e-017 -3.07611e-017 4.82947e-015 1.38778e-017 1 -2.498e-016 0 0 0 1
1 1 -0.000406957 0.000504064 -0.000137599 0.000406 0.999998 0.00189725 -0.00441714 -0.000504835 -0.00189705 0.999998 0.000452578 0 0 0 1
2 1 0.00020372 0.000260976 -0.000407479 -0.000204849 0.999991 0.00433191 -0.0109251 -0.000260091 -0.00433196 0.999991 0.0010472 0 0 0 1
3 0.999995 -0.00167823 -0.00264898 -0.000317636 0.00169394 0.999981 0.00594025 -0.0246345 0.00263896 -0.00594471 0.999979 0.00189012 0 0 0 1
4 0.999947 0.00867643 -0.00553052 -0.00186382 -0.00860571 0.999883 0.0126841 -0.0385372 0.00563993 -0.0126358 0.999904 0.00320764 0 0 0 1
5 0.998736 0.049882 -0.00612661 -0.007365 -0.0496605 0.998249 0.0321412 -0.0452569 0.00771915 -0.0317963 0.999465 0.0053952 0 0 0 1
6 0.993261 0.115798 -0.00492792 -0.0160235 -0.115297 0.991516 0.0600193 -0.049467 0.0118362 -0.0590467 0.998185 0.0080535 0 0 0 1
7 0.978736 0.205112 -0.00211914 -0.027533 -0.204018 0.97448 0.0936251 -0.0541242 0.0212687 -0.0912019 0.995605 0.010416 0 0 0 1
8 0.949468 0.313844 0.003507 -0.0406183 -0.311531 0.940991 0.132227 -0.0556646 0.0381985 -0.126638 0.991213 0.012672 0 0 0 1
9 0.90037 0.434883 0.0145113 -0.053993 -0.430589 0.885687 0.173643 -0.0517601 0.0626617 -0.162591 0.984702 0.01497 0 0 0 1
10 0.825619 0.563327 0.0318765 -0.0667527 -0.556043 0.802754 0.215411 -0.0422788 0.0957581 -0.195572 0.976003 0.0167691 0 0 0 1
11 0.719508 0.692066 0.0579081 -0.0781712 -0.681153 0.686978 0.253163 -0.0260009 0.135424 -0.221597 0.965689 0.01799 0 0 0 1
12 0.591007 0.801873 0.0878113 -0.0844015 -0.786174 0.548189 0.285339 -0.00693856 0.180669 -0.237672 0.954395 0.017621 0 0 0 1
13 0.460897 0.879841 0.115993 -0.083268 -0.857083 0.407405 0.315325 0.00839721 0.23018 -0.244748 0.941868 0.0153382 0 0 0 1
14 0.336923 0.931374 0.13793 -0.0765774 -0.896487 0.272573 0.349307 0.0176633 0.287739 -0.241342 0.926801 0.0109013 0 0 0 1
15 0.212433 0.964846 0.154737 -0.065758 -0.909252 0.137166 0.392996 0.0195961 0.357956 -0.22418 0.906427 0.00406154 0 0 0 1
16 0.108442 0.980193 0.165718 -0.053312 -0.894949 0.0236852 0.44554 0.0154044 0.43279 -0.196624 0.879791 -0.0030746 0 0 0 1
17 0.0262431 0.985716 0.166356 -0.0389301 -0.858979 -0.062887 0.508133 0.0101259 0.511337 -0.156231 0.84506 -0.0100346 0 0 0 1
18 -0.0315066 0.986637 0.159859 -0.0242741 -0.807444 -0.119392 0.577736 0.000339195 0.589102 -0.110875 0.800416 -0.0153653 0 0 0 1
19 -0.0556024 0.987704 0.146114 -0.0111067 -0.745101 -0.13846 0.652421 -0.016198 0.66463 -0.0725936 0.743638 -0.0170905 0 0 0 1
20 -0.0543448 0.991191 0.120773 0.000699122 -0.667752 -0.126003 0.733642 -0.0407794 0.742397 -0.040777 0.668718 -0.0141425 0 0 0 1
21 -0.0269349 0.99681 0.0751225 0.0115585 -0.55596 -0.0773928 0.827598 -0.080415 0.830772 -0.0194738 0.556271 -0.00174617 0 0 0 1
22 0.00890226 0.99982 0.0167392 0.022372 -0.453465 -0.0108832 0.891208 -0.115663 0.89123 -0.0155244 0.453287 0.0133986 0 0 0 1
23 0.0457948 0.998068 -0.0419983 0.0313915 -0.412625 0.0571874 0.909104 -0.133092 0.909749 -0.0243027 0.414446 0.0176262 0 0 0 1
24 0.0816721 0.991365 -0.102594 0.0401404 -0.40794 0.127172 0.904108 -0.141615 0.909348 -0.031988 0.414804 0.0143086 0 0 0 1
25 0.112742 0.980717 -0.159635 0.0482176 -0.439529 0.193309 0.877181 -0.140765 0.891125 -0.0287309 0.452848 0.00398462 0 0 0 1
26 0.143089 0.967326 -0.209299 0.054267 -0.492946 0.253035 0.832453 -0.132632 0.858213 -0.0159413 0.513046 -0.0105237 0 0 0 1
27 0.175039 0.951813 -0.25182 0.0580653 -0.554469 0.30665 0.773647 -0.119458 0.813588 0.00420775 0.581426 -0.0259817 0 0 0 1
28 0.200785 0.937901 -0.28289 0.0592851 -0.6116 0.345593 0.711696 -0.104052 0.765265 0.0301177 0.64301 -0.0400259 0 0 0 1
29 0.209502 0.929795 -0.302638 0.0585023 -0.654372 0.363302 0.663181 -0.0904075 0.726571 0.0590999 0.684545 -0.0507502 0 0 0 1
30 0.209483 0.926116 -0.313728 0.0565681 -0.687204 0.367688 0.626543 -0.0789555 0.695606 0.0843442 0.713455 -0.0590534 0 0 0 1
31 0.202851 0.927754 -0.313246 0.0537241 -0.708027 0.359946 0.607566 -0.0716392 0.676423 0.0985417 0.729891 -0.0648972 0 0 0 1
32 0.192849 0.931201 -0.309312 0.0508501 -0.72299 0.347973 0.596826 -0.0665167 0.663397 0.108532 0.740355 -0.0699083 0 0 0 1
33 0.1839 0.933168 -0.308834 0.0488489 -0.735795 0.339019 0.586236 -0.0623194 0.651757 0.11943 0.748966 -0.07546 0 0 0 1
34 0.175657 0.934402 -0.309899 0.0473815 -0.746678 0.33161 0.576634 -0.0589489 0.641573 0.130105 0.755947 -0.0806739 0 0 0 1
35 0.170127 0.934176 -0.313643 0.0465638 -0.75682 0.327704 0.565539 -0.0557219 0.631095 0.141157 0.762754 -0.0849713 0 0 0 1
36 0.167123 0.932859 -0.319129 0.0460797 -0.765559 0.326747 0.554216 -0.0531326 0.62128 0.15169 0.768766 -0.0885513 0 0 0 1
37 0.167659 0.930452 -0.325807 0.0454881 -0.771734 0.329517 0.543917 -0.0518597 0.613447 0.160243 0.773308 -0.0912513 0 0 0 1
38 0.170496 0.927119 -0.333739 0.0451755 -0.777556 0.334634 0.532378 -0.0507283 0.605258 0.168732 0.777941 -0.0933942 0 0 0 1
39 0.175071 0.922911 -0.342909 0.0454267 -0.785377 0.340947 0.51666 -0.04839 0.593744 0.178861 0.784523 -0.0953106 0 0 0 1
40 0.181304 0.917902 -0.352965 0.0461401 -0.793085 0.348697 0.499427 -0.0458094 0.581503 0.189383 0.791194 -0.0969625 0 0 0 1
41 0.188643 0.912161 -0.363836 0.0474307 -0.799738 0.357707 0.482146 -0.043511 0.569941 0.20002 0.796969 -0.0984944 0 0 0 1
42 0.196831 0.906203 -0.374238 0.0489001 -0.805496 0.36708 0.465219 -0.0413193 0.558958 0.209877 0.802196 -0.0997872 0 0 0 1
43 0.205405 0.900744 -0.382713 0.0502118 -0.810052 0.375922 0.449998 -0.0393866 0.549203 0.217586 0.806866 -0.100727 0 0 0 1
44 0.214343 0.895481 -0.390092 0.0513626 -0.813672 0.38464 0.435878 -0.0375644 0.540365 0.22398 0.811072 -0.101419 0 0 0 1
45 0.22376 0.890288 -0.396634 0.0522072 -0.816327 0.393527 0.422784 -0.035765 0.532486 0.229181 0.814822 -0.101828 0 0 0 1
46 0.23264 0.885378 -0.402474 0.0528167 -0.818381 0.401805 0.41086 -0.0340358 0.525482 0.233794 0.818052 -0.102172 0 0 0 1
47 0.240879 0.880824 -0.407587 0.0530599 -0.820355 0.409192 0.399473 -0.032159 0.518647 0.238141 0.821154 -0.10272 0 0 0 1
48 0.24641 0.876752 -0.413023 0.0534401 -0.821445 0.415089 0.391062 -0.0309482 0.514306 0.242914 0.822486 -0.103232 0 0 0 1
49 0.246123 0.872705 -0.421674 0.0549887 -0.82088 0.419008 0.388057 -0.0314113 0.515344 0.250634 0.819514 -0.103625 0 0 0 1
50 0.243831 0.870444 -0.427638 0.0558307 -0.820667 0.420149 0.387273 -0.032005 0.516771 0.256519 0.81679 -0.103757 0 0 0 1
51 0.241502 0.872755 -0.424235 0.0539838 -0.822014 0.416326 0.388542 -0.0317821 0.515722 0.254893 0.817961 -0.103351 0 0 0 1
52 0.239061 0.876546 -0.417753 0.0512546 -0.823979 0.410745 0.390316 -0.031251 0.51372 0.25091 0.820449 -0.102748 0 0 0 1
#####################################################
*BONEANIMATION, BONEINDEX=3, NFRAMES=53
0 1 -1.39038e-015 4.11997e-016 2.23275e-016 1.34875e-015 1 -8.60423e-016 -4.8991e-016 -3.24393e-016 3.33067e-016 1 -1.44329e-015 0 0 0 1
1 1 -8.18086e-005 7.32455e-005 8.27445e-005 8.16919e-005 0.999999 0.00159169 -0.000206124 -7.33757e-005 -0.00159169 0.999999 0.000129832 0 0 0 1
2 1 -0.000305212 0.000311239 0.000264515 0.00030343 0.999984 0.00571126 0.000867722 -0.000312978 -0.00571117 0.999984 0.000637434 0 0 0 1
3 0.999999 -0.000681799 0.000991168 0.000687618 0.000666453 0.999881 0.0154011 0.0047574 -0.00100155 -0.0154004 0.999881 0.0019225 0 0 0 1
4 0.999997 -0.00180228 0.00192983 0.00131904 0.00173915 0.999479 0.0322294 0.012294 -0.00198691 -0.032226 0.999479 0.00418624 0 0 0 1
5 0.999985 -0.00457917 0.00309012 0.00221158 0.00438551 0.998188 0.06001 0.0254429 -0.00335932 -0.0599955 0.998193 0.00778257 0 0 0 1
6 0.999954 -0.00849693 0.00435504 0.00328548 0.00804291 0.995409 0.0953781 0.0426837 -0.00514547 -0.0953387 0.995432 0.0118276 0 0 0 1
7 0.999896 -0.0132813 0.00560549 0.00446832 0.0123956 0.990627 0.136034 0.0630586 -0.00735965 -0.13595 0.990688 0.015718 0 0 0 1
8 0.999795 -0.0190447 0.00680376 0.00573559 0.0175012 0.983362 0.18081 0.0860004 -0.010134 -0.180654 0.983495 0.0189081 0 0 0 1
9 0.999642 -0.0256284 0.00774925 0.00700455 0.0231841 0.973323 0.228264 0.110817 -0.0133926 -0.228003 0.973568 0.0209355 0 0 0 1
10 0.99943 -0.0327243 0.0082731 0.00811135 0.0291549 0.960436 0.276969 0.136776 -0.0170094 -0.27657 0.960843 0.0214969 0 0 0 1
11 0.999197 -0.0393577 0.00746692 0.00834857 0.03482 0.945449 0.323905 0.162054 -0.0198077 -0.323385 0.94606 0.0202699 0 0 0 1
12 0.998871 -0.0470041 0.00690949 0.00907781 0.041033 0.926841 0.373206 0.189401 -0.0239462 -0.372501 0.927723 0.0176458 0 0 0 1
13 0.998294 -0.0578046 0.00820356 0.0119838 0.0487161 0.902165 0.428631 0.22162 -0.0321778 -0.4275 0.903443 0.0134002 0 0 0 1
14 0.99756 -0.0691653 0.0094561 0.0154266 0.0559452 0.873103 0.484316 0.254926 -0.041754 -0.482605 0.874842 0.00753865 0 0 0 1
15 0.996756 -0.0798482 0.0100816 0.0189802 0.0619108 0.840752 0.53787 0.287944 -0.051424 -0.535501 0.842968 0.000448849 0 0 0 1
16 0.996061 -0.0880698 0.0103141 0.0222326 0.0650705 0.805001 0.589694 0.319963 -0.0602371 -0.5867 0.807561 -0.00815919 0 0 0 1
17 0.995566 -0.0935883 0.00943727 0.0236613 0.0659484 0.766019 0.639426 0.349877 -0.0670719 -0.635969 0.768795 -0.0179236 0 0 0 1
18 0.995135 -0.0982722 0.00701155 0.0239848 0.0665311 0.722792 0.687856 0.379062 -0.072665 -0.684043 0.725813 -0.0297296 0 0 0 1
19 0.994678 -0.10298 0.0033635 0.0240165 0.0674676 0.675642 0.734136 0.407544 -0.077874 -0.730002 0.678994 -0.0439885 0 0 0 1
20 0.994366 -0.105986 -0.00189181 0.0229507 0.0677595 0.621795 0.780243 0.436375 -0.0815185 -0.775975 0.625474 -0.0621647 0 0 0 1
21 0.99441 -0.10525 -0.00847344 0.0204005 0.0653782 0.550702 0.832137 0.469971 -0.0829164 -0.828039 0.554505 -0.0898046 0 0 0 1
22 0.994726 -0.101287 -0.0161627 0.0164244 0.062918 0.478115 0.876041 0.498144 -0.0810043 -0.872438 0.481966 -0.119326 0 0 0 1
23 0.995221 -0.0945048 -0.0245877 0.0110267 0.0636704 0.437089 0.897162 0.508112 -0.0740391 -0.89444 0.441017 -0.134474 0 0 0 1
24 0.995655 -0.0871213 -0.0328893 0.00504619 0.0658266 0.408634 0.910321 0.510824 -0.0658687 -0.908531 0.412593 -0.144531 0 0 0 1
25 0.995766 -0.0820772 -0.0413967 -0.000482487 0.0694078 0.376025 0.924007 0.513429 -0.0602737 -0.922967 0.380129 -0.157535 0 0 0 1
26 0.995646 -0.0775158 -0.0517653 -0.00645697 0.0754757 0.344562 0.935724 0.514087 -0.054697 -0.935558 0.348913 -0.170854 0 0 0 1
27 0.995184 -0.0719188 -0.0666096 -0.0145395 0.0858737 0.311916 0.946221 0.513203 -0.0472744 -0.947384 0.31659 -0.18536 0 0 0 1
28 0.994471 -0.0646545 -0.0827524 -0.0231933 0.0978866 0.285326 0.953419 0.510802 -0.0380314 -0.956247 0.290077 -0.19787 0 0 0 1
29 0.993692 -0.054966 -0.0977466 -0.0314372 0.109104 0.272369 0.955987 0.507163 -0.0259236 -0.960622 0.276648 -0.204566 0 0 0 1
30 0.992762 -0.0451237 -0.111296 -0.0388991 0.11933 0.266166 0.956512 0.503676 -0.013538 -0.96287 0.269625 -0.208499 0 0 0 1
31 0.991867 -0.0370132 -0.12178 -0.0444087 0.127237 0.263323 0.95628 0.501777 -0.00332741 -0.963997 0.265891 -0.211293 0 0 0 1
32 0.991017 -0.030304 -0.130255 -0.0489049 0.133629 0.262805 0.955551 0.500437 0.00527458 -0.964373 0.264493 -0.213055 0 0 0 1
33 0.990203 -0.02534 -0.137317 -0.053116 0.139129 0.262709 0.954792 0.498969 0.0118799 -0.964542 0.26366 -0.214383 0 0 0 1
34 0.989518 -0.0216026 -0.142782 -0.0565907 0.143404 0.263335 0.953987 0.497508 0.0169908 -0.964463 0.263672 -0.215233 0 0 0 1
35 0.989018 -0.0189054 -0.146584 -0.059055 0.146338 0.264311 0.953271 0.495931 0.0207218 -0.964252 0.264175 -0.215769 0 0 0 1
36 0.988712 -0.0164874 -0.148919 -0.0607265 0.147932 0.265064 0.952815 0.494566 0.0237635 -0.96409 0.264511 -0.216358 0 0 0 1
37 0.988647 -0.013484 -0.149652 -0.0615286 0.147858 0.264589 0.952959 0.493829 0.0267465 -0.964267 0.263579 -0.217529 0 0 0 1
38 0.988686 -0.0099896 -0.149667 -0.0620486 0.146986 0.263524 0.953389 0.493411 0.0299168 -0.964601 0.262011 -0.219093 0 0 0 1
39 0.988688 -0.00533162 -0.14989 -0.0629863 0.14604 0.261929 0.953974 0.493239 0.0341744 -0.965072 0.259745 -0.221307 0 0 0 1
40 0.988693 -0.00102128 -0.14995 -0.0638497 0.145045 0.260258 0.954582 0.493131 0.0380508 -0.965538 0.257464 -0.223515 0 0 0 1
41 0.988715 0.00129517 -0.149801 -0.0643572 0.144352 0.259161 0.954986 0.492788 0.0400595 -0.965833 0.256049 -0.22499 0 0 0 1
42 0.98873 0.00282868 -0.149681 -0.064747 0.143878 0.258352 0.955277 0.492392 0.0413727 -0.966047 0.255034 -0.226092 0 0 0 1
43 0.988693 0.00413905 -0.149894 -0.0651707 0.143767 0.257945 0.955403 0.491994 0.042619 -0.966151 0.254434 -0.226821 0 0 0 1
44 0.988654 0.00550103 -0.150109 -0.0655702 0.143644 0.257619 0.95551 0.491642 0.0439273 -0.966231 0.253906 -0.227431 0 0 0 1
45 0.988654 0.00751896 -0.150025 -0.0659314 0.143076 0.257065 0.955744 0.491415 0.0457524 -0.966365 0.253073 -0.22817 0 0 0 1
46 0.988661 0.0097733 -0.149845 -0.0662681 0.142364 0.256429 0.956021 0.491253 0.0477682 -0.966514 0.25213 -0.229013 0 0 0 1
47 0.988686 0.0127452 -0.149455 -0.0665304 0.141263 0.255919 0.956321 0.491024 0.0504368 -0.966614 0.251224 -0.229994 0 0 0 1
48 0.988655 0.0143038 -0.149523 -0.0668889 0.140986 0.255011 0.956605 0.491031 0.0518129 -0.966832 0.250101 -0.231202 0 0 0 1
49 0.988456 0.0108785 -0.151115 -0.0676966 0.143522 0.252271 0.956954 0.491856 0.0485321 -0.967595 0.247798 -0.23316 0 0 0 1
50 0.988247 0.00731448 -0.152691 -0.0682349 0.146053 0.249699 0.957245 0.492717 0.0451285 -0.968296 0.245696 -0.235006 0 0 0 1
51 0.988222 0.00829397 -0.152802 -0.0676979 0.145894 0.250249 0.957126 0.492678 0.046177 -0.968146 0.246092 -0.235424 0 0 0 1
52 0.988259 0.0105864 -0.152419 -0.066784 0.144893 0.251569 0.956932 0.492418 0.0484743 -0.967782 0.247081 -0.235492 0 0 0 1
#####################################################
*BONEANIMATION, BONEINDEX=4, NFRAMES=53
0 1 4.10783e-015 2.10942e-015 -5.89215e-015 -5.05151e-015 1 -3.17801e-015 -6.50705e-017 -2.22045e-015 2.09555e-015 1 -1.4988e-015 0 0 0 1
1 1 0.000202706 -0.00010667 -6.87157e-005 -0.000202712 1 -5.14709e-005 -0.00322557 0.00010666 5.14925e-005 1 4.87159e-005 0 0 0 1
2 1 0.000641382 -0.000460318 -0.000246939 -0.000641554 1 -0.000374129 -0.00792721 0.000460078 0.000374424 1 -0.000215362 0 0 0 1
3 0.999998 0.00158127 -0.00154326 -0.00055707 -0.00158327 0.999998 -0.00129005 -0.0164319 0.00154122 0.00129249 0.999998 -0.00120322 0 0 0 1
4 0.999991 0.00318588 -0.0028836 -0.00138579 -0.00319446 0.99999 -0.00297552 -0.0276526 0.0028741 0.0029847 0.999991 -0.0029988 0 0 0 1
5 0.999974 0.00593423 -0.0041806 -0.00340167 -0.00596056 0.999962 -0.00631238 -0.0414357 0.00414298 0.00633714 0.999971 -0.00639094 0 0 0 1
6 0.999945 0.00901847 -0.00530528 -0.00577085 -0.00906952 0.999912 -0.00967895 -0.0571713 0.00521752 0.00972654 0.999939 -0.00979751 0 0 0 1
7 0.99992 0.0111579 -0.00587699 -0.00723638 -0.0112256 0.99987 -0.011612 -0.0743803 0.00574666 0.011677 0.999915 -0.0117278 0 0 0 1
8 0.999888 0.0135332 -0.00643782 -0.00894332 -0.0136138 0.999827 -0.0126349 -0.0925702 0.00626572 0.0127211 0.999899 -0.0128661 0 0 0 1
9 0.999827 0.0169488 -0.00759878 -0.0115224 -0.0170429 0.999777 -0.0125028 -0.111198 0.00738518 0.0126302 0.999893 -0.0131734 0 0 0 1
10 0.999742 0.0208134 -0.0090424 -0.0146362 -0.0209194 0.999712 -0.0117854 -0.130019 0.0087945 0.0119716 0.99989 -0.0131386 0 0 0 1
11 0.999616 0.0255403 -0.0107901 -0.01889 -0.025655 0.999614 -0.0106282 -0.148434 0.0105145 0.010901 0.999885 -0.0129209 0 0 0 1
12 0.999485 0.0294405 -0.0127332 -0.0223111 -0.0295631 0.999517 -0.0095459 -0.167271 0.0124461 0.00991742 0.999873 -0.0130216 0 0 0 1
13 0.999402 0.0313844 -0.0144898 -0.0237151 -0.0315089 0.999468 -0.00844046 -0.187238 0.0142172 0.00889197 0.999859 -0.0132635 0 0 0 1
14 0.99932 0.0330841 -0.0162693 -0.0249252 -0.0332177 0.999416 -0.00801156 -0.208595 0.0159947 0.00854654 0.999836 -0.01443 0 0 0 1
15 0.999209 0.0352256 -0.0184573 -0.0268271 -0.0354176 0.999321 -0.0101858 -0.231341 0.018086 0.0108314 0.999778 -0.0184087 0 0 0 1
16 0.99906 0.0384236 -0.0200692 -0.0298405 -0.0387102 0.999151 -0.0140935 -0.255681 0.0195107 0.0148572 0.999699 -0.0244981 0 0 0 1
17 0.998742 0.0469275 -0.017668 -0.0378403 -0.0472886 0.998669 -0.0206066 -0.28179 0.0166775 0.0214162 0.999632 -0.0335867 0 0 0 1
18 0.998162 0.0590455 -0.013663 -0.0489856 -0.0593993 0.997866 -0.0271202 -0.309463 0.0120325 0.0278819 0.999539 -0.0429109 0 0 0 1
19 0.99729 0.0729101 -0.00986653 -0.0613879 -0.0731887 0.996815 -0.0316646 -0.338524 0.00752644 0.0323009 0.99945 -0.0504254 0 0 0 1
20 0.996187 0.0869514 -0.00714183 -0.0733915 -0.0871368 0.995682 -0.0320232 -0.369433 0.00432652 0.0325234 0.999462 -0.0542276 0 0 0 1
21 0.994786 0.101773 -0.00653654 -0.0853888 -0.101901 0.994507 -0.0239278 -0.402787 0.00406544 0.0244691 0.999692 -0.0506232 0 0 0 1
22 0.994119 0.107869 -0.00953572 -0.0881231 -0.107948 0.994123 -0.00818632 -0.439069 0.00859663 0.00916753 0.999921 -0.0402005 0 0 0 1
23 0.995223 0.0959618 -0.0179629 -0.0722033 -0.0957152 0.995309 0.0141183 -0.478337 0.0192334 -0.0123316 0.999739 -0.0232694 0 0 0 1
24 0.996918 0.0721803 -0.0307287 -0.0436625 -0.0709593 0.996711 0.0391281 -0.518232 0.033452 -0.036827 0.998762 -0.00366075 0 0 0 1
25 0.998125 0.0386917 -0.0474292 -0.0046835 -0.0356448 0.997346 0.0634838 -0.556583 0.0497596 -0.0616741 0.996855 0.0154155 0 0 0 1
26 0.99769 -0.000503703 -0.0679246 0.0411339 0.00648052 0.996117 0.0878002 -0.593724 0.0676167 -0.0880376 0.99382 0.0352437 0 0 0 1
27 0.994941 -0.0417518 -0.0913762 0.0904472 0.0518836 0.992412 0.111474 -0.630369 0.0860286 -0.115651 0.989557 0.0551211 0 0 0 1
28 0.989842 -0.0833671 -0.115167 0.140488 0.0985243 0.986221 0.132895 -0.66503 0.102501 -0.142892 0.984416 0.0746856 0 0 0 1
29 0.982749 -0.125385 -0.135951 0.189984 0.145479 0.977978 0.149648 -0.697752 0.114193 -0.166844 0.979348 0.0920398 0 0 0 1
30 0.97407 -0.164051 -0.155804 0.235611 0.189616 0.967616 0.166631 -0.727324 0.123422 -0.191853 0.973632 0.111411 0 0 0 1
31 0.964812 -0.195183 -0.176184 0.273158 0.227433 0.955737 0.186658 -0.752776 0.131953 -0.22016 0.966498 0.135974 0 0 0 1
32 0.954319 -0.22455 -0.197113 0.308371 0.265455 0.939991 0.21436 -0.77308 0.137149 -0.256893 0.956659 0.168916 0 0 0 1
33 0.941365 -0.256059 -0.219694 0.345436 0.309281 0.915125 0.258635 -0.7844 0.134822 -0.311418 0.94066 0.218399 0 0 0 1
34 0.926761 -0.286115 -0.243416 0.380866 0.35355 0.883323 0.307802 -0.787152 0.126948 -0.371319 0.919786 0.272272 0 0 0 1
35 0.911355 -0.31198 -0.268514 0.412051 0.3944 0.848559 0.3527 -0.783854 0.117815 -0.427337 0.896383 0.319366 0 0 0 1
36 0.895828 -0.335946 -0.290917 0.440511 0.43238 0.810116 0.395928 -0.773536 0.102666 -0.48047 0.870981 0.363718 0 0 0 1
37 0.881144 -0.36142 -0.304894 0.46843 0.466808 0.767628 0.439132 -0.755882 0.0753339 -0.529265 0.845105 0.40667 0 0 0 1
38 0.867724 -0.384321 -0.315201 0.492844 0.494814 0.727939 0.47462 -0.734405 0.0470412 -0.567806 0.821818 0.440466 0 0 0 1
39 0.857039 -0.400869 -0.32371 0.510381 0.514438 0.701019 0.493889 -0.714263 0.0289418 -0.589811 0.807023 0.457238 0 0 0 1
40 0.848996 -0.412156 -0.330655 0.522288 0.528116 0.682324 0.505498 -0.696386 0.0172697 -0.60379 0.796957 0.465623 0 0 0 1
41 0.843501 -0.417437 -0.338012 0.528336 0.537017 0.668168 0.514941 -0.681123 0.0108939 -0.615872 0.787771 0.471784 0 0 0 1
42 0.840906 -0.417882 -0.343877 0.529588 0.541101 0.66016 0.520959 -0.669579 0.00931437 -0.62415 0.781249 0.474155 0 0 0 1
43 0.841757 -0.413496 -0.347082 0.526307 0.539724 0.658808 0.52409 -0.662871 0.011951 -0.628484 0.77773 0.472928 0 0 0 1
44 0.844457 -0.406711 -0.348538 0.520706 0.535321 0.662724 0.523668 -0.660169 0.0180031 -0.628795 0.777363 0.468237 0 0 0 1
45 0.847988 -0.399586 -0.348206 0.514571 0.529324 0.672022 0.517883 -0.661864 0.0270631 -0.623472 0.781377 0.458746 0 0 0 1
46 0.851286 -0.393109 -0.347531 0.509268 0.523422 0.682479 0.510149 -0.665028 0.036638 -0.616188 0.786747 0.448429 0 0 0 1
47 0.853734 -0.388512 -0.346694 0.506187 0.518852 0.690904 0.503432 -0.66747 0.0439432 -0.60968 0.791428 0.440657 0 0 0 1
48 0.853764 -0.386784 -0.348549 0.506454 0.518261 0.695515 0.49766 -0.668548 0.0499339 -0.605523 0.79426 0.436047 0 0 0 1
49 0.848081 -0.390168 -0.358506 0.512975 0.526948 0.691959 0.493477 -0.666244 0.0555328 -0.607423 0.792435 0.437456 0 0 0 1
50 0.840877 -0.395715 -0.369235 0.521545 0.538041 0.685087 0.491089 -0.66252 0.0586266 -0.611609 0.788985 0.441532 0 0 0 1
51 0.836152 -0.401414 -0.373787 0.52868 0.545624 0.678385 0.492025 -0.658836 0.0560657 -0.615355 0.786254 0.445658 0 0 0 1
52 0.83196 -0.407363 -0.376692 0.535601 0.552435 0.671275 0.494173 -0.65497 0.0515561 -0.61923 0.783515 0.4501 0 0 0 1
#####################################################
*BONEANIMATION, BONEINDEX=5, NFRAMES=53
0 1 -4.52763e-015 -7.09849e-015 -3.59437e-015 4.56492e-015 1 -1.07715e-016 -3.12592e-016 6.64052e-015 1.48346e-016 1 -1.11022e-016 0 0 0 1
1 1 -0.000145228 0.000331016 0.00035007 0.000145138 1 0.00027115 -0.00307021 -0.000331055 -0.000271102 1 0.000232969 0 0 0 1
2 1 -0.000349831 0.000696126 0.00080878 0.000349366 1 0.000667824 -0.00787594 -0.000696359 -0.00066758 1 0.000413531 0 0 0 1
3 1 -0.000562741 0.000639347 0.00103051 0.000561947 0.999999 0.00124153 -0.0172485 -0.000640046 -0.00124117 0.999999 0.000385254 0 0 0 1
4 0.999998 -0.00121837 0.00170955 0.00254506 0.00121424 0.999996 0.00241282 -0.0295755 -0.00171249 -0.00241074 0.999996 0.000434409 0 0 0 1
5 0.999981 -0.00272859 0.00545478 0.00691235 0.00270073 0.999983 0.00510881 -0.0441062 -0.00546863 -0.00509399 0.999972 0.000978558 0 0 0 1
6 0.999921 -0.00521746 0.0114627 0.013777 0.00513099 0.999958 0.00756046 -0.0613465 -0.0115016 -0.00750104 0.999906 0.00121438 0 0 0 1
7 0.999756 -0.00901963 0.0201831 0.0236306 0.00886052 0.999929 0.00795901 -0.0820128 -0.0202534 -0.00777823 0.999765 0.000291651 0 0 0 1
8 0.99944 -0.013668 0.0305416 0.0353259 0.013462 0.999885 0.00694118 -0.105066 -0.0306329 -0.00652614 0.999509 -0.00152697 0 0 0 1
9 0.99895 -0.0188727 0.0417417 0.0480228 0.0187001 0.999815 0.00452073 -0.129776 -0.0418193 -0.00373541 0.999118 -0.00423563 0 0 0 1
10 0.998272 -0.024359 0.0534731 0.0613143 0.0243538 0.999703 0.000747731 -0.155944 -0.0534755 0.000555838 0.998569 -0.00781124 0 0 0 1
11 0.997535 -0.0298683 0.0634927 0.0731616 0.0301874 0.999536 -0.00407228 -0.182746 -0.0633416 0.00597892 0.997974 -0.0120449 0 0 0 1
12 0.996406 -0.0353731 0.0769714 0.0879282 0.0362739 0.999288 -0.0103372 -0.211042 -0.076551 0.0130921 0.99698 -0.0171722 0 0 0 1
13 0.994172 -0.0403014 0.0999887 0.110459 0.0425361 0.998888 -0.0203189 -0.242714 -0.0990587 0.0244536 0.994781 -0.0247407 0 0 0 1
14 0.991322 -0.0446375 0.123645 0.133319 0.0489586 0.998284 -0.0321313 -0.277154 -0.121998 0.0379059 0.991806 -0.0337094 0 0 0 1
15 0.988575 -0.0486229 0.142672 0.152295 0.0552564 0.99755 -0.0429045 -0.313146 -0.140236 0.0502978 0.98884 -0.0419946 0 0 0 1
16 0.98606 -0.052573 0.157865 0.168274 0.06128 0.996827 -0.0508 -0.348705 -0.154693 0.0597658 0.986153 -0.0485321 0 0 0 1
17 0.982284 -0.0588038 0.177935 0.189632 0.0683842 0.996494 -0.0481923 -0.378711 -0.174477 0.0595064 0.982862 -0.0503858 0 0 0 1
18 0.976568 -0.0690713 0.203825 0.218107 0.0815043 0.99525 -0.0532381 -0.414377 -0.199179 0.0686032 0.977559 -0.0589707 0 0 0 1
19 0.969141 -0.0821193 0.232427 0.25037 0.103103 0.991481 -0.0796001 -0.463657 -0.22391 0.101107 0.969351 -0.0823064 0 0 0 1
20 0.958539 -0.104654 0.265047 0.291388 0.143785 0.980661 -0.132779 -0.527915 -0.246026 0.165384 0.955049 -0.128939 0 0 0 1
21 0.941287 -0.147303 0.303778 0.348981 0.222756 0.947117 -0.230973 -0.611221 -0.25369 0.28508 0.924322 -0.222245 0 0 0 1
22 0.918225 -0.193194 0.345744 0.411527 0.313887 0.887339 -0.337794 -0.684782 -0.241532 0.418696 0.875418 -0.340202 0 0 0 1
23 0.887272 -0.238197 0.394982 0.480057 0.406689 0.808008 -0.426294 -0.732714 -0.217607 0.538874 0.813795 -0.462557 0 0 0 1
24 0.849252 -0.281712 0.446553 0.54991 0.49808 0.708068 -0.500556 -0.756686 -0.175177 0.647517 0.741643 -0.58875 0 0 0 1
25 0.806358 -0.320371 0.49714 0.616305 0.580122 0.592014 -0.559444 -0.758235 -0.115084 0.739515 0.66323 -0.711949 0 0 0 1
26 0.761331 -0.350505 0.545456 0.676514 0.647116 0.462963 -0.605728 -0.740299 -0.0402145 0.814132 0.579285 -0.831278 0 0 0 1
27 0.724309 -0.364346 0.585345 0.721332 0.688316 0.332885 -0.644522 -0.712261 0.0399767 0.869735 0.491897 -0.944354 0 0 0 1
28 0.699912 -0.370593 0.61056 0.749642 0.704673 0.218932 -0.674911 -0.682786 0.116446 0.902624 0.41438 -1.03621 0 0 0 1
29 0.692907 -0.376781 0.614748 0.759702 0.698978 0.141779 -0.700948 -0.666206 0.176946 0.915388 0.361602 -1.09341 0 0 0 1
30 0.692516 -0.387111 0.608742 0.762983 0.685619 0.090712 -0.722287 -0.657579 0.224385 0.91756 0.32823 -1.12713 0 0 0 1
31 0.691044 -0.404618 0.598951 0.766389 0.673734 0.0604387 -0.736498 -0.652667 0.261801 0.912486 0.314371 -1.14008 0 0 0 1
32 0.688124 -0.427205 0.586499 0.770077 0.663382 0.0429442 -0.747048 -0.650792 0.293956 0.903134 0.312951 -1.13982 0 0 0 1
33 0.680125 -0.454777 0.574984 0.777296 0.657136 0.0305282 -0.753153 -0.647992 0.324964 0.890082 0.319614 -1.13068 0 0 0 1
34 0.67104 -0.483608 0.561986 0.784056 0.651489 0.0227695 -0.758316 -0.646968 0.353932 0.874988 0.330345 -1.11682 0 0 0 1
35 0.664568 -0.510422 0.545727 0.78722 0.64222 0.0168263 -0.766336 -0.649707 0.381972 0.859759 0.338986 -1.10457 0 0 0 1
36 0.658866 -0.535786 0.528042 0.78863 0.631805 0.0131273 -0.775016 -0.654306 0.408311 0.844251 0.347162 -1.09227 0 0 0 1
