#####################################################
# (c) Binh Le (bhle2@cs.uh.edu)
#
# Running time: 42.807 (s)
# Repeat      : 16
#
#####################################################
*OBJFILENAME
..\Data\wolf.obj
#####################################################
*BONEANIMATION, BONEINDEX=0, NFRAMES=6
0 0.841211 0.485042 0.238952 -1.58794 -0.214721 -0.105922 0.970915 -0.956591 0.496245 -0.868052 0.0150461 3.14388 0 0 0 1
1 0.999998 -0.00147351 0.00125259 -0.00327469 0.00147672 0.999996 -0.00257034 0.0096218 -0.00124879 0.00257218 0.999996 -0.00222358 0 0 0 1
2 1 0.000233982 -0.00044895 0.00152574 -0.000234473 0.999999 -0.00109444 0.00410097 0.000448694 0.00109454 0.999999 -0.000714297 0 0 0 1
3 1 -0.000253543 -5.80274e-005 0.000363866 0.000253579 1 0.000623961 -0.00231469 5.78692e-005 -0.000623976 1 0.000456174 0 0 0 1
4 1 -6.25777e-005 -4.47393e-007 3.81574e-005 6.25777e-005 1 8.30431e-005 -0.000307676 4.42196e-007 -8.30431e-005 1 4.81789e-005 0 0 0 1
5 1 2.41809e-005 3.71829e-006 -2.63953e-005 -2.41808e-005 1 -1.61692e-005 6.16504e-005 -3.71868e-006 1.61691e-005 1 -1.39538e-005 0 0 0 1
#####################################################
*BONEANIMATION, BONEINDEX=1, NFRAMES=6
0 1 -0.000191706 0.000352889 0.000880317 0.000191704 1 2.94876e-006 3.00053e-005 -0.000352889 -2.88111e-006 1 -4.44234e-005 0 0 0 1
1 1 -0.000488783 6.54287e-005 -0.000297098 0.000488831 1 -0.000747182 -0.00300015 -6.50634e-005 0.000747214 1 0.00100514 0 0 0 1
2 1 -0.000405725 -5.55099e-005 -0.000763576 0.000405723 1 -3.29714e-005 -0.000174655 5.55232e-005 3.29488e-005 1 6.16708e-005 0 0 0 1
3 0.789296 -0.383576 0.479459 1.51565 0.613446 0.459078 -0.642597 -1.94775 0.0263761 0.801322 0.597652 -0.290385 0 0 0 1
4 1 0.000148886 -0.000138071 -0.000417354 -0.000148787 1 0.000719377 0.00296713 0.000138178 -0.000719357 1 -0.00088572 0 0 0 1
5 1 0.000395231 9.30521e-005 0.000768397 -0.000395229 1 -2.23042e-005 -0.000171299 -9.30609e-005 2.22675e-005 1 3.51172e-005 0 0 0 1
#####################################################
*BONEANIMATION, BONEINDEX=2, NFRAMES=6
0 0.999936 -0.00111737 0.0112888 -0.0188583 0.00107917 0.999994 0.00338923 -0.00645623 -0.0112925 -0.00337683 0.999931 -0.0140632 0 0 0 1
1 0.999244 0.0295815 -0.0252328 0.113832 -0.0296562 0.999557 -0.00258922 -0.0166507 0.025145 0.00333557 0.999678 0.0203517 0 0 0 1
2 0.969557 0.202055 -0.138325 0.950753 -0.14356 0.926674 0.34737 0.246769 0.19837 -0.316937 0.92747 1.51412 0 0 0 1
3 0.999998 0.000284691 -0.00203036 0.00556308 -0.000283137 1 0.000765661 -0.00171214 0.00203058 -0.000765084 0.999998 -0.00197764 0 0 0 1
4 1 -0.000474593 -0.000454077 -0.000451562 0.000474354 1 -0.000527135 0.0011516 0.000454327 0.000526919 1 0.00140756 0 0 0 1
5 1 -0.000455096 0.00076954 -0.00267981 0.000454368 0.999999 0.000945801 -0.00183947 -0.00076997 -0.000945451 0.999999 -0.00257709 0 0 0 1
#####################################################
*BONEANIMATION, BONEINDEX=3, NFRAMES=6
0 0.999997 -0.00236029 -0.000996804 -0.00323824 0.0023575 0.999993 -0.00279095 -0.00415936 0.00100338 0.00278859 0.999996 0.00178355 0 0 0 1
1 0.999958 -0.00147209 0.00904209 0.025719 0.00142456 0.999985 0.00526042 0.00781905 -0.0090497 -0.00524732 0.999945 -0.00033768 0 0 0 1
2 0.999909 0.00050159 0.0134739 0.0169763 -0.000583663 0.999981 0.00608793 0.00703451 -0.0134706 -0.00609524 0.999891 -0.00204628 0 0 0 1
3 0.987353 0.100616 -0.122515 0.124598 -0.054921 0.942021 0.331029 -0.411972 0.148719 -0.320114 0.935633 0.167603 0 0 0 1
4 0.999871 -0.00704618 -0.0144428 -0.0346893 0.00704891 0.999975 0.000138186 0.00970705 0.0144414 -0.000239974 0.999896 -0.00853063 0 0 0 1
5 0.993722 -0.106695 -0.0336488 -0.22715 0.11185 0.941096 0.319106 0.154619 -0.00238029 -0.320866 0.947122 0.137709 0 0 0 1
#####################################################
*BONEANIMATION, BONEINDEX=4, NFRAMES=6
0 1 4.90703e-005 -8.02037e-005 0.000173368 -4.90683e-005 1 2.44418e-005 0.000240489 8.02049e-005 -2.44379e-005 1 -0.000309979 0 0 0 1
1 1 -0.000190397 0.000426714 0.00148376 0.00019034 1 0.000132197 0.000809246 -0.000426739 -0.000132116 1 -0.000926532 0 0 0 1
2 0.999999 0.000184457 0.00109314 0.00331119 -0.00018455 1 8.52276e-005 0.000496843 -0.00109312 -8.54293e-005 0.999999 -4.95492e-006 0 0 0 1
3 0.988106 0.095244 -0.120726 0.127526 -0.0496969 0.940753 0.335431 -0.431413 0.145521 -0.325441 0.934297 0.188582 0 0 0 1
4 0.886334 -0.0729708 -0.457261 -0.636197 -0.402898 0.365178 -0.839237 -1.04502 0.228221 0.928073 0.29427 -0.199219 0 0 0 1
5 0.999986 0.000256973 0.00524833 0.0141966 -0.000261491 1 0.000860208 0.000202683 -0.00524811 -0.000861569 0.999986 0.000840334 0 0 0 1
#####################################################
*BONEANIMATION, BONEINDEX=5, NFRAMES=6
0 0.999713 0.000610581 0.0239695 -0.0314496 -0.000844719 0.999952 0.00975927 -0.0180722 -0.0239624 -0.00977671 0.999665 -0.0121979 0 0 0 1
1 0.975334 -0.204062 0.0841578 -0.158073 0.0793493 0.679904 0.728995 -1.21108 -0.205979 -0.704336 0.679326 0.563708 0 0 0 1
2 0.99997 -0.00190596 -0.00756157 0.00820806 0.00193747 0.999989 0.00416209 -0.00785958 0.00755356 -0.00417661 0.999963 -0.00981589 0 0 0 1
3 0.999937 0.000852407 0.0112278 -0.0157904 -0.000917786 0.999983 0.00581914 -0.0104352 -0.0112227 -0.00582908 0.99992 -0.00461627 0 0 0 1
4 0.999995 0.000703842 0.00293151 -0.00359531 -0.000707413 0.999999 0.0012175 -6.66552e-007 -0.00293065 -0.00121956 0.999995 0.00068424 0 0 0 1
5 1 -0.0008419 -5.47265e-005 -0.00195022 0.000841818 0.999999 -0.00147647 0.00359813 5.59695e-005 0.00147642 0.999999 0.00152111 0 0 0 1
#####################################################
*BONEANIMATION, BONEINDEX=6, NFRAMES=6
0 0.999999 0.000401737 0.00129952 0.00317534 -0.000403014 0.999999 0.000982671 0.00202669 -0.00129912 -0.000983194 0.999999 -0.000734529 0 0 0 1
1 0.999972 0.00248339 0.00707219 0.0169449 -0.00249443 0.999996 0.00155246 0.00626094 -0.00706831 -0.00157006 0.999974 0.00305239 0 0 0 1
2 0.999998 -0.00053959 0.00203464 0.00161101 0.000544539 0.999997 -0.00243275 -0.00376263 -0.00203333 0.00243385 0.999995 0.00583753 0 0 0 1
3 0.987326 0.0952388 -0.126953 0.119039 -0.0465943 0.938625 0.341778 -0.428179 0.151712 -0.331531 0.931166 0.174945 0 0 0 1
4 0.892932 -0.218652 -0.393527 -0.486788 -0.21955 0.551636 -0.804671 -1.04562 0.393027 0.804915 0.444569 -0.379248 0 0 0 1
5 0.99988 -0.00587955 0.0143627 0.00965727 0.0060581 0.999905 -0.0124198 -0.0254435 -0.0142883 0.0125053 0.99982 0.0338834 0 0 0 1
#####################################################
*BONEANIMATION, BONEINDEX=7, NFRAMES=6
0 0.982008 -0.00497868 -0.188773 0.272817 0.00479111 0.999987 -0.00144992 0.0025598 0.188778 0.000519401 0.98202 0.0125852 0 0 0 1
1 0.997534 -0.047939 0.0512701 2.79599e-005 0.0468341 0.998648 0.0225398 -0.022461 -0.0522813 -0.020083 0.99843 -0.00658701 0 0 0 1
2 0.999231 -0.00390066 -0.0390167 0.0542746 0.00313848 0.999803 -0.019577 0.0187372 0.0390854 0.0194395 0.999047 -0.0221783 0 0 0 1
3 0.999914 0.00426918 -0.0124362 0.0201604 -0.00417758 0.999964 0.00738206 -0.00824186 0.0124673 -0.00732947 0.999895 -0.00552894 0 0 0 1
4 1 1.67941e-005 0.000761474 -0.00147553 -1.68003e-005 1 8.18459e-006 0.00257291 -0.000761474 -8.19738e-006 1 0.00232601 0 0 0 1
5 1 0.000366066 0.000607651 -0.00110523 -0.000364888 0.999998 -0.00193789 0.0028578 -0.00060836 0.00193767 0.999998 -0.00234965 0 0 0 1
#####################################################
*BONEANIMATION, BONEINDEX=8, NFRAMES=6
0 0.998586 0.00593761 -0.0528337 0.0679235 -0.00430735 0.999513 0.0309171 -0.0371331 0.0529915 -0.0306458 0.998125 -0.000512809 0 0 0 1
1 0.9987 -0.0289919 -0.041932 0.0512571 0.0301178 0.999196 0.0264735 -0.00305022 0.0411308 -0.027702 0.99877 0.0451905 0 0 0 1
2 0.95642 0.0638305 0.284932 -0.381766 -0.17418 0.907904 0.381276 -0.417341 -0.234354 -0.41429 0.879456 0.293674 0 0 0 1
3 0.999896 0.0115921 0.00861844 -0.0143379 -0.0116808 0.999879 0.0103179 -0.0240085 -0.00849779 -0.0104175 0.99991 -0.0059148 0 0 0 1
4 0.999994 0.00288058 -0.00177234 0.00495064 -0.00287561 0.999992 0.00279761 -0.00760783 0.00178038 -0.00279249 0.999995 -0.000119834 0 0 0 1
5 0.999983 -0.00209234 -0.00539449 0.0108117 0.00206863 0.999988 -0.00439569 0.00808232 0.00540362 0.00438446 0.999976 0.0079149 0 0 0 1
#####################################################
*BONEANIMATION, BONEINDEX=9, NFRAMES=6
0 0.999998 2.50333e-005 0.00192516 0.00348892 -2.48972e-005 1 -7.06773e-005 0.000896801 -0.00192517 7.06293e-005 0.999998 -8.5951e-005 0 0 0 1
1 0.999879 -0.0154719 0.00136206 -0.0249855 0.0154582 0.999835 0.00958386 0.0244725 -0.00151011 -0.00956165 0.999953 -0.0237814 0 0 0 1
2 0.999903 0.0108941 -0.00872707 0.00680804 -0.0107988 0.999882 0.0108945 0.0134427 0.00884473 -0.0107992 0.999903 -0.021867 0 0 0 1
3 0.986016 0.112909 -0.122575 0.15577 -0.0669499 0.941922 0.32909 -0.4531 0.152613 -0.316281 0.936309 0.219349 0 0 0 1
4 0.999787 -0.00973849 0.0182036 0.0175385 0.00982189 0.999942 -0.00449761 0.000867275 -0.0181587 0.00467544 0.999824 0.00408493 0 0 0 1
5 0.89184 -0.0453168 0.450076 0.44467 -0.0190826 0.990315 0.137525 0.480076 -0.451949 -0.131239 0.882337 0.295978 0 0 0 1
#####################################################
*BONEANIMATION, BONEINDEX=10, NFRAMES=6
0 0.999996 -0.00195877 -0.00209479 -0.00275361 0.00195832 0.999998 -0.000218038 -0.000460914 0.00209521 0.000213934 0.999998 -0.000521401 0 0 0 1
1 0.999988 -0.00372652 0.00322803 0.00435146 0.00371708 0.999989 0.00292451 0.0076966 -0.0032389 -0.00291248 0.999991 0.000108663 0 0 0 1
2 0.999981 0.000278288 0.00620381 0.0140153 -0.00026965 0.999999 -0.00139322 -0.0010962 -0.00620419 0.00139152 0.99998 -0.00241048 0 0 0 1
3 0.98327 0.0807998 -0.163254 0.0738451 -0.107438 0.980996 -0.161565 -0.950926 0.147097 0.176402 0.973265 0.444161 0 0 0 1
4 0.999264 -0.016276 -0.0347346 -0.0586188 0.0166124 0.999818 0.00941818 0.0293906 0.034575 -0.00998827 0.999352 0.0272907 0 0 0 1
5 0.99927 -0.0204364 -0.0322739 -0.0514914 0.0194162 0.999312 -0.0316116 -0.0685472 0.0328977 0.0309619 0.998979 -0.0301929 0 0 0 1
#####################################################
*BONEANIMATION, BONEINDEX=11, NFRAMES=6
0 0.999978 0.00572287 0.00348553 0.00168904 -0.00572664 0.999983 0.00107272 -3.07293e-005 -0.00347933 -0.00109266 0.999993 0.0031562 0 0 0 1
1 0.999766 0.0212169 -0.00420419 -0.0181124 -0.0212256 0.999773 -0.00205233 -0.0164221 0.00415969 0.00214109 0.999989 -0.00426395 0 0 0 1
2 0.999984 -0.00508274 -0.0023939 -0.0118512 0.00507545 0.999982 -0.00304294 -0.0053542 0.00240932 0.00303074 0.999993 0.00245101 0 0 0 1
3 0.990124 0.0784917 -0.116163 0.136331 -0.0358716 0.942836 0.331322 -0.433941 0.135529 -0.323883 0.93634 0.18757 0 0 0 1
4 0.999667 0.0218449 -0.0137048 -0.00528168 -0.0216781 0.999691 0.0122006 -0.0185559 0.0139671 -0.0118994 0.999832 0.0132471 0 0 0 1
5 0.999296 0.027874 -0.0251241 -0.0036077 -0.0284408 0.999342 -0.0224931 0.0256198 0.0244806 0.0231918 0.999431 -0.0261221 0 0 0 1
#####################################################
*BONEANIMATION, BONEINDEX=12, NFRAMES=6
0 0.999993 0.000808197 -0.00359222 -0.0033532 -0.000762743 0.99992 0.0126369 0.00532123 0.00360214 -0.012634 0.999914 -0.0182334 0 0 0 1
1 0.99565 0.0734579 -0.0573187 0.0531373 -0.0733355 0.997298 0.00423919 -0.0630148 0.0574753 -1.72534e-005 0.998347 0.0828013 0 0 0 1
2 0.999291 0.0162169 0.0339719 0.02618 -0.0171516 0.999477 0.0274066 -0.0135727 -0.0335097 -0.0279698 0.999047 0.0118636 0 0 0 1
3 0.996507 0.0155843 -0.082048 0.049447 0.012035 0.945384 0.325737 -0.374092 0.0826432 -0.325587 0.941894 0.117234 0 0 0 1
4 0.999304 0.0356958 0.010788 0.0262233 -0.0354743 0.999169 -0.0200692 -0.0358172 -0.0114954 0.0196725 0.99974 -0.0571023 0 0 0 1
5 0.989534 0.140956 0.030878 0.170047 -0.139922 0.989598 -0.0334182 0.143518 -0.0352673 0.028748 0.998964 0.0571195 0 0 0 1
#####################################################
*BONEANIMATION, BONEINDEX=13, NFRAMES=6
0 0.943629 0.326016 -0.0572451 -0.511376 -0.0396187 0.282944 0.958318 -1.48015 0.328624 -0.902029 0.279911 2.41008 0 0 0 1
1 0.999997 2.12282e-005 -0.00236156 0.00546153 -3.24907e-005 0.999989 -0.00476919 0.01359 0.00236143 0.00476926 0.999986 -0.00889663 0 0 0 1
2 1 -0.000320429 -0.000872681 0.00505381 0.000318549 0.999998 -0.00215344 0.00802334 0.000873369 0.00215316 0.999997 -0.00603301 0 0 0 1
3 0.999998 -0.000740638 0.00167889 -0.00338041 0.000738815 0.999999 0.00108645 -0.00413945 -0.0016797 -0.00108521 0.999998 0.00364588 0 0 0 1
4 1 -0.000138636 0.000183725 -0.000299248 0.000138607 1 0.000159229 -0.000571016 -0.000183747 -0.000159203 1 0.000487037 0 0 0 1
5 1 2.48639e-005 -0.000186734 0.000559978 -2.48335e-005 1 0.000162632 -0.000409931 0.000186738 -0.000162627 1 0.000264632 0 0 0 1
#####################################################
*BONEANIMATION, BONEINDEX=14, NFRAMES=6
0 0.999996 0.00162138 -0.00221723 -0.0054752 -0.00162042 0.999999 0.000434517 0.0015608 0.00221793 -0.000430922 0.999997 -0.000162134 0 0 0 1
1 0.999903 0.0100703 -0.00958904 -0.0186172 -0.0101552 0.999909 -0.00884273 -0.0187573 0.00949912 0.00893925 0.999915 0.0020973 0 0 0 1
2 0.99999 0.00100598 -0.0042754 -0.00979715 -0.00101152 0.999999 -0.0012929 -0.00357073 0.0042741 0.00129722 0.99999 0.000917245 0 0 0 1
3 0.98101 -0.00237322 -0.193942 0.0285355 -0.14074 0.679327 -0.720213 -1.94174 0.133459 0.733832 0.666092 -0.165619 0 0 0 1
4 0.999987 -0.00504797 0.00120705 -0.000845 0.00503501 0.999932 0.010515 0.0225673 -0.00126005 -0.0105087 0.999944 -0.00874221 0 0 0 1
5 0.999986 -0.00490185 0.00195729 0.000692989 0.00491115 0.999977 -0.00477781 -0.0121808 -0.00193382 0.00478736 0.999987 0.00398649 0 0 0 1
#####################################################
*BONEANIMATION, BONEINDEX=15, NFRAMES=6
0 0.999974 -0.000406489 0.00713106 -0.00957702 0.000415979 0.999999 -0.00132928 0.00027399 -0.00713051 0.00133221 0.999974 -0.000715675 0 0 0 1
1 0.99974 0.0201418 0.010662 -0.00313173 -0.0200553 0.999766 -0.00815073 -0.00459973 -0.0108236 0.00793478 0.99991 -0.00700741 0 0 0 1
2 0.994211 -0.0343699 0.1018 -0.123997 -0.0739412 0.46856 0.880332 -1.31796 -0.0779561 -0.882763 0.463306 0.921941 0 0 0 1
3 0.999993 -0.00329186 -0.00164024 -0.00135915 0.00328217 0.999977 -0.00587582 0.0116685 0.00165955 0.00587039 0.999981 0.0100155 0 0 0 1
4 1 -0.000722962 -0.000420123 -3.05916e-005 0.000722576 0.999999 -0.000918509 0.00211616 0.000420787 0.000918205 0.999999 0.00129004 0 0 0 1
5 0.999999 0.000125982 0.00123184 -0.00205551 -0.000128344 0.999998 0.00191782 -0.00260556 -0.00123159 -0.00191798 0.999997 -0.00327204 0 0 0 1
#####################################################
*BONEANIMATION, BONEINDEX=16, NFRAMES=6
0 0.999997 0.00183942 0.00140023 0.00908739 -0.00184019 0.999998 0.000548374 0.000336799 -0.00139922 -0.000550949 0.999999 -0.00261079 0 0 0 1
1 0.999983 0.00393103 0.0044021 0.0233578 -0.00392786 0.999992 -0.000729035 -0.00298328 -0.00440493 0.000711731 0.99999 -0.000517141 0 0 0 1
2 1 0.00042297 0.000515682 0.00322598 -0.000423251 1 0.000544502 0.00184719 -0.000515451 -0.000544721 1 -0.00314468 0 0 0 1
3 0.988068 0.0939843 -0.122019 0.120526 -0.0481767 0.941078 0.33474 -0.430969 0.14629 -0.324867 0.934377 0.192987 0 0 0 1
4 0.999984 0.00311665 0.00462557 0.0206577 -0.00312534 0.999993 0.00187336 0.00295208 -0.0046197 -0.00188778 0.999988 -0.00808808 0 0 0 1
5 0.88012 -0.0396819 -0.47309 -1.85026 0.234832 0.902443 0.361178 1.16418 0.412605 -0.428977 0.803577 -0.519533 0 0 0 1
#####################################################
*BONEANIMATION, BONEINDEX=17, NFRAMES=6
0 0.999979 0.00539145 0.00350956 0.0127767 -0.00542402 0.999942 0.00933811 -0.0146288 -0.00345901 -0.00935695 0.99995 -0.0327806 0 0 0 1
1 0.791405 0.0792904 -0.606128 1.31021 -0.42161 0.788775 -0.447302 0.992885 0.442632 0.609547 0.65767 3.01213 0 0 0 1
2 0.999924 0.0120026 -0.00270433 0.0474207 -0.0119999 0.999927 0.00101651 0.00182118 0.00271633 -0.000983983 0.999996 -0.00546823 0 0 0 1
3 0.999915 0.00245543 0.0128334 -0.00680543 -0.00251661 0.999986 0.00475269 0.000212824 -0.0128215 -0.00478458 0.999906 -0.0186132 0 0 0 1
4 0.999983 -0.00179929 -0.00555331 0.0063325 0.00180557 0.999998 0.00112606 -0.00120371 0.00555127 -0.00113607 0.999984 -0.004617 0 0 0 1
5 0.999997 -0.00239071 0.000845696 -0.00346867 0.00239133 0.999997 -0.000728889 -0.00115221 -0.000843951 0.000730909 0.999999 0.00544114 0 0 0 1
#####################################################
*BONEANIMATION, BONEINDEX=18, NFRAMES=6
0 0.964159 0.109845 -0.24152 0.246256 0.00713294 0.899216 0.437446 -0.78821 0.26523 -0.42349 0.866204 0.491378 0 0 0 1
1 0.996905 -0.0683071 0.0389092 -0.0606182 0.0679329 0.997631 0.0108621 0.0207236 -0.0395589 -0.0081853 0.999184 -0.0213648 0 0 0 1
2 0.999429 0.0325318 0.00907626 0.0400465 -0.0327754 0.999067 0.0281297 0.00974049 -0.00815269 -0.0284111 0.999563 -0.0231466 0 0 0 1
3 0.999991 0.00326796 0.00272571 -0.00938666 -0.003269 0.999995 0.000376838 -0.00477263 -0.00272447 -0.000385744 0.999996 0.000368999 0 0 0 1
4 0.999998 0.00204818 0.000649313 -0.003474 -0.00205109 0.999988 0.00451231 -0.0128215 -0.000640063 -0.00451363 0.99999 0.00185877 0 0 0 1
5 0.999996 -0.0019456 -0.0018484 0.00603732 0.00194401 0.999998 -0.000862082 0.00369134 0.00185008 0.000858486 0.999998 -0.000217112 0 0 0 1
#####################################################
*BONEANIMATION, BONEINDEX=19, NFRAMES=6
0 0.996787 0.0100926 -0.0794554 0.0766505 -0.00677868 0.9991 0.0418679 -0.00764633 0.0798065 -0.0411948 0.995959 0.00521633 0 0 0 1
1 0.951086 -0.308798 -0.00885175 0.0692501 0.308922 0.950811 0.0229386 0.198257 0.00133295 -0.0245511 0.999698 0.0107978 0 0 0 1
2 0.987752 0.154051 -0.0247727 0.161494 -0.153853 0.988046 0.00971242 0.169634 0.0259727 -0.00578211 0.999646 -0.0337244 0 0 0 1
3 0.999931 0.00876577 0.0077991 -0.0168301 -0.00893227 0.999727 0.0215762 -0.0515295 -0.00760784 -0.0216444 0.999737 0.00390274 0 0 0 1
4 0.999843 0.0040754 0.0172544 -0.040232 -0.00422147 0.999955 0.00843765 -0.0228496 -0.0172193 -0.00850916 0.999816 -0.0045272 0 0 0 1
5 0.999899 0.00595778 -0.0129376 0.0318937 -0.00612774 0.999895 -0.0131368 0.034768 0.012858 0.0132147 0.99983 -0.00150156 0 0 0 1
#####################################################
*BONEANIMATION, BONEINDEX=20, NFRAMES=6
0 0.953585 0.246293 -0.173247 -0.0774537 0.0232212 0.513477 0.857789 -1.46597 0.300226 -0.821998 0.483925 1.75378 0 0 0 1
1 0.999907 -0.00147312 0.0135756 -0.0312454 0.00140522 0.999986 0.00501032 -0.0125005 -0.0135828 -0.00499078 0.999895 0.00705981 0 0 0 1
2 0.999993 0.000448582 -0.00365533 0.00936909 -0.000468832 0.999985 -0.00554083 0.0138335 0.00365279 0.00554251 0.999978 -0.00845115 0 0 0 1
3 1 -6.21889e-005 -0.000647501 0.00199967 6.2961e-005 0.999999 0.00119241 -0.0017241 0.000647427 -0.00119245 0.999999 -0.000109261 0 0 0 1
4 1 0.000105932 0.000338897 -0.0010043 -0.000106111 1 0.000527562 -0.00155857 -0.000338841 -0.000527598 1 0.000500341 0 0 0 1
5 1 -0.000146749 0.000240353 -0.000564962 0.000146843 1 -0.000391835 0.00111312 -0.000240296 0.00039187 1 -0.000685644 0 0 0 1
#####################################################
*VERTEXWEIGHTS, NVERTICES=5075  #(vtx0Based bone0 w0 bone1 w1 ... )
0  0 0.840312 13 0.0762254 20 0.0798293 8 0.003633
1  0 0.831514 13 0.0794149 20 0.0850964 8 0.00397462
2  0 0.829541 13 0.0850974 20 0.0816577 8 0.00370384
3  0 0.84793 13 0.0744233 20 0.0744912 8 0.00315578
4  0 0.881752 13 0.0530863 20 0.0628089 8 0.00235276
5  0 0.991549 13 0.00840691 17 4.45543e-005
6  0 0.992546 13 0.00740423 17 4.97083e-005
7  0 0.98359 13 0.0164056 17 4.21891e-006
8  0 0.985374 13 0.0146255
9  0 0.99272 13 0.00722369 17 5.67456e-005
10  0 0.982251 13 0.0177255 17 2.32615e-005
11  0 0.958344 13 0.0400346 20 0.00155278 17 6.90744e-005
12  0 0.96254 13 0.036774 20 0.000645027 17 4.07775e-005
13  0 0.966336 13 0.0336541 17 1.01919e-005
14  0 0.989711 13 0.0102861 17 3.08127e-006
15  0 0.992709 13 0.00722619 17 6.50329e-005
16  0 0.983417 13 0.0165831
17  0 0.988301 13 0.0116994
18  0 0.991436 13 0.00852403 17 4.00679e-005
19  0 0.993035 13 0.00687185 17 9.32584e-005
20  0 0.993749 13 0.00615379 17 9.72151e-005
21  0 0.993973 13 0.00590439 17 0.000122225
22  0 0.995165 13 0.00471564 17 0.000119682
23  0 0.992699 13 0.00718854 17 0.000112235
24  0 0.992191 13 0.00770644 17 0.000102782
25  0 0.992936 13 0.00695941 17 0.000104804
26  0 0.993339 13 0.00654389 17 0.000117552
27  0 0.990271 13 0.00963791 17 9.12082e-005
28  0 0.991373 13 0.00854191 17 8.52277e-005
29  0 0.992169 13 0.00771384 17 0.000116748
30  0 0.991325 13 0.00856669 17 0.00010802
31  0 0.991643 13 0.00823355 17 0.000123571
32  0 0.990454 13 0.00942821 17 0.000118004
33  0 0.987445 13 0.012425 17 0.000129823
34  0 0.988808 13 0.0110833 17 0.000108405
35  0 0.992218 13 0.00772013 17 6.1754e-005
36  0 0.917657 13 0.0531291 20 0.0216862 18 0.00752744
37  0 0.887064 13 0.0759595 20 0.0249831 18 0.011993
38  0 0.858295 13 0.0665398 20 0.0721875 8 0.0029777
39  0 0.957661 13 0.0388809 20 0.00338728 17 7.08092e-005
40  0 0.939413 13 0.042719 20 0.0149061 18 0.00296155
41  0 0.953021 13 0.0385955 20 0.00828536 17 9.77527e-005
42  0 0.930213 13 0.0440054 20 0.0207144 18 0.00506716
43  0 0.943541 13 0.0397009 20 0.0158719 18 0.000886281
44  0 0.917197 13 0.0470664 20 0.0285115 18 0.00722547
45  0 0.878745 20 0.0707514 13 0.0481494 8 0.00235433
46  0 0.898186 13 0.0618759 20 0.029044 18 0.0108937
47  0 0.974081 13 0.025872 17 4.70261e-005
48  0 0.984113 13 0.0158381 17 4.86744e-005
49  0 0.971254 13 0.028688 17 5.7516e-005
50  0 0.982768 13 0.0171815 17 5.07374e-005
51  0 0.978839 13 0.0210797 17 8.16399e-005
52  0 0.962879 13 0.0366488 20 0.00036126 17 0.000110517
53  0 0.977613 13 0.0222536 17 0.00013372
54  0 0.962432 13 0.0343731 20 0.0030459 17 0.00014906
55  0 0.975745 13 0.0241001 17 0.000155157
56  0 0.966529 13 0.0256535 20 0.00765872 17 0.000158644
57  0 0.942734 20 0.0304467 13 0.0266351 17 0.00018387
58  0 0.939745 13 0.0364501 20 0.0226076 18 0.00119761
59  0 0.988048 13 0.0118823 17 6.94281e-005
60  0 0.986247 13 0.0136662 17 8.67964e-005
61  0 0.984021 13 0.0158487 17 0.000130696
62  0 0.982936 13 0.0169119 17 0.00015257
63  0 0.912742 13 0.0468316 20 0.0373825 18 0.00304434
64  0 0.911275 13 0.0494988 20 0.0331869 18 0.00603937
65  0 0.873004 20 0.0623132 13 0.063405 8 0.0012774
66  0 0.874278 20 0.0689227 13 0.054836 8 0.00196318
67  0 0.815115 13 0.161367 20 0.0179958 7 0.00552178
68  0 0.832051 13 0.0851491 20 0.0799997 8 0.00279995
69  0 0.794557 13 0.186301 20 0.0122724 7 0.00686995
70  0 0.793065 13 0.197901 20 0.00156503 7 0.00746849
71  0 0.796444 13 0.196097 7 0.00745846
72  0 0.839173 13 0.0721823 20 0.0852286 8 0.00341567
73  0 0.804236 13 0.168117 20 0.0222057 7 0.0054418
74  0 0.809197 13 0.172606 20 0.0122619 7 0.00593537
75  0 0.802242 13 0.165751 20 0.0268076 7 0.00520012
76  0 0.79566 13 0.174801 20 0.0237928 7 0.00574627
77  0 0.804272 13 0.167016 20 0.0233557 7 0.00535613
78  0 0.830411 13 0.0962222 20 0.0708572 8 0.00251008
79  0 0.821161 13 0.0933124 20 0.0819018 8 0.00362487
80  0 0.827982 13 0.0811705 20 0.086986 8 0.00386142
81  0 0.822877 13 0.0946836 20 0.0790252 8 0.00341452
82  0 0.835977 13 0.0802199 20 0.0802203 8 0.00358273
83  0 0.858642 13 0.0591574 20 0.0790253 8 0.00317491
84  0 0.837181 13 0.0946362 20 0.0664911 8 0.00169214
85  0 0.852113 13 0.0814324 20 0.0644068 8 0.00204815
86  0 0.811668 13 0.152208 20 0.0317977 7 0.00432628
87  0 0.916815 13 0.0474838 20 0.0357013
88  0 0.928073 13 0.0412971 20 0.0306302
89  0 0.911426 13 0.0591354 20 0.0246696 18 0.00476922
90  0 0.849354 13 0.0779139 20 0.0700387 8 0.00269337
91  0 0.898617 13 0.0700601 20 0.0233056 18 0.00801778
92  0 0.957172 13 0.0317428 20 0.0110856
93  0 0.943591 13 0.0377198 20 0.0178915 18 0.000797587
94  0 0.956073 13 0.0335777 20 0.0103491
95  0 0.938268 13 0.0424801 20 0.0167303 18 0.00252186
96  0 0.927827 13 0.0477135 20 0.0186867 18 0.00577288
97  0 0.841737 13 0.0735604 20 0.0810173 8 0.0036857
98  0 0.952568 13 0.0452742 20 0.00205623 17 0.000101277
99  0 0.980339 13 0.0196208 17 4.00943e-005
100  0 0.920735 13 0.0517867 20 0.019613 18 0.00786569
101  0 0.768761 13 0.211561 20 0.0113395 7 0.00833824
102  0 0.843116 13 0.114512 20 0.0403411 7 0.00203123
103  0 0.791334 13 0.180013 20 0.0223355 7 0.00631738
104  0 0.766222 13 0.213352 20 0.01187 7 0.00855626
105  0 0.756219 13 0.228486 20 0.00574949 7 0.0095455
106  0 0.989478 13 0.010412 17 0.000109943
107  0 0.979845 13 0.0200692 17 8.59915e-005
108  0 0.977936 13 0.0219721 17 9.15852e-005
109  0 0.990541 13 0.00933549 17 0.000123533
110  0 0.961072 13 0.0318403 20 0.00702625 17 6.14077e-005
111  0 0.96122 13 0.0278561 20 0.0108407 17 8.3438e-005
112  0 0.959486 13 0.0251462 20 0.0152614 17 0.000105915
113  0 0.976439 13 0.023441 17 0.000120384
114  0 0.990028 13 0.00982397 17 0.000147902
115  0 0.991497 13 0.00839815 17 0.000104695
116  0 0.985378 13 0.0145402 17 8.18664e-005
117  0 0.973014 13 0.0269734 17 1.25059e-005
118  0 0.993028 13 0.0068481 17 0.000123552
119  0 0.994085 13 0.00576084 17 0.000154413
120  0 0.99132 13 0.00853641 17 0.000143208
121  0 0.990358 13 0.00947906 17 0.000162542
122  0 0.990309 13 0.00954601 17 0.000144529
123  0 0.987802 13 0.0120421 17 0.000155727
124  0 0.987677 13 0.0121813 17 0.00014182
125  0 0.990307 13 0.00956336 17 0.000129812
126  0 0.991467 13 0.0084011 17 0.000132241
127  0 0.987368 13 0.0124965 17 0.0001353
128  0 0.987814 13 0.0120092 17 0.000176994
129  0 0.798206 13 0.172811 20 0.0229883 7 0.00599453
130  0 0.837998 13 0.123067 20 0.0364248 7 0.00251026
131  0 0.885348 13 0.0721865 20 0.0423741 17 9.14804e-005
132  0 0.926023 13 0.0404075 20 0.0334359 17 0.000133627
133  0 0.953985 13 0.02756 20 0.0183214 17 0.000133319
134  0 0.920844 20 0.042488 13 0.0365128 17 0.000155455
135  0 0.953439 20 0.0254368 13 0.0209804 17 0.000143483
136  0 0.86626 13 0.08369 20 0.0499552 17 9.45183e-005
137  0 0.848614 13 0.0980652 20 0.0530942 5 0.000226165
138  0 0.910195 20 0.0486703 13 0.040959 17 0.000176276
139  0 0.951767 20 0.0372676 13 0.0107746 17 0.000190579
140  0 0.96701 13 0.0273006 20 0.00554816 17 0.000141479
141  0 0.97596 13 0.0238868 17 0.000152934
142  0 0.967024 13 0.0254258 20 0.00742174 17 0.000128416
143  0 0.967881 13 0.0168129 20 0.0151576 17 0.000147983
144  0 0.974967 13 0.0249054 17 0.000128059
145  0 0.976968 13 0.0229015 17 0.000130678
146  0 0.968583 13 0.0165279 20 0.014726 17 0.000163407
147  0 0.976037 13 0.0238072 17 0.000155369
148  0 0.945629 20 0.0381928 13 0.0159764 17 0.000202112
149  0 0.983021 13 0.0168392 17 0.00014009
150  0 0.983224 13 0.0166294 17 0.00014691
151  0 0.982446 13 0.017397 17 0.000156789
152  0 0.905636 13 0.0487982 20 0.0441325 18 0.00143315
153  0 0.857119 13 0.0797623 20 0.062121 8 0.00099737
154  0 0.803016 13 0.17265 20 0.018091 7 0.00624327
155  0 0.805105 13 0.165205 20 0.0240596 7 0.00562997
156  0 0.781074 13 0.19628 20 0.0150602 7 0.0075857
157  0 0.783679 13 0.196199 20 0.0125919 7 0.00753054
158  0 0.78797 13 0.181324 20 0.0245155 7 0.00619088
159  0 0.793744 13 0.174306 20 0.0262583 7 0.00569211
160  0 0.791994 13 0.174186 20 0.0282234 7 0.00559729
161  0 0.793888 13 0.173512 20 0.0270252 7 0.00557404
162  0 0.77196 13 0.207279 20 0.0122733 7 0.0084873
163  0 0.765716 13 0.213759 20 0.011843 7 0.00868224
164  0 0.772521 13 0.205474 20 0.0139311 7 0.00807383
165  0 0.770495 13 0.206205 20 0.0152363 7 0.00806415
166  0 0.818673 13 0.145751 20 0.0312394 7 0.00433599
167  0 0.815289 13 0.143841 20 0.0373147 7 0.00355516
168  0 0.817685 13 0.140441 20 0.038482 7 0.0033924
169  0 0.880817 13 0.0770099 20 0.0421731 17 4.17435e-007
170  0 0.915764 13 0.0515807 20 0.0326551
171  0 0.802183 13 0.164303 20 0.028207 7 0.00530663
172  0 0.864158 13 0.0896589 20 0.0461369 7 4.66842e-005
173  0 0.93699 13 0.0360609 20 0.0269022 17 4.74229e-005
174  0 0.947172 13 0.0383249 20 0.0145031
175  0 0.928281 13 0.0393547 20 0.0322851 17 7.88107e-005
176  0 0.913692 13 0.0458852 20 0.0403116 17 0.000110791
177  0 0.973991 13 0.0258666 17 0.000142198
178  0 0.954795 13 0.0234987 20 0.0215706 17 0.000136118
179  0 0.897797 13 0.0607186 20 0.0413783 17 0.000105624
180  8 0.648894 11 0.270488 7 0.0572071 15 0.0234118
181  8 0.763906 11 0.165018 7 0.0619643 13 0.00911228
182  8 0.538879 7 0.331345 11 0.113128 19 0.0166485
183  7 0.460169 8 0.361751 11 0.150054 19 0.0280267
184  8 0.877439 11 0.0955609 20 0.0137557 19 0.0132448
185  8 0.639751 7 0.249126 11 0.0798395 19 0.0312835
186  7 0.53756 8 0.296357 19 0.138215 18 0.027868
187  7 0.618855 8 0.179611 19 0.135237 18 0.0662974
188  7 0.552873 18 0.163965 8 0.20481 11 0.0783522
189  8 0.696648 11 0.266427 7 0.023857 0 0.0130679
190  8 0.805421 11 0.160219 13 0.01693 15 0.01743
191  8 0.677434 11 0.302464 15 0.00834748 0 0.0117541
192  8 0.762972 11 0.198484 15 0.0219168 13 0.0166266
193  8 0.828897 11 0.108612 15 0.0455932 13 0.0168975
194  8 0.891299 11 0.0549568 15 0.0285276 20 0.0252164
195  8 0.508293 11 0.429157 7 0.0552973 0 0.00725274
196  8 0.568842 11 0.378921 7 0.0388038 0 0.013433
197  11 0.554077 8 0.417475 7 0.0228141 0 0.00563419
198  8 0.467795 11 0.497864 7 0.024043 0 0.0102979
199  8 0.499702 11 0.472723 7 0.0172064 0 0.010369
200  8 0.616276 11 0.340719 0 0.0142279 7 0.0287776
201  9 0.679293 3 0.229984 11 0.0729095 16 0.0178136
202  9 0.670136 3 0.24422 11 0.0710214 16 0.0146223
203  9 0.626399 3 0.300461 11 0.0678536 16 0.00528613
204  9 0.653848 3 0.265064 11 0.0690764 16 0.0120115
205  9 0.664848 3 0.254057 11 0.0690025 16 0.0120919
206  9 0.630645 3 0.303248 11 0.0626858 16 0.00342185
207  9 0.56919 3 0.372418 11 0.058391
208  9 0.559547 3 0.361179 11 0.0792737
209  9 0.597833 3 0.322341 11 0.075822 16 0.00400391
210  9 0.415673 3 0.34718 11 0.184056 16 0.0530915
211  9 0.517322 3 0.365873 11 0.108051 16 0.00875427
212  9 0.475359 3 0.389383 11 0.119222 16 0.0160362
213  9 0.430762 3 0.32926 11 0.163614 16 0.076365
214  9 0.511569 3 0.397135 11 0.0793073 16 0.0119886
215  9 0.52385 3 0.307115 11 0.0920326 16 0.077002
216  9 0.596034 3 0.31985 11 0.0689846 16 0.0151318
217  9 0.641699 3 0.282819 11 0.0613438 16 0.0141383
218  9 0.744713 3 0.178639 16 0.034914 12 0.0417347
219  9 0.757444 3 0.127324 12 0.0716794 16 0.0435524
220  9 0.754425 3 0.089643 12 0.107594 16 0.0483385
221  9 0.691891 3 0.222299 11 0.0624456 16 0.0233644
222  9 0.392185 3 0.320417 11 0.211592 16 0.0758072
223  9 0.559775 3 0.33867 11 0.0817194 16 0.019836
224  9 0.403916 3 0.296956 11 0.204458 16 0.0946688
225  9 0.544901 3 0.345851 11 0.0814127 16 0.0278356
226  9 0.700704 3 0.277897 16 0.0185313 5 0.00286726
227  9 0.7315 3 0.224666 16 0.0286545 11 0.0151793
228  16 0.977654 12 0.0218701 7 0.000475925
229  16 0.978902 12 0.0158612 11 0.00446562 7 0.000771352
230  16 0.983769 12 0.0151106 7 0.000710036 11 0.000409916
231  16 0.980881 12 0.0189289 14 0.000190412
232  16 0.976458 12 0.0107029 11 0.00810328 3 0.0047354
233  16 0.981864 12 0.00990513 3 0.00462491 11 0.00360558
234  16 0.98594 12 0.00780669 3 0.00596344 1 0.000290311
235  16 0.988921 12 0.00980485 11 0.000879446 14 0.000394302
236  16 0.98522 12 0.0145037 14 0.000276057
237  16 0.976396 12 0.0141303 11 0.00870974 7 0.000763783
238  16 0.974127 12 0.0185287 11 0.00665715 7 0.000686788
239  16 0.98087 12 0.0165067 11 0.00234178 14 0.000281267
240  16 0.976644 12 0.01633 11 0.00673292 14 0.000292615
241  16 0.968141 11 0.0151727 12 0.0126808 3 0.0040052
242  16 0.970584 11 0.0177778 12 0.0106445 7 0.000993896
243  16 0.974316 12 0.0142732 11 0.0105185 7 0.000892677
244  16 0.969123 11 0.016517 12 0.0129744 3 0.00138547
245  16 0.965672 11 0.0160703 12 0.0118153 3 0.00644233
246  16 0.971119 11 0.0124141 12 0.0114096 3 0.0050572
247  16 0.984405 3 0.0155952
248  16 0.987914 3 0.0120197 1 6.65845e-005
249  16 0.98791 3 0.0120193 1 7.10279e-005
250  16 0.982916 3 0.0170836
251  16 0.992258 3 0.00725385 1 0.000351182 15 0.000136819
252  16 0.992851 3 0.00672418 1 0.000313856 15 0.000110568
253  16 0.992656 3 0.00681737 1 0.000379994 15 0.000146182
254  16 0.986763 3 0.012964 1 0.0002172 15 5.54208e-005
255  16 0.980727 3 0.0192727
256  16 0.982041 3 0.0179594
257  16 0.986145 3 0.0137201 1 0.000120086 15 1.52054e-005
258  16 0.978892 3 0.021108
259  16 0.982777 3 0.0169504 1 0.000203965 15 6.88851e-005
260  16 0.982223 3 0.0137818 12 0.00399513
261  16 0.989371 3 0.00931792 12 0.000859946 1 0.000451462
262  16 0.97826 3 0.0217397
263  16 0.975022 3 0.0249784
264  16 0.969886 3 0.0301142
265  16 0.97414 3 0.0258604
266  10 0.649003 14 0.212545 3 0.137068 16 0.00138319
267  10 0.621451 14 0.31484 3 0.0600097 19 0.00369999
268  14 0.584936 10 0.380112 3 0.0296305 19 0.00532159
269  14 0.566077 10 0.374173 3 0.0588734 16 0.000876842
270  10 0.719473 14 0.259085 3 0.0136928 9 0.00774942
271  14 0.591294 10 0.397474 3 0.00650573 19 0.00472578
272  14 0.910274 10 0.085129 4 0.00459689
273  14 0.838696 10 0.147831 3 0.0101977 4 0.00327603
274  14 0.799624 10 0.177773 3 0.0202511 4 0.00235165
275  10 0.58573 14 0.265721 3 0.147153 16 0.0013962
276  10 0.657305 3 0.290212 14 0.0445019 16 0.00798052
277  10 0.639857 3 0.290051 11 0.0414003 14 0.0286923
278  10 0.561397 14 0.304645 3 0.133111 16 0.00084661
279  10 0.627914 3 0.27631 14 0.0894512 16 0.00632496
280  10 0.5009 3 0.456904 9 0.0278912 16 0.0143052
281  3 0.45546 10 0.456796 9 0.041177 11 0.0465667
282  3 0.445839 10 0.422341 11 0.0822921 9 0.0495284
283  14 0.550766 10 0.376688 3 0.0715788 16 0.000966536
284  14 0.771425 10 0.200089 3 0.0272347 4 0.00125074
285  14 0.734949 10 0.229516 3 0.0325971 19 0.00293797
286  14 0.55238 10 0.378142 3 0.0687378 16 0.000739955
287  10 0.80122 3 0.162783 11 0.0311163 1 0.00488104
288  10 0.754297 14 0.143333 3 0.069408 11 0.032962
289  10 0.736184 3 0.153783 11 0.10611 1 0.00392308
290  10 0.765186 11 0.112594 3 0.0682661 14 0.0539541
291  10 0.79431 11 0.151755 14 0.0442889 3 0.00964609
292  10 0.808131 14 0.110346 11 0.0683058 3 0.0132174
293  10 0.534354 3 0.365877 14 0.0604798 11 0.0392891
294  10 0.512226 3 0.44139 14 0.0256083 16 0.0207761
295  10 0.620325 3 0.247817 14 0.126965 16 0.00489287
296  10 0.586127 14 0.21609 3 0.193841 16 0.00394162
297  10 0.541558 14 0.341346 3 0.116384 16 0.000712853
298  10 0.517548 14 0.384838 3 0.0958691 19 0.00174543
299  10 0.594509 3 0.214847 14 0.171446 6 0.0191982
300  10 0.579491 3 0.286499 14 0.0682244 6 0.0657849
301  10 0.434084 3 0.430058 11 0.0954336 14 0.0404235
302  10 0.546057 14 0.274766 3 0.112215 6 0.066961
303  10 0.574029 3 0.180459 6 0.141464 14 0.104047
304  10 0.541751 3 0.226861 6 0.214703 11 0.0166847
305  10 0.482286 3 0.357928 6 0.0990114 11 0.0607747
306  3 0.462965 10 0.376805 11 0.095734 9 0.064496
307  10 0.454394 14 0.445141 3 0.0966689 16 0.00379664
308  14 0.489154 10 0.44754 3 0.0580755 9 0.00523035
309  14 0.498881 10 0.455847 3 0.0347164 9 0.0105558
310  14 0.503503 10 0.425488 3 0.0528627 6 0.0181468
311  13 0.42772 0 0.394498 20 0.172576 7 0.00520547
312  0 0.522333 13 0.382062 20 0.0869869 7 0.00861781
313  0 0.661926 13 0.253762 20 0.081085 7 0.003227
314  0 0.575263 13 0.300376 20 0.122106 7 0.00225468
315  0 0.638353 13 0.287409 20 0.0681082 7 0.00613
316  0 0.755588 13 0.189725 20 0.0521536 7 0.00253371
317  0 0.881065 13 0.117599 7 0.00118501 5 0.0001511
318  0 0.756595 13 0.195031 20 0.0465217 7 0.00185227
319  0 0.626847 13 0.274464 20 0.0964032 7 0.00228614
320  0 0.427099 13 0.378993 20 0.193277 5 0.000630916
321  13 0.431165 0 0.317189 20 0.250968 5 0.000677682
322  0 0.491192 13 0.350327 20 0.15773 5 0.000751636
323  13 0.427527 0 0.374726 20 0.197377 5 0.000370282
324  13 0.445971 0 0.314582 20 0.239448
325  13 0.451788 0 0.3024 20 0.245339 5 0.000472965
326  13 0.539819 0 0.302952 20 0.144768 7 0.0124615
327  13 0.53881 0 0.398381 20 0.0454368 7 0.0173729
328  13 0.688341 0 0.237319 20 0.0507197 7 0.0236201
329  13 0.704405 0 0.272613 7 0.018996 11 0.00398549
330  13 0.622463 0 0.35758 7 0.0159875 11 0.00397001
331  0 0.510116 13 0.450344 20 0.0244931 7 0.015047
332  13 0.484941 0 0.282398 20 0.231214 5 0.00144684
333  13 0.484619 0 0.282272 20 0.231651 5 0.00145838
334  13 0.483445 0 0.283624 20 0.231524 5 0.00140684
335  13 0.484089 0 0.283689 20 0.230815 5 0.00140653
336  13 0.484416 0 0.282015 20 0.232113 5 0.00145528
337  13 0.483299 0 0.283042 20 0.232265 5 0.00139352
338  13 0.482033 0 0.284639 20 0.232028 5 0.00130015
339  13 0.481648 0 0.28636 20 0.230665 5 0.00132772
340  13 0.482124 0 0.287058 20 0.229486 5 0.00133259
341  13 0.485668 0 0.28273 20 0.230216 5 0.00138667
342  13 0.48609 0 0.281548 20 0.230917 5 0.00144525
343  13 0.484251 0 0.285765 20 0.228678 5 0.00130587
344  13 0.487499 0 0.282534 20 0.228702 5 0.0012658
345  13 0.487609 0 0.281003 20 0.23003 5 0.00135845
346  13 0.487446 0 0.280434 20 0.230691 5 0.00142902
347  13 0.485859 0 0.281277 20 0.231386 5 0.00147806
348  13 0.487105 0 0.280322 20 0.231099 5 0.00147458
349  13 0.486555 0 0.280493 20 0.231452 5 0.00149959
350  13 0.485477 0 0.281223 20 0.231811 5 0.00148873
351  13 0.487101 0 0.27981 20 0.231604 5 0.00148542
352  13 0.487122 0 0.279639 20 0.231783 5 0.00145574
353  13 0.486031 0 0.280351 20 0.23215 5 0.00146797
354  13 0.486452 0 0.280256 20 0.231793 5 0.00149825
355  13 0.48719 0 0.279095 20 0.232315 5 0.00139959
356  13 0.485669 0 0.280121 20 0.232793 5 0.00141636
357  13 0.484633 0 0.281029 20 0.232905 5 0.00143307
358  13 0.485275 0 0.280946 20 0.232299 5 0.00147933
359  13 0.485857 0 0.280665 20 0.231977 5 0.00150135
360  13 0.487657 0 0.279536 20 0.23132 5 0.00148749
361  13 0.48804 0 0.27915 20 0.23136 5 0.00145014
362  13 0.487974 0 0.279417 20 0.231127 5 0.00148236
363  13 0.488394 0 0.27912 20 0.231033 5 0.00145252
364  13 0.489013 0 0.278551 20 0.23104 5 0.00139539
365  13 0.488509 0 0.278452 20 0.231647 5 0.00139135
366  0 0.999354 5 0.000349611 17 0.000242146 2 5.37523e-005
367  0 0.999444 5 0.000299612 17 0.000194118 2 6.2505e-005
368  0 0.999447 5 0.000271706 17 0.000222795 2 5.82711e-005
369  0 0.999245 5 0.000375298 17 0.000310174 2 6.97509e-005
370  0 0.999585 5 0.00024527 17 0.000134366 2 3.56614e-005
371  0 0.999618 5 0.000207727 17 0.000143389 2 3.07324e-005
372  0 0.999633 17 0.000169198 5 0.000171064 2 2.64121e-005
373  0 0.999389 17 0.000275332 5 0.000279216 2 5.60429e-005
374  0 0.999189 17 0.000349617 5 0.000379739 2 8.20608e-005
375  0 0.99912 5 0.000445179 17 0.000329187 2 0.000105165
376  0 0.999258 5 0.000422685 17 0.000239143 2 8.02061e-005
377  0 0.999079 5 0.000458534 17 0.000354512 2 0.000107916
378  0 0.999062 5 0.000472615 17 0.000354917 2 0.0001107
379  0 0.999127 5 0.000455007 17 0.000314158 2 0.000104183
380  0 0.999215 5 0.000434648 17 0.000256808 2 9.32254e-005
381  0 0.999396 5 0.000346373 17 0.000185621 2 7.18666e-005
382  0 0.999316 5 0.000402421 17 0.000200786 2 8.03662e-005
383  0 0.999417 5 0.000377242 17 0.000157467 2 4.87873e-005
384  0 0.999518 5 0.000300044 17 0.000139784 2 4.20295e-005
385  0 0.999113 5 0.000503913 17 0.00028601 15 9.7028e-005
386  0 0.999122 5 0.000512965 17 0.000263937 15 0.000101373
387  0 0.999232 5 0.000453492 17 0.000228678 2 8.60377e-005
388  0 0.999181 5 0.000457027 17 0.000267631 2 9.47478e-005
389  0 0.999137 5 0.000522285 17 0.000234765 15 0.000105859
390  0 0.9993 5 0.000453604 17 0.00017908 15 6.72191e-005
391  0 0.999042 5 0.000527963 17 0.000319638 15 0.000110286
392  0 0.998993 5 0.00056661 17 0.000309494 15 0.00013079
393  0 0.998951 5 0.000557432 17 0.000365921 15 0.000126125
394  0 0.998856 5 0.000617579 17 0.000368066 15 0.000158076
