#####################################################
# (c) Binh Le (bhle2@cs.uh.edu)
#
# Running time: 48.555 (s)
# Repeat      : 11
#
#####################################################
*OBJFILENAME
..\Data\wolf.obj
#####################################################
*BONEANIMATION, BONEINDEX=0, NFRAMES=21
0 0.928106 -0.24422 0.281025 -0.484587 -0.0481 0.669829 0.740956 -1.71434 -0.369195 -0.701203 0.609926 2.1152 0 0 0 1
1 1 -7.13515e-005 -0.000235466 0.000927819 7.13015e-005 1 -0.000212388 0.00076966 0.000235481 0.000212371 1 -0.000204502 0 0 0 1
2 1 0.00030167 0.000669084 -0.00274295 -0.000301918 1 0.000370499 -0.00130874 -0.000668972 -0.000370701 1 0.000351081 0 0 0 1
3 1 -2.45591e-005 -0.000365293 0.0014486 2.43665e-005 1 -0.000527187 0.001887 0.000365306 0.000527178 1 -0.000564756 0 0 0 1
4 1 2.36692e-005 3.7113e-005 -0.000154752 -2.36719e-005 1 7.31931e-005 -0.000273763 -3.71113e-005 -7.3194e-005 1 5.03875e-005 0 0 0 1
5 1 2.73099e-006 2.84655e-006 -1.19242e-005 -2.731e-006 1 2.48915e-006 -8.93284e-006 -2.84655e-006 -2.48916e-006 1 3.47549e-006 0 0 0 1
6 1 -4.14122e-008 -7.86892e-008 3.21747e-007 4.14122e-008 1 1.30448e-007 -5.02002e-007 7.86892e-008 -1.30448e-007 1 6.50407e-008 0 0 0 1
7 1 -2.25672e-005 4.62383e-005 -0.000148798 2.25658e-005 1 3.0317e-005 -0.000104343 -4.6239e-005 -3.03159e-005 1 3.9141e-005 0 0 0 1
8 1 -8.32907e-006 8.26401e-006 -2.48041e-005 8.32921e-006 1 -1.66669e-005 6.43625e-005 -8.26387e-006 1.66669e-005 1 -7.94149e-006 0 0 0 1
9 1 8.17718e-007 6.47877e-007 -3.23651e-006 -8.17718e-007 1 -6.62952e-007 2.79598e-006 -6.47878e-007 6.62952e-007 1 -1.44906e-007 0 0 0 1
10 1 4.72858e-005 0.000224641 -0.000872619 -4.73403e-005 1 0.000242311 -0.000889071 -0.00022463 -0.000242321 1 0.000202501 0 0 0 1
11 0.928121 0.320679 0.189095 -0.697381 -0.366378 0.696725 0.616718 -1.162 0.0660212 -0.641669 0.764135 1.06973 0 0 0 1
12 1 9.29628e-005 0.000273144 -0.00107691 -9.30263e-005 1 0.000232585 -0.000856663 -0.000273122 -0.00023261 1 0.000170687 0 0 0 1
13 1 1.05309e-005 -3.80724e-006 6.43718e-006 -1.0531e-005 1 -2.30864e-005 8.6908e-005 3.80699e-006 2.30865e-005 1 -1.71747e-005 0 0 0 1
14 0.999564 -0.0194176 0.0222632 -0.0240283 0.0191666 0.999751 0.0114339 -0.0154301 -0.0224797 -0.0110022 0.999687 0.00391134 0 0 0 1
15 1 0.000443717 5.83702e-005 -0.000526754 -0.000443767 1 0.000856807 -0.00315484 -5.799e-005 -0.000856833 1 0.000841649 0 0 0 1
16 1 2.74552e-005 0.000132489 -0.000516037 -2.74149e-005 1 -0.000304144 0.00113471 -0.000132497 0.00030414 1 -0.000217427 0 0 0 1
17 1 -2.31108e-005 -1.75456e-006 1.64721e-005 2.31106e-005 1 -6.18068e-005 0.000228775 1.75599e-006 6.18068e-005 1 -5.25452e-005 0 0 0 1
18 1 -0.000269471 2.32556e-005 0.000107405 0.000269481 1 -0.00043046 0.00155119 -2.31396e-005 0.000430466 1 -0.000363807 0 0 0 1
19 0.999999 0.00152694 -0.000374016 0.000421922 -0.00152784 0.999996 -0.00242093 0.00897154 0.000370318 0.0024215 0.999997 -0.00176732 0 0 0 1
20 1 -0.00019087 -0.000472005 0.00191994 0.000190923 1 0.000112221 -0.000561859 0.000471984 -0.000112311 1 -2.06647e-005 0 0 0 1
#####################################################
*BONEANIMATION, BONEINDEX=1, NFRAMES=21
0 1 -4.37466e-006 -1.60165e-006 -1.10049e-005 4.37464e-006 1 -1.18041e-005 -5.12204e-005 1.60171e-006 1.18041e-005 1 1.07458e-005 0 0 0 1
1 1 2.2797e-006 -6.27161e-007 -4.27675e-007 -2.2797e-006 1 -1.02425e-006 -3.09275e-006 6.27158e-007 1.02426e-006 1 8.17478e-007 0 0 0 1
2 1 -2.77148e-006 5.57328e-006 1.99323e-005 2.77142e-006 1 1.22216e-005 4.75523e-005 -5.57331e-006 -1.22216e-005 1 -1.17049e-005 0 0 0 1
3 0.989137 0.146093 -0.0162956 -0.0237328 -0.126099 0.90025 0.416712 -0.527563 0.0755487 -0.410131 0.908892 0.250012 0 0 0 1
4 0.995612 -0.0163972 0.0921277 0.0949147 0.0473095 0.937636 -0.344384 -0.400531 -0.0807353 0.347231 0.934298 0.0564842 0 0 0 1
5 0.904359 0.426029 0.0251786 0.017582 -0.330133 0.735743 -0.591349 -1.09908 -0.270457 0.52648 0.806023 -0.404684 0 0 0 1
6 0.906437 0.127297 -0.4027 -0.98259 0.120185 0.836328 0.534894 1.31023 0.404879 -0.533246 0.74278 -1.2008 0 0 0 1
7 1 -2.22546e-005 5.73415e-007 -2.25314e-005 2.22546e-005 1 7.28008e-007 8.27327e-006 -5.73431e-007 -7.27995e-007 1 -9.55246e-006 0 0 0 1
8 1 -1.42747e-005 2.63351e-005 9.65234e-005 1.42739e-005 1 2.87704e-005 0.000122694 -2.63356e-005 -2.877e-005 1 -3.63451e-005 0 0 0 1
9 1 1.70511e-006 2.089e-006 1.03942e-005 -1.7051e-006 1 -3.92186e-006 -1.62188e-005 -2.08901e-006 3.92185e-006 1 2.89316e-006 0 0 0 1
10 1 0.000224268 0.000123947 0.000742637 -0.000224225 1 -0.000343277 -0.00126358 -0.000124024 0.000343249 1 0.000293449 0 0 0 1
11 1 4.6636e-006 -1.24264e-006 9.84044e-007 -4.66358e-006 1 1.23244e-005 5.31402e-005 1.2427e-006 -1.23244e-005 1 -1.0876e-005 0 0 0 1
12 1 0.000147593 0.000327752 0.00158904 -0.000147579 1 -4.30309e-005 -0.00038243 -0.000327758 4.29825e-005 1 -6.5404e-005 0 0 0 1
13 1 6.71287e-005 3.00929e-005 0.000213719 -6.71292e-005 1 1.58556e-005 -9.62624e-006 -3.00918e-005 -1.58576e-005 1 -0.000138686 0 0 0 1
14 1 1.04506e-006 1.93307e-006 8.68866e-006 -1.04506e-006 1 -1.35859e-006 -6.09957e-006 -1.93308e-006 1.35859e-006 1 1.50997e-006 0 0 0 1
15 1 -5.26561e-005 -1.32601e-005 -0.000102153 5.26561e-005 1 -2.62067e-006 -2.3747e-005 1.32603e-005 2.61997e-006 1 -4.20139e-006 0 0 0 1
16 1 -1.47013e-005 -2.40391e-007 -1.53194e-005 1.47013e-005 1 -3.70386e-005 -0.000148735 2.40936e-007 3.70386e-005 1 3.89075e-005 0 0 0 1
17 1 1.60835e-006 -3.68104e-007 2.84415e-007 -1.60835e-006 1 -4.64585e-006 -1.85117e-005 3.68097e-007 4.64585e-006 1 5.3513e-006 0 0 0 1
18 1 -3.14517e-005 -6.7186e-006 -5.95778e-005 3.14514e-005 1 -4.5032e-005 -0.000180346 6.72002e-006 4.50318e-005 1 4.57196e-005 0 0 0 1
19 1 2.77261e-005 -3.19577e-005 -0.000101788 -2.77252e-005 1 3.00563e-005 0.000146649 3.19585e-005 -3.00555e-005 1 -4.44234e-005 0 0 0 1
20 1 3.94295e-005 3.07638e-005 0.000179595 -3.94317e-005 1 6.93658e-005 0.000285932 -3.0761e-005 -6.9367e-005 1 -8.90704e-005 0 0 0 1
#####################################################
*BONEANIMATION, BONEINDEX=2, NFRAMES=21
0 1 -0.000113171 0.000404131 -0.00102077 0.000113156 1 3.7291e-005 -7.67446e-005 -0.000404136 -3.72453e-005 1 -0.00028713 0 0 0 1
1 0.934954 0.236408 0.264524 0.0145245 0.135672 0.450685 -0.882313 0.464246 -0.327803 0.86081 0.389296 2.23385 0 0 0 1
2 0.999743 -0.0166062 0.0154041 -0.0678172 0.00624567 0.855813 0.517248 -1.16086 -0.0217726 -0.517019 0.855697 -1.30288 0 0 0 1
3 1 -0.000822995 9.31712e-005 -0.00269638 0.000822921 0.999999 0.000792138 -0.00133266 -9.38231e-005 -0.000792061 1 -0.00287761 0 0 0 1
4 1 8.54004e-005 0.000108659 8.35687e-005 -8.53838e-005 1 -0.000152859 0.000315165 -0.000108672 0.00015285 1 0.000593548 0 0 0 1
5 1 1.10692e-005 1.14332e-005 1.44753e-005 -1.10692e-005 1 7.60047e-006 -2.07673e-005 -1.14332e-005 -7.60059e-006 1 -3.39888e-005 0 0 0 1
6 1 -3.17949e-008 -5.19939e-008 -1.91433e-009 3.17949e-008 1 3.89177e-008 -6.13271e-008 5.19939e-008 -3.89177e-008 1 -1.09448e-007 0 0 0 1
7 0.999999 -0.000993177 0.000279433 -0.00392061 0.000993217 0.999999 -0.000143198 0.000723892 -0.000279291 0.000143475 1 0.000459301 0 0 0 1
8 1 -5.88475e-005 -1.88522e-005 -0.000170552 5.88465e-005 1 -5.01976e-005 0.000120138 1.88551e-005 5.01965e-005 1 0.000195824 0 0 0 1
9 1 6.25702e-006 2.43583e-006 1.77225e-005 -6.25703e-006 1 3.1469e-006 -7.93347e-006 -2.43581e-006 -3.14692e-006 1 -1.17687e-005 0 0 0 1
10 1 0.000126168 0.00043153 -0.000343522 -0.000126036 1 -0.000305309 0.000513123 -0.000431569 0.000305254 1 0.00102642 0 0 0 1
11 1 -0.000122053 0.000489337 -0.00100899 0.000122287 1 -0.000478551 0.000966209 -0.000489279 0.000478611 1 0.0011068 0 0 0 1
12 1 0.000170298 0.000261882 0.000112888 -0.000170065 1 -0.000887491 0.00156876 -0.000262033 0.000887447 1 0.00327942 0 0 0 1
13 1 -2.71488e-005 -3.59649e-005 -1.47345e-005 2.71491e-005 1 6.49598e-006 1.6849e-006 3.59648e-005 -6.49696e-006 1 -9.68824e-006 0 0 0 1
14 1 3.25245e-005 -0.000214489 0.000351149 -3.25214e-005 1 1.42464e-005 -4.53143e-005 0.000214489 -1.42394e-005 1 -1.93023e-006 0 0 0 1
15 1 -0.000583317 -0.000160383 -0.00141425 0.000583349 1 0.000196827 -3.44009e-005 0.000160268 -0.00019692 1 -0.000186217 0 0 0 1
16 1 -0.000375434 0.000300152 -0.00170377 0.000375363 1 0.000234501 -0.000256802 -0.00030024 -0.000234388 1 -0.000926122 0 0 0 1
17 1 -5.89567e-005 -2.56416e-005 -0.00016741 5.89563e-005 1 -1.64357e-005 5.55241e-005 2.56426e-005 1.64342e-005 1 8.41873e-005 0 0 0 1
18 1 -0.00079604 0.000205631 -0.00313197 0.000796033 1 3.43483e-005 0.00029471 -0.000205658 -3.41846e-005 1 -0.000273945 0 0 0 1
19 0.908348 0.0541392 -0.414697 0.537889 0.143054 0.89155 0.429738 -0.546273 0.392989 -0.449676 0.802092 0.399378 0 0 0 1
20 0.984684 -0.164748 -0.0570602 -0.000158753 0.152437 0.654675 0.740381 -1.30828 -0.0846201 -0.737739 0.669761 0.125801 0 0 0 1
#####################################################
*BONEANIMATION, BONEINDEX=3, NFRAMES=21
0 1 0.000109862 -0.000227285 -0.000175124 -0.000109875 1 -6.04802e-005 -0.000155893 0.000227279 6.05052e-005 1 0.000354946 0 0 0 1
1 1 6.17174e-005 0.000184098 0.000326966 -6.17157e-005 1 -9.14919e-006 -9.89763e-005 -0.000184099 9.13783e-006 1 -0.000216272 0 0 0 1
2 1 -0.000129217 -5.49575e-005 -0.000270474 0.000129208 1 -0.000166859 4.60271e-006 5.4979e-005 0.000166852 1 0.000422477 0 0 0 1
3 0.989863 0.141002 -0.016995 -0.0290912 -0.120936 0.899576 0.419687 -0.519509 0.0744651 -0.413377 0.90751 0.24257 0 0 0 1
4 0.999999 0.000943801 0.000648223 0.00193685 -0.000936335 0.999934 -0.0114238 -0.0111913 -0.000658962 0.0114232 0.999935 0.00916248 0 0 0 1
5 0.999998 0.000676681 -0.00164848 -0.00124367 -0.000674267 0.999999 0.0014645 0.00109282 0.00164947 -0.00146339 0.999998 -0.000649288 0 0 0 1
6 1 4.85325e-006 1.46187e-006 9.49345e-006 -4.85325e-006 1 -6.98832e-007 -5.70573e-006 -1.46187e-006 6.98825e-007 1 2.10081e-006 0 0 0 1
7 0.964018 -0.25256 0.0829599 8.95339e-005 0.176748 0.842045 0.509628 0.505497 -0.198568 -0.476628 0.856386 -0.332122 0 0 0 1
8 0.999982 0.00589181 -0.000979209 0.00488609 -0.00587853 0.999898 0.0130512 0.0168652 0.001056 -0.0130452 0.999914 -0.0147186 0 0 0 1
9 0.999999 0.000959312 0.000317434 0.000421515 -0.000959284 1 -8.70692e-005 0.000799046 -0.000317518 8.67647e-005 1 -0.00130438 0 0 0 1
10 0.999926 0.00838979 -0.00885211 0.000230813 -0.00846971 0.999923 -0.00902946 -0.0186357 0.00877567 0.00910376 0.99992 0.0190084 0 0 0 1
11 1 0.000121875 0.000473727 0.000804203 -0.000122107 1 0.000488612 0.000552231 -0.000473667 -0.00048867 1 -0.0011043 0 0 0 1
12 0.999691 0.0193842 -0.0155715 0.00603274 -0.0196568 0.999653 -0.0175534 -0.0391858 0.0152259 0.017854 0.999725 0.033809 0 0 0 1
13 0.99993 0.0115671 -0.00254251 0.0104381 -0.0115722 0.999931 -0.00198984 -0.0119605 0.00251932 0.00201912 0.999995 0.00429963 0 0 0 1
14 1 -9.35524e-006 -0.000226625 -0.000342041 9.28421e-006 1 -0.000313431 -0.000387392 0.000226628 0.000313429 1 0.000585001 0 0 0 1
15 0.999989 -0.00449216 -0.000979348 -0.00654754 0.0044949 0.999986 0.00281388 0.00739088 0.000966693 -0.00281825 0.999996 -0.00294376 0 0 0 1
16 1 -0.000406628 0.000301314 -1.30334e-005 0.000406341 0.999999 0.000953002 0.00153063 -0.000301701 -0.00095288 1 -0.00143774 0 0 0 1
17 1 0.000149075 -3.42917e-006 0.000170809 -0.000149075 1 -2.62991e-005 -0.000185094 3.42525e-006 2.62996e-005 1 9.44178e-006 0 0 0 1
18 0.999999 -0.000358441 -0.00136607 -0.00231028 0.000360562 0.999999 0.00155328 0.00232634 0.00136551 -0.00155377 0.999998 -0.000723424 0 0 0 1
19 0.999995 0.000370384 0.00323389 0.0047096 -0.000384625 0.99999 0.00440409 0.00502202 -0.00323223 -0.00440531 0.999985 -0.00836979 0 0 0 1
20 0.999996 -0.000281361 0.00267133 0.00305656 0.000280754 1 0.000227562 0.000133279 -0.0026714 -0.000226811 0.999996 -0.00290551 0 0 0 1
#####################################################
*BONEANIMATION, BONEINDEX=4, NFRAMES=21
0 1 2.18162e-005 1.84539e-005 0.000117662 -2.18147e-005 1 -8.32507e-005 -0.000194272 -1.84557e-005 8.32503e-005 1 0.00029531 0 0 0 1
1 1 -2.16065e-005 -1.16759e-005 -9.62271e-005 2.16068e-005 1 2.57351e-005 6.06401e-005 1.16754e-005 -2.57354e-005 1 -9.3985e-005 0 0 0 1
2 1 7.73735e-005 2.15542e-005 0.000299622 -7.73715e-005 1 -9.31446e-005 -0.000193263 -2.15614e-005 9.31429e-005 1 0.000311511 0 0 0 1
3 0.989095 0.146413 -0.0159347 -0.0220356 -0.126705 0.901092 0.414704 -0.529128 0.0750765 -0.408162 0.909817 0.259338 0 0 0 1
4 0.999999 0.00129016 0.000965317 0.00649326 -0.00129343 0.999993 0.00338813 0.00761061 -0.00096094 -0.00338938 0.999994 -0.00886397 0 0 0 1
5 1 6.03237e-005 -7.3285e-005 -2.84225e-005 -6.03246e-005 1 -1.20512e-005 9.88808e-005 7.32843e-005 1.20556e-005 1 -7.25654e-005 0 0 0 1
6 1 3.25876e-007 -6.20655e-007 2.65786e-007 -3.25876e-007 1 7.42295e-007 1.10448e-006 6.20656e-007 -7.42295e-007 1 -2.63457e-006 0 0 0 1
7 0.999999 0.000972858 0.00072961 0.00467191 -0.000972342 0.999999 -0.000707151 -0.000995642 -0.000730298 0.000706441 0.999999 0.00263025 0 0 0 1
8 1 -0.000202281 -0.000136583 -0.000924439 0.000202294 1 9.70014e-005 0.000184736 0.000136564 -9.7029e-005 1 -0.000464288 0 0 0 1
9 1 3.51013e-005 -1.0408e-005 8.70205e-005 -3.51011e-005 1 2.24078e-005 6.07344e-005 1.04088e-005 -2.24074e-005 1 -7.29188e-005 0 0 0 1
10 0.964443 -0.249641 -0.0867734 -0.196135 0.228738 0.623955 0.747235 0.662119 -0.132397 -0.740513 0.658871 -0.65584 0 0 0 1
11 1 4.77449e-005 -9.43356e-006 0.000140683 -4.77442e-005 1 6.86783e-005 0.00017282 9.43683e-006 -6.86779e-005 1 -0.000237406 0 0 0 1
12 0.987869 0.0774211 -0.134616 -0.0489536 -0.131767 0.876619 -0.462792 -0.654374 0.0821774 0.474915 0.876186 0.375499 0 0 0 1
13 0.999155 0.0100985 0.0398402 0.113596 0.0234907 0.655099 -0.755178 -2.43846 -0.0337255 0.755475 0.654308 0.957195 0 0 0 1
14 1 -6.03108e-005 -1.96315e-005 -0.000244494 6.03102e-005 1 -2.64146e-005 -8.97903e-005 1.9633e-005 2.64134e-005 1 7.95768e-005 0 0 0 1
15 1 0.00077207 0.000611812 0.00396939 -0.000771534 0.999999 -0.00087474 -0.00184365 -0.000612487 0.000874268 0.999999 0.00346224 0 0 0 1
16 1 0.000350613 0.000101273 0.00139261 -0.000350633 1 0.000199375 0.000649256 -0.000101203 -0.000199411 1 -0.000608007 0 0 0 1
17 1 9.7497e-006 5.02329e-006 4.51348e-005 -9.74959e-006 1 -2.26538e-005 -4.09933e-005 -5.02352e-006 2.26538e-005 1 7.29256e-005 0 0 0 1
18 1 -0.000170534 1.91925e-006 -0.000541253 0.000170534 1 7.06221e-005 8.60498e-005 -1.9313e-006 -7.06218e-005 1 -0.000171438 0 0 0 1
19 0.999999 -0.00132156 -0.000296001 -0.00503962 0.00132183 0.999999 0.000899573 0.00176871 0.000294812 -0.000899964 1 -0.00333906 0 0 0 1
20 1 0.00054258 6.36324e-005 0.0019554 -0.000542577 1 -4.37403e-005 0.000203069 -6.36561e-005 4.37057e-005 1 0.00016251 0 0 0 1
#####################################################
*BONEANIMATION, BONEINDEX=5, NFRAMES=21
0 0.999999 0.000483822 -0.000927321 0.00235869 -0.000484016 1 -0.000208993 0.00111912 0.00092722 0.000209442 1 0.000381723 0 0 0 1
1 1 0.000603079 0.000328701 1.5213e-005 -0.000603129 1 0.000152001 0.000625381 -0.000328609 -0.000152199 1 -2.63988e-005 0 0 0 1
2 0.99999 -0.0041576 0.00170618 -0.0071414 0.00416261 0.999987 -0.00294527 -0.000291135 -0.00169391 0.00295234 0.999994 0.00574655 0 0 0 1
3 0.999979 0.00310429 -0.00563812 0.0143139 -0.00309314 0.999993 0.0019852 0.000144352 0.00564425 -0.00196772 0.999982 -0.00959443 0 0 0 1
4 1 0.000714277 -0.000220044 0.00165036 -0.00071427 1 3.1421e-005 0.000358656 0.000220066 -3.12638e-005 1 -3.37425e-005 0 0 0 1
5 1 -7.99888e-006 -4.54454e-005 3.80117e-005 7.99689e-006 1 -4.38199e-005 2.63091e-005 4.54458e-005 4.38195e-005 1 7.36488e-005 0 0 0 1
6 1 -2.89882e-008 3.4983e-007 -5.76764e-007 2.89882e-008 1 -5.1172e-008 7.31113e-008 -3.4983e-007 5.1172e-008 1 4.51462e-007 0 0 0 1
7 0.999999 0.00107335 0.000185001 0.00186082 -0.0010733 0.999999 -0.000291655 0.00151022 -0.000185314 0.000291456 1 0.000582249 0 0 0 1
8 1 -0.000162811 0.000243793 -0.000649894 0.000162767 1 0.000178248 -0.000220011 -0.000243822 -0.000178209 1 -0.000277759 0 0 0 1
9 1 4.47701e-005 9.88483e-006 6.87767e-005 -4.47698e-005 1 -3.165e-005 7.59592e-005 -9.88624e-006 3.16495e-005 1 7.29075e-005 0 0 0 1
10 0.999999 0.000917845 0.00131952 -0.000108473 -0.000914621 0.999997 -0.00244175 0.00449324 -0.00132176 0.00244054 0.999996 0.00559787 0 0 0 1
11 0.999998 0.00019033 0.00213589 -0.00239175 -0.000192942 0.999999 0.00122276 -0.00203797 -0.00213566 -0.00122317 0.999997 -0.0013379 0 0 0 1
12 0.999994 0.00238779 -0.00250132 0.00905055 -0.002384 0.999996 0.00151667 -0.00104498 0.00250494 -0.0015107 0.999996 -0.00488139 0 0 0 1
13 1 -6.3552e-005 0.000336772 -0.000620915 6.35667e-005 1 -4.38562e-005 -9.59114e-006 -0.000336769 4.38776e-005 1 0.000314128 0 0 0 1
14 1 -0.000376374 2.56418e-005 -0.00101429 0.000376385 1 -0.000443172 -1.53365e-005 -2.5475e-005 0.000443182 1 0.000707794 0 0 0 1
15 0.98666 0.0894307 0.136031 -0.21012 -0.0250645 0.909084 -0.415859 0.59822 -0.160854 0.406901 0.899198 -0.0296614 0 0 0 1
16 0.977057 0.0705543 0.200951 -0.278891 -0.00011975 0.943715 -0.330758 0.52795 -0.212977 0.323146 0.922072 0.418228 0 0 0 1
17 0.999977 0.00672657 0.00105727 -0.000146787 -0.00670944 0.999858 -0.0154464 0.0309162 -0.00116102 0.0154389 0.99988 0.0101517 0 0 0 1
18 0.999869 0.00972579 -0.012948 0.0296092 -0.0111636 0.99318 -0.116058 0.195016 0.0117309 0.116187 0.993158 0.0747195 0 0 0 1
19 0.999955 0.00529466 -0.00786526 0.0206166 -0.00521621 0.999937 0.00996209 -0.00913122 0.00791751 -0.00992062 0.999919 -0.0221457 0 0 0 1
20 0.999957 0.00351248 -0.00857933 0.0188335 -0.00344071 0.999959 0.00836607 -0.0094571 0.00860837 -0.00833619 0.999928 -0.0201408 0 0 0 1
#####################################################
*BONEANIMATION, BONEINDEX=6, NFRAMES=21
0 1 0.000148358 9.82493e-006 0.000273931 -0.000148352 1 -0.000573042 -0.000897271 -9.90994e-006 0.000573041 1 0.000824771 0 0 0 1
1 1 7.62436e-005 4.80528e-005 0.000105886 -7.62528e-005 1 0.000192301 0.00036975 -4.80382e-005 -0.000192304 1 -0.00032492 0 0 0 1
2 1 -0.000194776 6.32531e-005 -3.46587e-005 0.000194786 1 -0.000145337 -0.0005386 -6.32248e-005 0.000145349 1 0.000128834 0 0 0 1
3 0.988472 0.149744 -0.0223725 -0.0283032 -0.127655 0.903719 0.408651 -0.537048 0.0814114 -0.401084 0.912416 0.271226 0 0 0 1
4 0.999976 0.00684356 -0.000745221 0.0112082 -0.00684247 0.999976 0.00145762 -0.00221443 0.000755178 -0.00145248 0.999999 0.00341948 0 0 0 1
5 0.999998 -0.00157345 0.000800314 -0.00197076 0.00157234 0.999998 0.00138581 0.00123265 -0.000802493 -0.00138455 0.999999 -0.0025678 0 0 0 1
6 1 8.69587e-006 -3.05412e-006 1.24162e-005 -8.69589e-006 1 -5.57008e-006 -2.38512e-006 3.05407e-006 5.5701e-006 1 9.66828e-006 0 0 0 1
7 0.999999 0.000663706 0.00102308 -9.23817e-005 -0.000659962 0.999993 -0.00365505 -0.00565827 -0.00102549 0.00365437 0.999993 0.000951668 0 0 0 1
8 1 0.000331787 -0.000401383 0.000164377 -0.000331355 0.999999 0.00107725 0.00216537 0.00040174 -0.00107711 0.999999 -0.00233611 0 0 0 1
9 1 -0.000185918 0.000275697 0.000118931 0.000185945 1 -0.000100847 -0.000274283 -0.000275678 0.000100899 1 0.000380776 0 0 0 1
10 0.966996 -0.239287 -0.0875274 -0.161406 0.222182 0.62377 0.749364 0.685734 -0.124716 -0.744079 0.656348 -0.61636 0 0 0 1
11 1 0.000132773 0.000128019 0.000465318 -0.000132806 1 0.000261424 0.000581541 -0.000127984 -0.000261441 1 -0.000206104 0 0 0 1
12 0.996424 0.0568134 -0.0625451 0.00348994 -0.071895 0.958951 -0.274307 -0.351217 0.0443934 0.277822 0.959606 0.270289 0 0 0 1
13 0.999851 0.0166191 -0.00462173 0.0172403 -0.0167306 0.999541 -0.0252477 0.011455 0.00420002 0.0253213 0.999671 0.0195325 0 0 0 1
14 1 -0.000150481 -0.000152014 -0.000490142 0.000150477 1 -2.63613e-005 -0.000167255 0.000152018 2.63384e-005 1 -8.12292e-006 0 0 0 1
15 0.999993 0.00355735 -0.00125425 0.00474221 -0.0035647 0.999976 -0.00590466 -0.00965577 0.00123322 0.00590908 0.999982 0.0103282 0 0 0 1
16 0.999999 0.000646598 0.00109116 0.00301404 -0.000646496 1 -9.38029e-005 0.000134395 -0.00109122 9.30974e-005 0.999999 0.000149453 0 0 0 1
17 1 7.02371e-005 3.93248e-005 0.000212393 -7.02373e-005 1 3.51164e-006 -4.72768e-006 -3.93246e-005 -3.5144e-006 1 -2.43464e-005 0 0 0 1
18 1 0.000361173 -0.000585193 -0.00016509 -0.000362208 0.999998 -0.00176958 -0.00219212 0.000584553 0.00176979 0.999998 0.00319507 0 0 0 1
19 0.999994 -0.0021019 -0.00270051 -0.00893033 0.00211528 0.999985 0.0049616 0.00800363 0.00269004 -0.00496728 0.999984 -0.0136769 0 0 0 1
20 0.999998 0.000962874 0.00165947 0.00444726 -0.000963323 0.999999 0.00027017 0.00118108 -0.00165921 -0.000271768 0.999999 -0.00105152 0 0 0 1
#####################################################
*BONEANIMATION, BONEINDEX=7, NFRAMES=21
0 0.999573 0.0174965 -0.0234066 0.0182818 -0.0178455 0.999731 -0.0147849 0.060249 0.0231416 0.0151963 0.999617 -0.0359233 0 0 0 1
1 0.999982 -0.00217199 0.0055961 -0.00574508 0.00204175 0.999729 0.0231758 -0.036956 -0.00564492 -0.023164 0.999716 0.0307138 0 0 0 1
2 0.999804 0.00528126 -0.0191034 0.0213457 -0.00633017 0.998451 -0.05527 0.089806 0.0187819 0.05538 0.998289 -0.0734163 0 0 0 1
3 0.999734 0.00476812 -0.0225478 0.0407735 -0.00373861 0.998958 0.0454831 -0.0681772 0.0227412 -0.0453867 0.998711 0.0187321 0 0 0 1
4 1 0.00036667 0.000370594 -0.00139537 -0.000364389 0.999981 -0.00613453 0.0117516 -0.000372837 0.00613439 0.999981 -0.00852282 0 0 0 1
5 1 5.5926e-005 0.000342529 -0.000728302 -5.58115e-005 1 -0.000334285 0.000571117 -0.000342547 0.000334266 1 -0.000371637 0 0 0 1
6 1 9.08686e-007 1.26186e-006 -2.31317e-006 -9.08686e-007 1 -2.36538e-007 1.79989e-006 -1.26186e-006 2.36537e-007 1 4.97096e-010 0 0 0 1
7 0.999997 -0.00109465 -0.00239567 0.00387018 0.00108805 0.999996 -0.00275475 0.00242452 0.00239867 0.00275213 0.999993 -0.00646975 0 0 0 1
8 0.999999 -0.000550274 -0.00163135 0.00358635 0.000551413 1 0.000697968 -0.00101633 0.00163097 -0.000698866 0.999998 0.00150127 0 0 0 1
9 1 1.95071e-005 4.50158e-006 -3.13219e-005 -1.95075e-005 1 0.00010104 -0.00022193 -4.49961e-006 -0.00010104 1 0.000129632 0 0 0 1
10 0.999993 0.00308965 0.00204121 -0.0108559 -0.00307134 0.999956 -0.00891554 0.0172051 -0.00206866 0.00890921 0.999958 -0.00817718 0 0 0 1
11 0.999883 0.0119581 -0.00951712 -0.0290519 -0.0120483 0.999882 -0.00947872 -0.0266945 0.00940266 0.00959228 0.99991 0.0297248 0 0 0 1
12 0.99994 -0.000346091 -0.0109401 0.0155936 5.70989e-005 0.999651 -0.0264052 0.0498879 0.0109454 0.026403 0.999591 -0.0385883 0 0 0 1
13 1 0.00054935 6.29255e-005 -0.000196077 -0.000549372 1 0.000360926 -0.000888931 -6.27272e-005 -0.000360961 1 0.000420268 0 0 0 1
14 0.999632 -0.0180962 0.0201964 -0.0205881 0.0178772 0.99978 0.010974 -0.0149476 -0.0203906 -0.0106089 0.999736 0.00409555 0 0 0 1
15 0.999657 0.0174514 -0.0195227 0.021911 -0.0174938 0.999845 -0.00200323 -0.0129829 0.0194848 0.00234407 0.999807 0.00374812 0 0 0 1
16 0.999958 0.00875739 -0.00272445 -0.0210006 -0.00874259 0.999947 0.00539413 -0.00422164 0.00277155 -0.00537008 0.999982 0.00646442 0 0 0 1
17 0.999993 -0.00169276 -0.00329461 0.00657954 0.0017037 0.999993 0.00332076 -0.00403021 0.00328896 -0.00332635 0.999989 0.0056711 0 0 0 1
18 0.999438 -0.0124986 -0.0311185 0.0524867 0.0133857 0.999505 0.0284646 -0.0323213 0.0307473 -0.0288652 0.99911 0.0495467 0 0 0 1
19 0.999776 -0.0144641 0.0154247 -0.0175105 0.0148364 0.999595 -0.0243017 0.0197615 -0.015067 0.0245251 0.999586 0.00353912 0 0 0 1
20 0.999959 -0.000554471 0.00908977 -0.0129385 0.000293318 0.999588 0.0287067 -0.0425916 -0.00910194 -0.0287028 0.999547 0.0513684 0 0 0 1
#####################################################
*BONEANIMATION, BONEINDEX=8, NFRAMES=21
0 1 -5.09005e-005 0.00029757 0.000283789 5.15019e-005 0.999998 -0.00202125 0.00276561 -0.000297466 0.00202127 0.999998 -0.00142463 0 0 0 1
1 0.999989 -0.00463719 -0.000551824 0.000729771 0.00464104 0.999963 0.00719198 -0.00933739 0.000518453 -0.00719447 0.999974 -0.00333967 0 0 0 1
2 0.999961 0.00778779 0.0041229 -0.00513229 -0.00765978 0.999514 -0.0302019 0.0393116 -0.00435611 0.0301691 0.999535 0.0100975 0 0 0 1
3 0.999856 0.0120832 0.011913 -0.0185842 -0.0121273 0.99992 0.00363503 -0.0195934 -0.0118681 -0.00377898 0.999922 -0.00920597 0 0 0 1
4 0.999997 7.56414e-005 0.00235368 -0.00494116 -6.44514e-005 0.999989 -0.00475399 0.0101971 -0.00235402 0.00475383 0.999986 -0.00145266 0 0 0 1
5 1 -7.41903e-005 -0.000171498 0.000328612 7.42231e-005 1 0.00019081 -0.000299616 0.000171484 -0.000190823 1 0.000196942 0 0 0 1
6 1 2.04638e-007 8.23406e-007 -1.75871e-006 -2.04638e-007 1 3.91499e-007 -6.21414e-007 -8.23406e-007 -3.91499e-007 1 -6.74419e-007 0 0 0 1
7 0.999975 -0.00639605 -0.00312275 0.00632441 0.00637379 0.999955 -0.00708973 0.0185212 0.00316796 0.00706965 0.99997 0.00365816 0 0 0 1
8 1 -0.000218316 8.7047e-005 -0.00020741 0.000218386 1 -0.000801903 0.00171006 -8.68719e-005 0.000801922 1 -0.000424545 0 0 0 1
9 1 4.76761e-006 9.74072e-005 -0.000203851 -4.76116e-006 1 -6.62012e-005 0.000120274 -9.74075e-005 6.62007e-005 1 -0.00013592 0 0 0 1
10 0.999954 -0.0054277 0.00789029 -0.0178914 0.0055407 0.999881 -0.0143702 0.035244 -0.00781136 0.0144133 0.999866 -0.00522817 0 0 0 1
11 0.999945 0.00921475 0.00505981 -0.00364208 -0.00924734 0.999936 0.0064543 -0.0159289 -0.00500001 -0.00650073 0.999966 -0.00824993 0 0 0 1
12 0.999945 -0.00325647 0.00993457 -0.0201777 0.00352486 0.999626 -0.0271183 0.0595988 -0.00984254 0.0271519 0.999583 -0.00313719 0 0 0 1
13 1 0.000134196 -0.00028306 0.000510961 -0.000134019 1 0.00062537 -0.00136407 0.000283144 -0.000625332 1 -0.000139119 0 0 0 1
14 0.999991 -0.00193919 0.00363923 -0.00412975 0.00194222 0.999998 -0.00082877 0.00211175 -0.00363762 0.000835831 0.999993 -0.000733775 0 0 0 1
15 0.999957 0.00790304 0.00476464 -0.00569431 -0.00784833 0.999904 -0.0113945 0.00998253 -0.00485423 0.0113566 0.999924 -0.00579092 0 0 0 1
16 0.999995 0.00268259 -0.00185192 0.00513928 -0.00267401 0.999986 0.00462275 -0.0116324 0.0018643 -0.00461777 0.999988 0.00314778 0 0 0 1
17 1 -0.000694171 0.000394428 -0.000827277 0.000694288 1 -0.000297239 0.00119413 -0.000394222 0.000297512 1 -0.000585714 0 0 0 1
18 0.99996 -0.00457714 0.0076833 -0.011566 0.00460921 0.999981 -0.0041609 0.0091654 -0.00766411 0.00419615 0.999962 -0.00899694 0 0 0 1
19 0.937447 0.0380286 -0.346044 0.463161 0.0964918 0.926686 0.363238 -0.48253 0.334488 -0.373907 0.86505 0.282673 0 0 0 1
20 0.999871 -0.0131702 0.00915738 -0.0175618 0.0128429 0.999307 0.0349322 -0.0510119 -0.0096111 -0.0348101 0.999348 -0.0186177 0 0 0 1
#####################################################
*BONEANIMATION, BONEINDEX=9, NFRAMES=21
0 1 -8.15409e-005 9.77784e-005 2.77099e-005 8.15302e-005 1 0.000109465 0.000226599 -9.77873e-005 -0.000109457 1 -0.000274986 0 0 0 1
1 1 4.28003e-005 -3.0696e-005 2.19698e-005 -4.28024e-005 1 -6.88391e-005 -0.000126295 3.0693e-005 6.88405e-005 1 0.000165363 0 0 0 1
2 1 1.93079e-005 -4.24426e-005 -2.54624e-005 -1.93012e-005 1 0.000158221 0.000207981 4.24456e-005 -0.00015822 1 -0.00030711 0 0 0 1
3 0.989172 0.145692 -0.0176863 -0.0274864 -0.125256 0.900871 0.415622 -0.528348 0.076486 -0.408906 0.909365 0.254031 0 0 0 1
4 1 -0.000296425 -0.000281607 -0.0010183 0.000296289 1 -0.000484311 -0.00142087 0.000281751 0.000484227 1 0.00220789 0 0 0 1
5 0.999999 -0.000774101 0.000683598 -0.00031035 0.000773873 1 0.000334192 0.00113117 -0.000683856 -0.000333662 1 -0.00111104 0 0 0 1
6 1 6.50748e-007 -9.56444e-007 -2.6179e-007 -6.50747e-007 1 1.05298e-006 1.76836e-006 9.56444e-007 -1.05298e-006 1 -1.59315e-006 0 0 0 1
7 0.95954 -0.265839 0.0928083 0.013534 0.179307 0.831027 0.526539 0.512823 -0.217101 -0.488594 0.84507 -0.332363 0 0 0 1
8 0.943224 -0.310399 0.118242 -0.301355 0.310334 0.696616 -0.646853 -1.15657 0.118413 0.646822 0.753392 0.628581 0 0 0 1
9 0.999963 0.006201 0.00592743 0.0269909 -0.00608028 0.999778 -0.0201728 -0.0440579 -0.0060512 0.020136 0.999779 0.0475809 0 0 0 1
10 0.999969 -0.00584636 0.00534924 -0.00166569 0.00582069 0.999972 0.00480223 0.0112976 -0.00537717 -0.00477094 0.999974 -0.0119321 0 0 0 1
11 1 0.00013701 -0.000176419 -4.48282e-005 -0.000137043 1 -0.000189651 -0.000391011 0.000176393 0.000189675 1 0.000462308 0 0 0 1
12 0.999923 -0.00868985 0.00883195 -0.000184033 0.00863688 0.999945 0.00601815 0.0147134 -0.00888375 -0.00594141 0.999943 -0.0150593 0 0 0 1
13 0.999995 -0.00113336 0.00309678 0.00405984 0.00112887 0.999998 0.00145073 0.00355297 -0.00309842 -0.00144723 0.999994 -0.00427269 0 0 0 1
14 1 -7.28429e-005 0.000111159 6.20459e-005 7.28348e-005 1 7.31139e-005 0.000154709 -0.000111165 -7.31058e-005 1 -0.000190134 0 0 0 1
15 0.999999 0.000564204 -0.00101036 -0.000869744 -0.00056527 0.999999 -0.00105537 -0.00246 0.00100976 0.00105594 0.999999 0.00254356 0 0 0 1
16 1 0.000222813 -0.000331226 -0.000180774 -0.000222907 1 -0.000283206 -0.000579174 0.000331163 0.00028328 1 0.000641817 0 0 0 1
17 1 4.22013e-006 2.84244e-005 6.60513e-005 -4.2207e-006 1 2.03103e-005 4.68609e-005 -2.84243e-005 -2.03104e-005 1 -5.04282e-005 0 0 0 1
18 1 -8.94501e-005 0.000259009 0.000261207 8.95018e-005 1 -0.000199951 -0.000194235 -0.000258991 0.000199974 1 0.000115374 0 0 0 1
19 0.999998 0.00137821 -0.00132933 0.000112016 -0.0013796 0.999998 -0.00104808 -0.00212827 0.00132788 0.00104992 0.999999 0.00234674 0 0 0 1
20 0.999999 0.00125351 -0.00108727 0.00050085 -0.00125434 0.999999 -0.000767778 -0.00189508 0.00108631 0.000769141 0.999999 0.00210026 0 0 0 1
#####################################################
*BONEANIMATION, BONEINDEX=10, NFRAMES=21
0 0.999999 0.00074982 0.000915803 0.00171254 -0.000751123 0.999999 0.00142338 0.00159556 -0.000914734 -0.00142407 0.999999 -0.00134689 0 0 0 1
1 1 -0.000368811 -0.000439605 -0.000813885 0.000368495 1 -0.000718767 -0.000876158 0.00043987 0.000718605 1 0.000446558 0 0 0 1
2 0.999999 0.000629027 0.00142345 0.00243432 -0.000634658 0.999992 0.00395872 0.00565136 -0.00142094 -0.00395962 0.999991 -0.000982404 0 0 0 1
3 0.988801 0.148967 -0.00897252 -0.0133981 -0.132347 0.903086 0.408558 -0.55335 0.0689647 -0.402795 0.912688 0.257502 0 0 0 1
4 0.99749 -0.0052994 0.0706079 0.0582774 0.0286967 0.941884 -0.334711 -0.394417 -0.0647307 0.335897 0.939672 0.0767505 0 0 0 1
5 0.999972 -0.00752197 -0.000246777 0.00354752 0.00752376 0.999937 0.00831716 0.0107596 0.0001842 -0.00831878 0.999965 0.00590458 0 0 0 1
6 1 3.39365e-005 -1.20885e-005 -5.25317e-005 -3.39369e-005 1 -3.19135e-005 -4.91503e-005 1.20874e-005 3.19139e-005 1 -2.72104e-005 0 0 0 1
7 0.999995 -0.00171004 -0.00272447 -0.00370695 0.00170046 0.999992 -0.00351485 -0.00422932 0.00273046 0.0035102 0.99999 0.00311466 0 0 0 1
8 0.999981 0.00161146 0.00600489 0.00842311 -0.00164147 0.999986 0.00499634 0.0105315 -0.00599675 -0.0050061 0.999969 0.00557485 0 0 0 1
9 1 -0.000607672 1.77835e-005 0.000226916 0.000607676 1 -0.00021621 -0.000652042 -1.76521e-005 0.000216221 1 -8.39473e-005 0 0 0 1
10 0.999219 0.0395257 -4.14199e-005 0.00829536 -0.0395084 0.998809 0.0286225 0.000721508 0.0011727 -0.0285985 0.99959 -0.00838858 0 0 0 1
11 1 -6.9208e-005 -0.000539566 -0.000649465 6.87062e-005 1 -0.000929968 -0.00086309 0.00053963 0.000929931 0.999999 0.00106758 0 0 0 1
12 0.993068 0.0853953 0.0807688 0.10979 -0.0806343 0.994907 -0.0604815 -0.164789 -0.0855223 0.0535495 0.994896 -0.0893468 0 0 0 1
13 0.999702 0.0239193 0.0048086 -0.00190175 -0.0238879 0.999694 -0.0064936 -0.0242781 -0.00496245 0.0063768 0.999967 -0.00616884 0 0 0 1
14 1 -0.000339093 -0.000246746 -0.000671732 0.000339073 1 -8.14414e-005 -0.000309651 0.000246774 8.13578e-005 1 -0.000199146 0 0 0 1
15 0.999949 0.00791315 0.00620041 0.0151711 -0.00785039 0.999918 -0.0100805 -0.0238027 -0.00627967 0.0100314 0.99993 -0.00101752 0 0 0 1
16 1 0.000509937 -0.000548998 -0.000581218 -0.000510095 1 -0.000287621 0.000687168 0.000548851 0.000287901 1 0.00110094 0 0 0 1
17 1 0.00053359 -0.000617048 -0.00114922 -0.000533233 1 0.000579917 0.00118233 0.000617358 -0.000579588 1 0.000154516 0 0 0 1
18 0.99999 0.00416587 0.0012905 0.00340649 -0.00415418 0.999951 -0.00893554 -0.0120389 -0.00132766 0.00893009 0.999959 0.00123475 0 0 0 1
19 0.999989 0.00417843 -0.00233305 0.00116459 -0.00416186 0.999966 0.00706232 0.0196854 0.00236249 -0.00705253 0.999972 0.00455065 0 0 0 1
20 0.999981 0.0045225 -0.00417856 -0.00262881 -0.00452167 0.99999 0.000206705 0.000572298 0.00417945 -0.000187807 0.999991 -0.000660399 0 0 0 1
#####################################################
*BONEANIMATION, BONEINDEX=11, NFRAMES=21
0 0.999999 -0.00118126 -0.000176483 -0.000882858 0.00118021 0.999982 -0.00586009 -0.00361388 0.000183402 0.00585987 0.999983 0.00116738 0 0 0 1
1 0.999999 0.00105091 0.000414988 0.000308754 -0.00105206 0.999996 0.00276797 0.00241808 -0.000412077 -0.00276841 0.999996 0.000513198 0 0 0 1
2 0.999995 -0.0023224 -0.00201336 -0.00143417 0.00230853 0.999974 -0.00686695 -0.00643247 0.00202926 0.00686227 0.999974 -0.00235367 0 0 0 1
3 0.990309 0.137997 -0.0156489 -0.0232587 -0.11949 0.904039 0.410408 -0.510918 0.0707821 -0.404561 0.911768 0.245694 0 0 0 1
4 0.999997 -0.000574151 0.00217122 0.00498609 0.00059281 0.999963 -0.008603 -0.00987683 -0.0021662 0.00860426 0.999961 -0.0023871 0 0 0 1
5 1 0.000717543 4.73941e-005 -0.000255867 -0.000717547 1 9.07066e-005 -0.000685098 -4.7329e-005 -9.07406e-005 1 -8.1509e-005 0 0 0 1
6 1 -4.26561e-007 -1.97308e-006 3.35874e-006 4.26552e-007 1 -4.44521e-006 4.03369e-006 1.97308e-006 4.44521e-006 1 -5.92858e-007 0 0 0 1
7 0.999995 0.00193558 -0.00230636 -0.00200886 -0.0019371 0.999998 -0.000657212 -0.0018046 0.00230508 0.000661677 0.999997 0.000170933 0 0 0 1
8 0.999996 -0.00247723 0.00103741 -0.000327635 0.00247365 0.999991 0.00343096 -0.0021237 -0.0010459 -0.00342838 0.999994 0.00194207 0 0 0 1
9 1 -0.000224572 0.00012309 0.000145893 0.000224535 1 0.000301502 -9.99931e-005 -0.000123158 -0.000301474 1 0.000194514 0 0 0 1
10 0.999016 -0.0247045 0.0368214 0.00799398 0.0255442 0.99942 -0.0225112 0.00864864 -0.0362439 0.0234296 0.999068 -0.0377791 0 0 0 1
11 0.999998 0.00074568 0.00167829 0.00062754 -0.000753685 0.999988 0.00477458 0.00259629 -0.00167471 -0.00477584 0.999987 -0.00069503 0 0 0 1
12 0.999112 -0.0258722 0.0332476 -0.000176042 0.0276707 0.998113 -0.0548235 0.0197137 -0.0317664 0.0556949 0.997942 -0.0395335 0 0 0 1
13 0.999996 -7.03086e-005 0.00286776 -0.00346189 7.18493e-005 1 -0.000537141 0.00147042 -0.00286772 0.000537345 0.999996 -0.00132841 0 0 0 1
14 1 0.000101999 -0.000440934 0.000239435 -0.000102135 1 -0.000307676 -8.63471e-005 0.000440902 0.000307721 1 -0.00011073 0 0 0 1
15 0.999931 -0.0116764 0.0013242 -0.00422211 0.0116796 0.999929 -0.00241393 0.0169889 -0.00129592 0.00242923 0.999996 0.00219383 0 0 0 1
16 0.999999 0.00083819 -0.000594302 -5.95478e-005 -0.000837578 0.999999 0.00102987 -0.000348837 0.000595165 -0.00102937 0.999999 0.00396814 0 0 0 1
17 1 -0.00047733 -0.000282212 7.14979e-006 0.000477589 0.999999 0.000916837 0.00051088 0.000281774 -0.000916972 1 0.000493422 0 0 0 1
18 0.999975 -0.00687389 -0.001471 0.00133234 0.00688614 0.99994 0.00848773 0.00658711 0.00141256 -0.00849765 0.999963 0.00527899 0 0 0 1
19 0.999875 -0.0135239 0.00815097 0.0109135 0.0134339 0.999849 0.010998 -0.00307637 -0.00829847 -0.0108871 0.999906 0.00532821 0 0 0 1
20 0.999993 -0.000580728 0.00381284 0.00404523 0.000574923 0.999999 0.0015235 0.00562206 -0.00381372 -0.00152129 0.999992 -0.00292507 0 0 0 1
#####################################################
*BONEANIMATION, BONEINDEX=12, NFRAMES=21
0 0.999999 -0.000495022 0.00126739 2.70929e-005 0.0004957 1 -0.000534645 0.00139596 -0.00126712 0.000535273 0.999999 0.00420103 0 0 0 1
1 0.999997 -0.00114732 -0.00222702 -0.00187795 0.00115244 0.999997 0.00229874 0.0004343 0.00222438 -0.0023013 0.999995 -0.00451944 0 0 0 1
2 0.999989 0.00250878 0.003961 0.00280952 -0.00246923 0.999947 -0.0099586 -0.00326159 -0.00398578 0.00994871 0.999943 0.0198085 0 0 0 1
3 0.988176 0.153178 -0.00662024 0.0184353 -0.13861 0.910985 0.388451 -0.45538 0.0655329 -0.38294 0.921446 0.181034 0 0 0 1
4 0.999854 -0.00647201 0.0157949 -0.0100083 0.00686085 0.999672 -0.024689 0.00730517 -0.0156299 0.0247938 0.99957 0.0289847 0 0 0 1
5 0.999994 0.00153932 -0.003257 0.0030219 -0.00153646 0.999998 0.000879753 -0.000333992 0.00325835 -0.000874743 0.999994 -0.000371956 0 0 0 1
6 1 -8.29605e-006 1.80396e-005 -1.62898e-005 8.29605e-006 1 -2.56634e-007 -5.95744e-007 -1.80396e-005 2.56783e-007 1 2.31716e-007 0 0 0 1
7 0.999837 -0.0105749 0.0146651 0.016501 0.00972935 0.998351 0.0565756 0.0662013 -0.0152392 -0.0564237 0.998291 -0.0449393 0 0 0 1
8 0.999994 -0.00353874 -0.000426445 -0.00469891 0.00354111 0.999978 0.00568403 -0.00190471 0.000406321 -0.0056855 0.999984 -0.00819396 0 0 0 1
9 1 -0.000353405 0.000116122 -0.000339284 0.000353398 1 5.87776e-005 -0.000157242 -0.000116143 -5.87366e-005 1 2.65256e-005 0 0 0 1
10 0.990343 -0.138148 -0.0116716 -0.147478 0.136221 0.985269 -0.103386 0.114342 0.0257822 0.100798 0.994573 0.157706 0 0 0 1
11 1 -0.000657236 0.000472341 -0.000884707 0.000656924 1 0.000659632 -0.000702602 -0.000472774 -0.000659322 1 -0.00301749 0 0 0 1
12 0.995417 -0.0943904 0.0153465 -0.0951142 0.0955745 0.976487 -0.193233 0.0229603 0.00325367 0.193814 0.981033 0.24013 0 0 0 1
13 0.999965 0.00837655 0.000371046 0.00939936 -0.00837311 0.999929 -0.00844795 -0.000777062 -0.000441785 0.00844454 0.999964 0.011162 0 0 0 1
14 0.999999 0.000988963 -0.000361433 0.00158993 -0.000989288 0.999999 -0.000900631 0.000231238 0.000360542 0.000900988 1 0.000171614 0 0 0 1
15 0.999806 -0.011856 0.0157291 -0.0366812 0.0118654 0.999929 -0.000504831 0.0569313 -0.015722 0.000691364 0.999876 -0.0320966 0 0 0 1
16 0.999993 -0.00321057 -0.00216583 -0.0175795 0.00325891 0.999737 0.0226995 0.0271819 0.00209238 -0.0227064 0.99974 -0.0227608 0 0 0 1
17 1 -0.000728095 0.000173021 -0.00206066 0.000728005 1 0.000523068 0.00190595 -0.000173401 -0.000522942 1 -0.00251662 0 0 0 1
18 0.999764 -0.0206654 0.00669399 -0.0247216 0.020432 0.999239 0.0332388 0.0145519 -0.00737579 -0.0330941 0.999425 -0.0588 0 0 0 1
19 0.999028 -0.0432384 0.00854728 -0.0104583 0.042849 0.998222 0.0414333 -0.0281013 -0.0103236 -0.0410268 0.999105 0.037026 0 0 0 1
20 0.998997 -0.0366913 0.0256625 -0.0316349 0.0368355 0.999308 -0.0051708 -0.0376112 -0.025455 0.0061109 0.999657 0.055255 0 0 0 1
#####################################################
*BONEANIMATION, BONEINDEX=13, NFRAMES=21
0 0.995854 -0.0293565 0.0861009 -0.25403 0.00712079 0.968749 0.247939 -0.751425 -0.0906888 -0.246298 0.964942 0.453669 0 0 0 1
1 1 4.30972e-006 -0.000214918 0.000631226 -4.54495e-006 0.999999 -0.00109456 0.00351252 0.000214913 0.00109456 0.999999 -0.00234914 0 0 0 1
2 1 0.000621903 0.000107384 -0.00159566 -0.000622057 0.999999 0.00144485 -0.00441947 -0.000106485 -0.00144492 0.999999 0.0029471 0 0 0 1
3 1 -0.00090882 0.000192703 0.00123028 0.000909344 0.999996 -0.00273886 0.00805093 -0.000190213 0.00273904 0.999996 -0.00593572 0 0 0 1
4 1 -5.88712e-005 0.000122648 -0.00022026 5.88539e-005 1 0.000140992 -0.00048885 -0.000122656 -0.000140985 1 0.000359268 0 0 0 1
5 1 1.46431e-006 1.4831e-005 -4.38477e-005 -1.46493e-006 1 4.16844e-005 -0.000129495 -1.48309e-005 -4.16844e-005 1 9.42527e-005 0 0 0 1
6 1 -5.28439e-008 3.64617e-008 2.44827e-008 5.28439e-008 1 4.40757e-008 -1.73795e-007 -3.64617e-008 -4.40757e-008 1 1.62964e-007 0 0 0 1
7 1 -0.000127293 -6.01309e-005 0.000388875 0.000127304 1 0.000170555 -0.00059414 6.01092e-005 -0.000170562 1 0.000270323 0 0 0 1
8 1 9.95887e-006 -2.24719e-005 1.74992e-005 -9.95994e-006 1 -4.75384e-005 0.000161125 2.24714e-005 4.75386e-005 1 -9.89772e-005 0 0 0 1
9 1 3.91751e-006 -5.71786e-006 9.18642e-006 -3.91747e-006 1 6.65548e-006 -1.79252e-005 5.71788e-006 -6.65546e-006 1 1.02606e-005 0 0 0 1
10 1 0.000179429 0.000300268 -0.0013022 -0.000179834 0.999999 0.00134649 -0.00411671 -0.000300027 -0.00134654 0.999999 0.00301819 0 0 0 1
