   0.999085   0.0277199    -0.03257
  0.0252811    0.231483     0.97251
  0.0344973   -0.972444    0.230571
 -0.0298892     0.87048   -0.101541
   0.411671    0.864721    0.287722
  -0.283956    -0.17829    0.942116
   0.865965   -0.469542    0.172146
   0.237668   0.0706146   -0.345394
   0.942322  -0.0212566   -0.334032
  0.0212566    0.999767 -0.00365561
   0.334032 -0.00365561    0.942555
  -0.177644  0.00194412   0.0305505
   0.759221    0.155456   -0.631994
  -0.605225    0.525743   -0.597743
   0.239344    0.836318    0.493241
  0.0181502  -0.0219894    0.284085
