#####################################################
# (c) Binh Le (bhle2@cs.uh.edu)
#
# Running time: 1399.234 (s)
# Repeat      : 12
#
#####################################################
*OBJFILENAME
..\Data\elephant-gallop.obj
#####################################################
*BONEANIMATION, BONEINDEX=0, NFRAMES=48
0 0.998547 -0.00978384 0.0529955 -0.0229093 0.0199907 0.980469 -0.195656 0.114685 -0.0500462 0.196431 0.97924 -0.188045 0 0 0 1
1 0.998154 -0.0189446 0.0576953 -0.0113064 0.0367307 0.944938 -0.325182 0.170825 -0.048358 0.326701 0.94389 -0.264031 0 0 0 1
2 0.996525 -0.00163027 0.0832749 -0.0287977 0.027331 0.950849 -0.308447 0.141571 -0.078679 0.309651 0.94759 -0.234714 0 0 0 1
3 0.999827 0.0143626 0.0118171 -0.00692787 -0.0101788 0.954306 -0.298659 0.146934 -0.0155666 0.298487 0.954287 -0.222215 0 0 0 1
4 0.999733 0.01282 -0.0192158 0.00949118 -0.0200048 0.896438 -0.442717 0.282018 0.0115502 0.442983 0.896456 -0.307679 0 0 0 1
5 0.999188 0.0206432 -0.0346071 0.00939467 -0.0339316 0.894261 -0.446257 0.292779 0.0217356 0.447069 0.894235 -0.306149 0 0 0 1
6 0.999231 0.0282145 -0.0272142 0.000215848 -0.0363861 0.925862 -0.376105 0.250397 0.014585 0.376806 0.926177 -0.26178 0 0 0 1
7 0.997152 0.0718768 0.0228589 -0.0588103 -0.0665062 0.980855 -0.183032 0.129989 -0.035577 0.180991 0.982841 -0.143797 0 0 0 1
8 0.995569 0.0740485 0.0579537 -0.0788322 -0.0726714 0.997029 -0.0255228 0.0429826 -0.0596715 0.0211981 0.997993 -0.0400542 0 0 0 1
9 0.997992 0.0468151 0.0426589 -0.0547069 -0.0481497 0.998365 0.0308154 0.00927785 -0.0411465 -0.0328075 0.998614 0.00731729 0 0 0 1
10 0.998416 0.0436342 0.0355262 -0.0525948 -0.0429173 0.998864 -0.0206978 0.0265509 -0.036389 0.0191403 0.999154 -0.0408369 0 0 0 1
11 0.997532 0.0371289 0.0595965 -0.0609288 -0.031015 0.994461 -0.100423 0.0633827 -0.062995 0.0983268 0.993158 -0.112224 0 0 0 1
12 0.998507 -0.000335945 0.0546243 -0.029213 0.0100117 0.984168 -0.176957 0.11051 -0.0537 0.17724 0.982702 -0.177391 0 0 0 1
13 0.998991 -0.00651678 0.0444362 -0.0148391 0.0192424 0.956108 -0.292381 0.156573 -0.0405804 0.292941 0.955269 -0.246761 0 0 0 1
14 0.997974 -0.0344356 0.0535041 0.0116805 0.0493006 0.950078 -0.308092 0.139593 -0.0402237 0.310106 0.949851 -0.235073 0 0 0 1
15 0.999896 0.0123975 0.00732712 -0.00290283 -0.0096775 0.955251 -0.295638 0.131833 -0.0106644 0.295537 0.955272 -0.215446 0 0 0 1
16 0.999777 0.0131742 -0.0165277 0.00694302 -0.0192486 0.890521 -0.454535 0.279436 0.00873014 0.454752 0.890575 -0.323899 0 0 0 1
17 0.998322 0.053755 -0.0215462 -0.0238107 -0.0579082 0.931059 -0.360245 0.219814 0.00069581 0.360888 0.932609 -0.26544 0 0 0 1
18 0.998217 0.0595589 -0.00397738 -0.0364816 -0.0586928 0.967194 -0.247165 0.14552 -0.010874 0.246958 0.968965 -0.195067 0 0 0 1
19 0.997725 0.0551478 0.0387734 -0.0547122 -0.0515656 0.994785 -0.0879964 0.0726437 -0.043424 0.0857969 0.995366 -0.0711736 0 0 0 1
20 0.996865 -0.00268355 0.0790728 -0.0307224 0.00230075 0.999985 0.00493185 0.0372147 -0.0790848 -0.00473446 0.996857 -0.00199937 0 0 0 1
21 0.998424 0.0115609 0.0549205 -0.0341812 -0.0128063 0.999668 0.0223787 0.0252953 -0.0546435 -0.0230467 0.99824 0.00462195 0 0 0 1
22 0.998738 0.0336079 0.037316 -0.047065 -0.0321958 0.998766 -0.0378196 0.0391674 -0.038541 0.0365704 0.998588 -0.0388627 0 0 0 1
23 0.998447 0.0218021 0.0512759 -0.0449647 -0.0185873 0.997881 -0.0623587 0.0532874 -0.0525268 0.0613088 0.996736 -0.0727304 0 0 0 1
24 0.99819 -0.00538121 0.0598972 -0.0296258 0.0166032 0.981938 -0.188474 0.110308 -0.0578011 0.189128 0.98025 -0.1833 0 0 0 1
25 0.998154 -0.0189494 0.057701 -0.0113052 0.0367374 0.944936 -0.325187 0.170829 -0.0483617 0.326707 0.943888 -0.264035 0 0 0 1
26 0.996525 -0.00162846 0.0832759 -0.0287996 0.0273309 0.950844 -0.308463 0.141583 -0.07868 0.309667 0.947584 -0.234725 0 0 0 1
27 0.999827 0.0143626 0.0118171 -0.00692787 -0.0101788 0.954306 -0.298659 0.146934 -0.0155666 0.298487 0.954287 -0.222215 0 0 0 1
28 0.999733 0.01282 -0.0192145 0.0094912 -0.0200043 0.896439 -0.442716 0.282017 0.011549 0.442982 0.896456 -0.307679 0 0 0 1
29 0.999189 0.0206211 -0.0345956 0.0094064 -0.0339064 0.894268 -0.446246 0.29277 0.0217356 0.447057 0.894241 -0.306142 0 0 0 1
30 0.999232 0.0281876 -0.0272033 0.000232871 -0.036357 0.925865 -0.376101 0.250395 0.0145852 0.376801 0.926179 -0.261777 0 0 0 1
31 0.997151 0.0718835 0.0228674 -0.0588197 -0.0665115 0.980855 -0.183028 0.129986 -0.0355863 0.180985 0.982842 -0.143793 0 0 0 1
32 0.99557 0.0740445 0.05795 -0.0788273 -0.0726667 0.997029 -0.0255346 0.0429873 -0.0596686 0.0212105 0.997993 -0.0400639 0 0 0 1
33 0.997993 0.0468169 0.042651 -0.0547047 -0.048151 0.998365 0.0308073 0.00928219 -0.041139 -0.0327991 0.998615 0.00731037 0 0 0 1
34 0.998415 0.0436554 0.03552 -0.0526096 -0.0429389 0.998863 -0.0206903 0.026547 -0.0363829 0.0191323 0.999155 -0.0408296 0 0 0 1
35 0.997532 0.0371289 0.0595965 -0.0609288 -0.031015 0.994461 -0.100423 0.0633827 -0.062995 0.0983268 0.993158 -0.112224 0 0 0 1
36 0.998507 -0.000335945 0.0546243 -0.029213 0.0100117 0.984168 -0.176957 0.11051 -0.0537 0.17724 0.982702 -0.177391 0 0 0 1
37 0.998992 -0.00653544 0.0444148 -0.0148144 0.0192531 0.956115 -0.292358 0.156558 -0.040555 0.292919 0.955277 -0.246745 0 0 0 1
38 0.997974 -0.0344359 0.0535021 0.0116811 0.0493002 0.950078 -0.308091 0.139593 -0.0402218 0.310105 0.949851 -0.235072 0 0 0 1
39 0.999896 0.0123932 0.00733172 -0.00290174 -0.00967208 0.955252 -0.295636 0.131831 -0.0106675 0.295534 0.955273 -0.215445 0 0 0 1
40 0.999777 0.0131742 -0.0165278 0.00694307 -0.0192486 0.890521 -0.454535 0.279436 0.00873021 0.454752 0.890575 -0.323899 0 0 0 1
41 0.998322 0.053755 -0.0215462 -0.0238107 -0.0579082 0.931059 -0.360245 0.219814 0.00069581 0.360888 0.932609 -0.26544 0 0 0 1
42 0.998217 0.0595493 -0.0040029 -0.0364614 -0.0586898 0.967195 -0.247161 0.145518 -0.0108467 0.246955 0.968966 -0.195063 0 0 0 1
43 0.997725 0.0551467 0.0387738 -0.0547116 -0.0515646 0.994785 -0.0879942 0.072643 -0.0434242 0.0857947 0.995366 -0.0711715 0 0 0 1
44 0.996865 -0.00268325 0.0790791 -0.0307253 0.00230107 0.999985 0.00492366 0.0372177 -0.0790911 -0.00472626 0.996856 -0.00200417 0 0 0 1
45 0.998424 0.011563 0.054916 -0.0341805 -0.0128084 0.999667 0.0223823 0.0252942 -0.0546389 -0.0230504 0.99824 0.00462346 0 0 0 1
46 0.998738 0.0336086 0.0373145 -0.047065 -0.0321964 0.998766 -0.0378225 0.0391682 -0.0385396 0.0365734 0.998588 -0.0388648 0 0 0 1
47 0.998447 0.0217972 0.051271 -0.0449558 -0.0146501 0.99062 -0.135855 0.0572156 -0.0537513 0.134893 0.989401 -0.153969 0 0 0 1
#####################################################
*BONEANIMATION, BONEINDEX=1, NFRAMES=48
0 0.968534 0.231614 0.0910868 -0.0959545 -0.0318897 0.478459 -0.877531 -0.12473 -0.246829 0.847014 0.47079 -1.0502 0 0 0 1
1 0.992117 0.0745282 0.100747 0.0164118 0.0708424 0.329611 -0.941455 -0.0823884 -0.103372 0.941171 0.321733 -1.24949 0 0 0 1
2 0.985246 -0.0674903 -0.157277 -0.0724549 -0.114073 0.426116 -0.897448 -0.187904 0.127587 0.902148 0.41213 -1.15108 0 0 0 1
3 0.970567 -0.1425 0.194148 0.227552 0.238208 0.686691 -0.686814 -0.297631 -0.0354486 0.712846 0.700424 -0.799254 0 0 0 1
4 0.995509 -0.0503503 0.0801623 0.0739088 -0.010155 0.785126 0.619253 0.494241 -0.0941171 -0.617286 0.781089 0.274229 0 0 0 1
5 0.990338 -0.132196 0.0418968 0.107265 0.0711833 0.743872 0.664521 0.54146 -0.119013 -0.655118 0.746094 0.281202 0 0 0 1
6 0.985445 -0.16961 0.0114333 0.116331 0.164259 0.96736 0.192958 0.0516401 -0.0437878 -0.188271 0.98114 0.0893615 0 0 0 1
7 0.979832 -0.19845 -0.0234062 0.119928 0.1983 0.980104 -0.00856325 -0.0855128 0.0246399 0.00374908 0.999689 -0.040173 0 0 0 1
8 0.984581 -0.138251 -0.10718 0.0244898 0.0917856 0.929866 -0.356264 -0.251224 0.148917 0.340933 0.928218 -0.346809 0 0 0 1
9 0.974777 -0.158978 -0.15664 0.0165668 0.0196125 0.760151 -0.64945 -0.319119 0.222319 0.629997 0.744096 -0.691616 0 0 0 1
10 0.964648 -0.209968 -0.15927 0.063201 -0.052381 0.439533 -0.896698 -0.196458 0.258283 0.873341 0.412997 -1.11068 0 0 0 1
11 0.965326 -0.19237 -0.176466 0.0399233 -0.119629 0.274838 -0.954019 -0.0578344 0.232024 0.94205 0.242296 -1.28838 0 0 0 1
12 0.977028 -0.16203 -0.138427 0.0414615 -0.138245 0.0124483 -0.99032 0.142396 0.162185 0.986707 -0.0102376 -1.4846 0 0 0 1
13 0.987655 -0.119612 -0.101147 0.0209734 -0.125302 -0.215754 -0.968375 0.285553 0.0940066 0.969094 -0.228079 -1.62691 0 0 0 1
14 0.993903 -0.0644674 -0.0894423 -0.0278969 -0.0673127 0.287692 -0.955354 -0.15697 0.0873211 0.955551 0.281599 -1.26604 0 0 0 1
15 0.979929 0.198976 0.0121596 -0.164817 -0.124009 0.656213 -0.744316 -0.33847 -0.15608 0.727869 0.667716 -0.828771 0 0 0 1
16 0.970638 0.146593 0.190714 0.00229836 -0.212017 0.895884 0.390436 0.252914 -0.113622 -0.419407 0.90066 0.199672 0 0 0 1
17 0.942557 0.183006 0.279454 0.0345861 -0.232564 0.960036 0.155706 0.0195399 -0.239791 -0.211753 0.94745 0.0889899 0 0 0 1
18 0.943326 0.234173 0.235157 -0.0338472 -0.174249 0.952551 -0.249567 -0.263435 -0.282441 0.194447 0.939371 -0.216004 0 0 0 1
19 0.917367 0.328001 0.225507 -0.107719 -0.109884 0.75321 -0.648537 -0.372378 -0.382575 0.570167 0.727012 -0.652372 0 0 0 1
20 0.983017 0.180381 0.0337817 -0.120521 -0.0854554 0.612827 -0.785583 -0.319272 -0.162407 0.769354 0.617833 -0.877933 0 0 0 1
21 0.949048 0.269722 0.162965 -0.0901324 -0.0369046 0.608703 -0.79254 -0.278364 -0.312963 0.746144 0.587642 -0.884664 0 0 0 1
22 0.914952 0.321315 0.244172 -0.0647618 0.0497444 0.510632 -0.858359 -0.237751 -0.400486 0.797503 0.45122 -1.0155 0 0 0 1
23 0.919251 0.392769 0.0266364 -0.26997 -0.171515 0.460485 -0.87094 -0.157333 -0.354344 0.796044 0.490667 -1.00133 0 0 0 1
24 0.968832 0.231523 0.0881036 -0.097885 -0.0347446 0.479144 -0.877049 -0.12455 -0.245271 0.846651 0.472254 -1.04898 0 0 0 1
25 0.992117 0.0745282 0.100744 0.0164092 0.0708389 0.329611 -0.941455 -0.0823886 -0.103371 0.941171 0.321733 -1.24949 0 0 0 1
26 0.985244 -0.0674909 -0.157285 -0.0724596 -0.114079 0.426116 -0.897447 -0.187903 0.127591 0.902148 0.412129 -1.15108 0 0 0 1
27 0.970567 -0.1425 0.194148 0.227552 0.238208 0.686691 -0.686814 -0.297631 -0.0354486 0.712846 0.700424 -0.799254 0 0 0 1
28 0.99551 -0.0503504 0.0801595 0.0739066 -0.0101532 0.785126 0.619253 0.494241 -0.0941149 -0.617286 0.781089 0.274229 0 0 0 1
29 0.990338 -0.132196 0.0418979 0.107266 0.0711826 0.743872 0.664521 0.54146 -0.119014 -0.655118 0.746094 0.281202 0 0 0 1
30 0.985445 -0.169611 0.0114303 0.116329 0.16426 0.96736 0.192957 0.0516397 -0.0437848 -0.188271 0.981141 0.0893616 0 0 0 1
31 0.979831 -0.19845 -0.0234083 0.119927 0.1983 0.980104 -0.00856355 -0.085513 0.024642 0.00374896 0.999689 -0.040173 0 0 0 1
32 0.984578 -0.138252 -0.107201 0.0244752 0.0917794 0.929866 -0.356266 -0.251224 0.148937 0.340933 0.928215 -0.346812 0 0 0 1
33 0.974773 -0.158978 -0.156662 0.0165496 0.0195969 0.760151 -0.649451 -0.31912 0.222335 0.629997 0.74409 -0.691619 0 0 0 1
34 0.964652 -0.209967 -0.159247 0.0632168 -0.0523595 0.439534 -0.896699 -0.196459 0.258271 0.873341 0.413004 -1.11067 0 0 0 1
35 0.965326 -0.19237 -0.176466 0.0399233 -0.119629 0.274838 -0.954019 -0.0578344 0.232024 0.94205 0.242296 -1.28838 0 0 0 1
36 0.977028 -0.16203 -0.138427 0.0414615 -0.138245 0.0124483 -0.99032 0.142396 0.162185 0.986707 -0.0102376 -1.4846 0 0 0 1
37 0.987656 -0.119612 -0.101137 0.0209801 -0.125292 -0.215755 -0.968376 0.285553 0.0940082 0.969094 -0.228078 -1.62691 0 0 0 1
38 0.993903 -0.0644674 -0.0894418 -0.0278964 -0.0673123 0.287692 -0.955354 -0.156971 0.0873209 0.955551 0.281599 -1.26605 0 0 0 1
39 0.979929 0.198975 0.0121552 -0.164819 -0.124012 0.656212 -0.744316 -0.33847 -0.156077 0.72787 0.667717 -0.82877 0 0 0 1
40 0.970638 0.146593 0.190717 0.00230023 -0.212018 0.895884 0.390435 0.252913 -0.113625 -0.419407 0.90066 0.199671 0 0 0 1
41 0.942557 0.183006 0.279454 0.0345861 -0.232564 0.960036 0.155706 0.0195399 -0.239791 -0.211753 0.94745 0.0889899 0 0 0 1
42 0.94332 0.234174 0.23518 -0.0338312 -0.174245 0.952551 -0.249572 -0.263441 -0.282464 0.194447 0.939364 -0.216007 0 0 0 1
43 0.917366 0.328001 0.225511 -0.107716 -0.109881 0.75321 -0.648537 -0.37238 -0.382578 0.570166 0.727011 -0.652374 0 0 0 1
44 0.983016 0.180381 0.0337907 -0.120515 -0.0854482 0.612827 -0.785584 -0.319272 -0.162412 0.769354 0.617832 -0.877935 0 0 0 1
45 0.94905 0.269722 0.162956 -0.0901394 -0.0369125 0.608703 -0.792539 -0.278364 -0.312957 0.746144 0.587645 -0.884661 0 0 0 1
46 0.914952 0.321315 0.244171 -0.0647623 0.0497431 0.510632 -0.858359 -0.23775 -0.400485 0.797503 0.451221 -1.0155 0 0 0 1
47 0.919249 0.392773 0.0266439 -0.269954 -0.144853 0.400395 -0.904821 -0.0842047 -0.366058 0.827897 0.424957 -1.09559 0 0 0 1
#####################################################
*BONEANIMATION, BONEINDEX=2, NFRAMES=48
0 0.965289 0.131061 -0.225919 0.0347284 -0.146567 0.987769 -0.0532112 0.201936 0.216182 0.0844765 0.972692 0.294823 0 0 0 1
1 0.979525 0.0737908 -0.187311 0.0453081 -0.0610644 0.995473 0.0728336 0.0415754 0.191838 -0.0599043 0.979597 0.187453 0 0 0 1
2 0.978174 0.0575965 -0.199646 0.0588939 -0.0415603 0.995632 0.0836063 -0.0205163 0.20359 -0.0734841 0.976295 0.0157226 0 0 0 1
3 0.849086 0.526484 0.0432169 -0.0272078 0.338664 -0.479738 -0.809418 0.337343 -0.405413 0.701902 -0.585641 0.075071 0 0 0 1
4 0.937461 0.114358 -0.32877 0.0767339 -0.319286 -0.0937103 -0.943014 0.42038 -0.13865 0.98901 -0.0513368 -0.0772481 0 0 0 1
5 0.977652 0.173847 -0.11821 0.00440637 -0.010299 -0.522008 -0.852879 0.400287 -0.209977 0.835036 -0.508551 0.123559 0 0 0 1
6 0.954408 0.155631 -0.254724 0.0397219 -0.0254779 -0.807748 -0.588977 0.444087 -0.297416 0.568614 -0.766956 0.253306 0 0 0 1
7 0.959944 0.128749 -0.248858 0.0381554 -0.0478249 -0.79985 -0.598291 0.523805 -0.276079 0.586228 -0.761654 0.399103 0 0 0 1
8 0.975224 0.172839 -0.138075 -0.000729308 -0.0320837 -0.507049 -0.86132 0.617499 -0.218881 0.84441 -0.488941 0.419723 0 0 0 1
9 0.952752 0.127201 -0.275834 0.032755 -0.303137 0.455866 -0.836836 0.518968 0.0192974 0.880912 0.472886 0.327057 0 0 0 1
10 0.953628 0.165893 -0.251146 0.0238061 -0.183685 0.981764 -0.0489755 0.320994 0.238441 0.0928362 0.966709 0.3801 0 0 0 1
11 0.952958 0.164719 -0.254436 0.0323225 -0.155584 0.986247 0.0557662 0.277956 0.260123 -0.0135567 0.96548 0.368199 0 0 0 1
12 0.961741 0.139698 -0.235665 0.0352473 -0.162295 0.983552 -0.0792887 0.213942 0.220712 0.114502 0.968594 0.297913 0 0 0 1
13 0.971149 0.117579 -0.207471 0.0463441 -0.113438 0.993036 0.0317892 0.0498842 0.209764 -0.00733704 0.977725 0.202403 0 0 0 1
14 0.978781 0.0594867 -0.196083 0.0566539 -0.0586517 0.998228 0.0100678 0.00485692 0.196335 0.00164646 0.980536 0.054032 0 0 0 1
15 0.978822 0.0905198 -0.183612 0.0571624 -0.166168 0.875175 -0.454376 0.107873 0.119562 0.475264 0.871682 -0.169585 0 0 0 1
16 0.944037 0.136732 -0.300164 0.078881 -0.289526 -0.092449 -0.952695 0.390578 -0.158014 0.986285 -0.0476878 -0.0369556 0 0 0 1
17 0.944265 0.321321 0.0715298 -0.0391581 0.221367 -0.45899 -0.860421 0.368682 -0.24364 0.8283 -0.504538 0.206039 0 0 0 1
18 0.956712 0.239358 -0.165559 0.00730008 0.029498 -0.645681 -0.763038 0.487833 -0.289537 0.725124 -0.624791 0.367236 0 0 0 1
19 0.970284 0.225995 -0.086459 -0.0211281 0.0399719 -0.50211 -0.86388 0.517808 -0.238644 0.834753 -0.496223 0.431023 0 0 0 1
20 0.884954 0.0895528 -0.456986 0.0968288 -0.43542 -0.188841 -0.880198 0.544178 -0.165122 0.977916 -0.128122 0.40422 0 0 0 1
21 0.946815 0.151795 -0.283724 0.0402911 -0.321759 0.456228 -0.829655 0.469259 0.00350573 0.876821 0.480805 0.320163 0 0 0 1
22 0.953291 0.177112 -0.244677 0.0254002 -0.262395 0.886825 -0.380383 0.333359 0.149615 0.426818 0.891875 0.327378 0 0 0 1
23 0.955445 0.155561 -0.25085 0.0329216 -0.191593 0.973334 -0.126149 0.261632 0.224537 0.16859 0.959771 0.325836 0 0 0 1
24 0.964435 0.134854 -0.227331 0.0353259 -0.150357 0.987251 -0.052238 0.202376 0.217388 0.0845609 0.972416 0.294679 0 0 0 1
25 0.979514 0.0738312 -0.187351 0.0453138 -0.0611124 0.995474 0.0727858 0.0415921 0.191877 -0.0598453 0.979593 0.187442 0 0 0 1
26 0.978173 0.057598 -0.199648 0.0588942 -0.0415617 0.995632 0.0836062 -0.020516 0.203591 -0.0734836 0.976294 0.0157226 0 0 0 1
27 0.849086 0.526484 0.0432169 -0.0272078 0.338664 -0.479738 -0.809418 0.337343 -0.405413 0.701902 -0.585641 0.075071 0 0 0 1
28 0.93746 0.114358 -0.328771 0.0767344 -0.319287 -0.0937103 -0.943013 0.42038 -0.13865 0.98901 -0.0513368 -0.0772483 0 0 0 1
29 0.977653 0.173854 -0.118192 0.00440339 -0.0102802 -0.522009 -0.852878 0.400283 -0.209974 0.835034 -0.508557 0.12356 0 0 0 1
30 0.954443 0.15556 -0.254636 0.0397118 -0.0254444 -0.80782 -0.58888 0.444064 -0.297306 0.568531 -0.76706 0.253326 0 0 0 1
31 0.959945 0.128749 -0.248857 0.0381555 -0.0478248 -0.79985 -0.598291 0.523805 -0.276078 0.586228 -0.761655 0.399103 0 0 0 1
32 0.975223 0.172842 -0.138077 -0.000729022 -0.0320836 -0.50705 -0.86132 0.6175 -0.218884 0.844409 -0.488941 0.419723 0 0 0 1
33 0.952753 0.127198 -0.275832 0.032755 -0.303134 0.455866 -0.836837 0.518968 0.0192982 0.880912 0.472886 0.327056 0 0 0 1
34 0.953648 0.166028 -0.250978 0.0237472 -0.183797 0.981746 -0.0489292 0.320999 0.238273 0.0927903 0.966755 0.380115 0 0 0 1
35 0.952958 0.164719 -0.254436 0.0323225 -0.155584 0.986247 0.0557662 0.277956 0.260123 -0.0135567 0.96548 0.368199 0 0 0 1
36 0.961741 0.139698 -0.235665 0.0352473 -0.162295 0.983552 -0.0792887 0.213942 0.220712 0.114502 0.968594 0.297913 0 0 0 1
37 0.97115 0.117576 -0.20747 0.0463436 -0.113435 0.993037 0.0317889 0.0498839 0.209762 -0.0073374 0.977725 0.202403 0 0 0 1
38 0.978781 0.0594883 -0.196085 0.0566542 -0.0586534 0.998228 0.0100669 0.00485777 0.196336 0.00164777 0.980535 0.054032 0 0 0 1
39 0.978822 0.0905192 -0.183611 0.0571622 -0.166168 0.875175 -0.454376 0.107873 0.119562 0.475264 0.871682 -0.169585 0 0 0 1
40 0.944037 0.136732 -0.300164 0.078881 -0.289526 -0.0924489 -0.952695 0.390578 -0.158014 0.986285 -0.0476876 -0.0369556 0 0 0 1
41 0.944265 0.321321 0.0715298 -0.0391581 0.221367 -0.45899 -0.860421 0.368682 -0.24364 0.8283 -0.504538 0.206039 0 0 0 1
42 0.956717 0.239333 -0.165565 0.00730236 0.029483 -0.645698 -0.763023 0.487832 -0.289522 0.725116 -0.624807 0.367236 0 0 0 1
43 0.970284 0.225995 -0.0864599 -0.0211277 0.0399711 -0.50211 -0.86388 0.517808 -0.238645 0.834753 -0.496222 0.431024 0 0 0 1
44 0.884954 0.089552 -0.456987 0.096829 -0.435422 -0.188838 -0.880198 0.544178 -0.16512 0.977917 -0.12812 0.404219 0 0 0 1
45 0.946816 0.151794 -0.283723 0.0402913 -0.321758 0.456227 -0.829656 0.469259 0.00350509 0.876821 0.480803 0.320163 0 0 0 1
46 0.953291 0.177112 -0.244677 0.0254 -0.262394 0.886825 -0.380383 0.333359 0.149615 0.426818 0.891875 0.327378 0 0 0 1
47 0.955446 0.15556 -0.250847 0.0329241 -0.207665 0.958209 -0.196749 0.23554 0.209757 0.240076 0.947822 0.258909 0 0 0 1
#####################################################
*BONEANIMATION, BONEINDEX=3, NFRAMES=48
0 0.998315 0.0383457 -0.0435472 -0.030864 -0.050163 0.947567 -0.315596 -0.100863 0.0291622 0.317249 0.947894 -0.226383 0 0 0 1
1 0.996771 0.00764574 0.0799286 0.0496874 0.00311659 0.991022 -0.133665 -0.0521256 -0.080233 0.133482 0.987798 -0.102478 0 0 0 1
2 0.981546 -0.0831322 0.172209 0.144962 0.060825 0.989516 0.130992 0.0523497 -0.181293 -0.1181 0.976312 0.0654078 0 0 0 1
3 0.980402 -0.126161 0.151311 0.149387 0.0242287 0.839434 0.542922 0.338583 -0.195511 -0.528615 0.826039 0.264509 0 0 0 1
4 0.978893 -0.134815 0.153603 0.156225 -0.0376025 0.61994 0.783748 0.576125 -0.200886 -0.772981 0.601786 0.34004 0 0 0 1
5 0.984637 -0.11893 0.127851 0.136336 -0.0444112 0.537543 0.842066 0.646842 -0.168873 -0.834807 0.524003 0.348747 0 0 0 1
6 0.994172 -0.0896112 0.0599383 0.0832666 0.00267969 0.576336 0.817208 0.607399 -0.107776 -0.812285 0.573217 0.353889 0 0 0 1
7 0.997683 -0.0554208 -0.0394618 0.0107958 0.0670578 0.703113 0.70791 0.472118 -0.0114869 -0.708916 0.7052 0.356259 0 0 0 1
8 0.996725 -0.0142744 -0.0795919 -0.0272948 0.0552029 0.839359 0.540767 0.317712 0.059087 -0.54339 0.837398 0.312382 0 0 0 1
9 0.997851 0.0174277 -0.0631658 -0.0297865 0.00370977 0.94741 0.32 0.137323 0.0654208 -0.319546 0.94531 0.241243 0 0 0 1
10 0.995188 0.0456618 -0.0866976 -0.0585498 -0.0463393 0.998909 -0.00581627 -0.0405419 0.0863374 0.00980578 0.996218 0.0379741 0 0 0 1
11 0.994698 0.0487581 -0.0905481 -0.0659638 -0.0629953 0.984825 -0.161715 -0.0721448 0.0812891 0.166562 0.982675 -0.106685 0 0 0 1
12 0.998144 0.0551041 -0.0259306 -0.0297602 -0.060238 0.955948 -0.287289 -0.0899623 0.00895751 0.288317 0.957493 -0.212695 0 0 0 1
13 0.998172 0.0187683 0.0574565 0.0341989 -0.00921232 0.986704 -0.162266 -0.0736357 -0.059738 0.16144 0.985073 -0.111172 0 0 0 1
14 0.988691 -0.0108943 0.14957 0.0953381 -0.00992145 0.990421 0.137723 0.0473204 -0.149638 -0.137649 0.979112 0.080763 0 0 0 1
15 0.985697 -0.0734032 0.151702 0.12116 -0.0143059 0.860468 0.509303 0.296997 -0.167919 -0.504188 0.847111 0.257397 0 0 0 1
16 0.98489 -0.101766 0.140128 0.132021 -0.0424885 0.642415 0.765178 0.559643 -0.167889 -0.75957 0.628384 0.319974 0 0 0 1
17 0.989127 -0.12083 0.0838318 0.11589 -0.00971133 0.515129 0.857057 0.667611 -0.146742 -0.848553 0.508355 0.332862 0 0 0 1
18 0.992824 -0.118975 0.0120334 0.0715777 0.0536314 0.532955 0.844442 0.633494 -0.10688 -0.837737 0.535512 0.347618 0 0 0 1
19 0.995004 -0.0625772 -0.0777928 -0.00936624 0.098357 0.748117 0.656237 0.400518 0.0171327 -0.66061 0.750534 0.355974 0 0 0 1
20 0.994586 0.0251102 -0.10084 -0.058354 0.011517 0.937757 0.347102 0.153183 0.10328 -0.346384 0.93239 0.265448 0 0 0 1
21 0.992186 0.0371883 -0.119099 -0.0700454 -0.0191127 0.988583 0.149458 0.0378068 0.123298 -0.146014 0.981569 0.15487 0 0 0 1
22 0.991671 0.041441 -0.121944 -0.0758201 -0.0406666 0.999134 0.0088336 -0.0463435 0.122204 -0.00380098 0.992498 0.0663929 0 0 0 1
23 0.995372 0.0162621 -0.0947082 -0.0515768 -0.0283649 0.991383 -0.127885 -0.067587 0.0918125 0.129979 0.987257 -0.0692102 0 0 0 1
24 0.998358 0.0387329 -0.0421975 -0.0300068 -0.0500889 0.947717 -0.315157 -0.100555 0.0277843 0.316753 0.948101 -0.226168 0 0 0 1
25 0.996772 0.00764466 0.0799217 0.0496842 0.00311623 0.991023 -0.133658 -0.0521226 -0.080226 0.133476 0.9878 -0.102474 0 0 0 1
26 0.981546 -0.083134 0.172208 0.144962 0.0608263 0.989515 0.130995 0.0523515 -0.181293 -0.118103 0.976312 0.0654091 0 0 0 1
27 0.980402 -0.126161 0.151311 0.149387 0.0242287 0.839434 0.542922 0.338583 -0.195511 -0.528615 0.826039 0.264509 0 0 0 1
28 0.978892 -0.134813 0.153609 0.156226 -0.0376069 0.619945 0.783744 0.57612 -0.200888 -0.772977 0.601789 0.34004 0 0 0 1
29 0.984638 -0.11893 0.127839 0.136329 -0.0444007 0.537543 0.842067 0.646842 -0.168866 -0.834807 0.524005 0.348748 0 0 0 1
30 0.994172 -0.08961 0.0599319 0.0832624 0.00268424 0.576336 0.817208 0.607399 -0.107771 -0.812285 0.573218 0.35389 0 0 0 1
31 0.997683 -0.0554196 -0.039462 0.0107936 0.0670571 0.703112 0.70791 0.472119 -0.0114859 -0.708916 0.705199 0.356259 0 0 0 1
32 0.996728 -0.0142321 -0.0795678 -0.0273068 0.0551534 0.839368 0.540758 0.317699 0.0590906 -0.543377 0.837407 0.312378 0 0 0 1
33 0.997848 0.0173484 -0.0632373 -0.0297906 0.00381018 0.9474 0.32003 0.137353 0.065463 -0.319582 0.945295 0.241255 0 0 0 1
34 0.995186 0.0456587 -0.0867135 -0.0585571 -0.0463362 0.998909 -0.00581437 -0.0405406 0.0863534 0.00980435 0.996216 0.0379746 0 0 0 1
35 0.994698 0.0487581 -0.0905481 -0.0659638 -0.0629953 0.984825 -0.161715 -0.0721448 0.0812891 0.166562 0.982675 -0.106685 0 0 0 1
36 0.998144 0.0551041 -0.0259306 -0.0297602 -0.060238 0.955948 -0.287289 -0.0899623 0.00895751 0.288317 0.957493 -0.212695 0 0 0 1
37 0.998171 0.01877 0.0574593 0.0342006 -0.00921314 0.986703 -0.162273 -0.0736391 -0.0597411 0.161446 0.985072 -0.111176 0 0 0 1
38 0.98869 -0.0108952 0.149581 0.0953446 -0.00992172 0.990421 0.137721 0.0473185 -0.149648 -0.137647 0.979111 0.0807605 0 0 0 1
39 0.985701 -0.0733984 0.151678 0.121142 -0.0142981 0.860467 0.509306 0.297 -0.167896 -0.504192 0.847113 0.257399 0 0 0 1
40 0.984891 -0.101759 0.140125 0.132016 -0.0424923 0.642412 0.765181 0.559646 -0.167882 -0.759574 0.628382 0.319972 0 0 0 1
41 0.989127 -0.12083 0.0838318 0.11589 -0.00971133 0.515129 0.857057 0.667611 -0.146742 -0.848553 0.508355 0.332862 0 0 0 1
42 0.992826 -0.118962 0.0120591 0.0715915 0.0536034 0.532963 0.844439 0.633477 -0.106883 -0.837734 0.535516 0.347624 0 0 0 1
43 0.994998 -0.062591 -0.0778528 -0.00939156 0.0984075 0.748093 0.656256 0.400542 0.0171654 -0.660635 0.750511 0.355977 0 0 0 1
44 0.994585 0.0251054 -0.100846 -0.0583549 0.0115212 0.937764 0.347082 0.15317 0.103283 -0.346365 0.932397 0.265443 0 0 0 1
45 0.992186 0.0371924 -0.119097 -0.0700465 -0.0191155 0.988581 0.149471 0.0378131 0.123297 -0.146026 0.981567 0.154874 0 0 0 1
46 0.991672 0.0414495 -0.121936 -0.0758187 -0.0406772 0.999133 0.00881768 -0.0463502 0.122195 -0.00378425 0.992499 0.0663863 0 0 0 1
47 0.995372 0.0162742 -0.0947072 -0.0515712 -0.0350836 0.979068 -0.200488 -0.0635864 0.0894619 0.202883 0.975108 -0.159383 0 0 0 1
#####################################################
*BONEANIMATION, BONEINDEX=4, NFRAMES=48
0 0.999708 -0.0169252 0.0172738 0.00160698 0.0192828 0.988951 -0.146984 0.0835831 -0.0145952 0.147274 0.988988 -0.162609 0 0 0 1
1 0.999711 -0.0173539 0.0166491 0.00548922 0.0196731 0.988317 -0.151137 0.0574132 -0.0138318 0.151421 0.988373 -0.15278 0 0 0 1
2 0.999668 -0.0192323 0.0171594 0.0152669 0.0217968 0.986122 -0.164584 0.0467429 -0.013756 0.164903 0.986214 -0.149669 0 0 0 1
3 0.999599 -0.018404 0.0215082 0.0183705 0.022029 0.982912 -0.182753 0.0672981 -0.0177773 0.183153 0.982924 -0.165646 0 0 0 1
4 0.999589 -0.0177297 0.0225314 0.016294 0.0223943 0.973534 -0.227442 0.123965 -0.0179026 0.227853 0.973531 -0.194298 0 0 0 1
5 0.999687 -0.0134654 0.0210821 0.0116117 0.0177752 0.975359 -0.219905 0.12841 -0.0176015 0.220211 0.975293 -0.187062 0 0 0 1
6 0.999698 -0.0149946 0.0194567 0.0128811 0.0185956 0.979498 -0.200592 0.132494 -0.01605 0.200893 0.979482 -0.169825 0 0 0 1
7 0.999817 -0.0112269 0.0155029 0.00816679 0.014037 0.980686 -0.195082 0.147004 -0.0130133 0.195264 0.980664 -0.171619 0 0 0 1
8 0.999796 -0.0140136 0.0145174 0.00853385 0.016286 0.98521 -0.170578 0.133544 -0.0119122 0.17078 0.985237 -0.165372 0 0 0 1
9 0.999825 -0.0126035 0.0138413 0.00665223 0.014425 0.989968 -0.140551 0.10155 -0.011931 0.140726 0.989977 -0.142748 0 0 0 1
10 0.999764 -0.0153812 0.0153677 0.00917864 0.0174545 0.989213 -0.145441 0.096827 -0.0129649 0.145675 0.989248 -0.154412 0 0 0 1
11 0.999756 -0.013813 0.0172219 0.00413489 0.0166398 0.984137 -0.176627 0.11208 -0.0145089 0.176871 0.984127 -0.184246 0 0 0 1
12 0.999665 -0.0168216 0.0196806 0.00241475 0.0205809 0.977509 -0.209888 0.132982 -0.0157073 0.210223 0.977527 -0.218693 0 0 0 1
13 0.999658 -0.0172544 0.0196336 0.00397376 0.0215211 0.969627 -0.243639 0.126715 -0.0148334 0.243978 0.969667 -0.233615 0 0 0 1
14 0.999573 -0.0195199 0.0217588 0.0132172 0.0239486 0.973675 -0.226678 0.0866404 -0.0167613 0.227103 0.973727 -0.202572 0 0 0 1
15 0.999619 -0.0162775 0.0222924 0.013041 0.0207803 0.975364 -0.219622 0.084028 -0.0181683 0.220001 0.97533 -0.189751 0 0 0 1
16 0.99965 -0.0146598 0.0220112 0.0113914 0.0193975 0.972171 -0.233466 0.115478 -0.0179761 0.233812 0.972116 -0.205389 0 0 0 1
17 0.99966 -0.0151193 0.0212645 0.0115474 0.0192218 0.977864 -0.208357 0.120577 -0.0176436 0.208695 0.977822 -0.183606 0 0 0 1
18 0.999753 -0.0110576 0.0192854 0.00707508 0.0144671 0.9823 -0.186756 0.115793 -0.016879 0.186988 0.982217 -0.171791 0 0 0 1
19 0.999741 -0.0142824 0.0177117 0.00881715 0.017027 0.985975 -0.166023 0.124109 -0.0150921 0.166282 0.985963 -0.148407 0 0 0 1
20 0.999785 -0.0135991 0.015641 0.00603081 0.0154469 0.992058 -0.124829 0.10504 -0.0138192 0.125044 0.992055 -0.115678 0 0 0 1
21 0.999731 -0.0164554 0.0163192 0.00794251 0.0175726 0.997331 -0.0708631 0.0718491 -0.0151096 0.0711308 0.997353 -0.0817952 0 0 0 1
22 0.999779 -0.0138635 0.0157885 0.00600354 0.014615 0.998715 -0.0485186 0.0475917 -0.0150956 0.0487386 0.998697 -0.0584699 0 0 0 1
23 0.999824 -0.0113231 0.0149592 0.002759 0.0126774 0.995512 -0.0937836 0.0711607 -0.0138301 0.0939567 0.99548 -0.105413 0 0 0 1
24 0.999741 -0.0160409 0.0161543 0.00112899 0.0182479 0.988919 -0.147331 0.0832933 -0.013612 0.147587 0.988955 -0.162564 0 0 0 1
25 0.999711 -0.0173537 0.016649 0.00548911 0.0196729 0.988317 -0.151137 0.0574133 -0.0138317 0.151421 0.988373 -0.15278 0 0 0 1
26 0.999668 -0.0192323 0.0171596 0.0152669 0.0217968 0.986122 -0.164584 0.046743 -0.0137561 0.164903 0.986214 -0.14967 0 0 0 1
27 0.999599 -0.018404 0.0215082 0.0183705 0.022029 0.982912 -0.182753 0.0672981 -0.0177773 0.183153 0.982924 -0.165646 0 0 0 1
28 0.999589 -0.0177294 0.0225313 0.0162942 0.0223939 0.973534 -0.227441 0.123964 -0.0179026 0.227853 0.973531 -0.194297 0 0 0 1
29 0.999687 -0.0134662 0.0210823 0.0116117 0.017776 0.975359 -0.219906 0.12841 -0.0176015 0.220212 0.975293 -0.187063 0 0 0 1
30 0.999698 -0.0149946 0.0194568 0.0128811 0.0185957 0.979498 -0.200592 0.132494 -0.0160501 0.200893 0.979482 -0.169825 0 0 0 1
31 0.999817 -0.0112268 0.0155029 0.0081667 0.0140369 0.980686 -0.195082 0.147004 -0.0130133 0.195264 0.980664 -0.171619 0 0 0 1
32 0.999796 -0.0140134 0.0145174 0.00853393 0.0162858 0.98521 -0.170577 0.133542 -0.0119123 0.170779 0.985237 -0.16537 0 0 0 1
33 0.999825 -0.0126035 0.0138415 0.00665252 0.014425 0.989968 -0.140551 0.10155 -0.0119313 0.140726 0.989977 -0.142748 0 0 0 1
34 0.999764 -0.015381 0.0153677 0.00917847 0.0174543 0.989213 -0.145441 0.0968271 -0.0129649 0.145675 0.989247 -0.154412 0 0 0 1
35 0.999756 -0.013813 0.0172219 0.00413489 0.0166398 0.984137 -0.176627 0.11208 -0.0145089 0.176871 0.984127 -0.184246 0 0 0 1
36 0.999665 -0.0168216 0.0196806 0.00241475 0.0205809 0.977509 -0.209888 0.132982 -0.0157073 0.210223 0.977527 -0.218693 0 0 0 1
37 0.999658 -0.0172544 0.0196332 0.00397398 0.0215212 0.969627 -0.243639 0.126715 -0.014833 0.243979 0.969667 -0.233615 0 0 0 1
38 0.999573 -0.0195203 0.0217589 0.0132172 0.0239489 0.973675 -0.226679 0.0866413 -0.0167612 0.227103 0.973727 -0.202571 0 0 0 1
39 0.999619 -0.0162776 0.0222925 0.013041 0.0207804 0.975364 -0.219622 0.0840279 -0.0181684 0.220001 0.97533 -0.189751 0 0 0 1
40 0.99965 -0.0146597 0.0220113 0.0113913 0.0193975 0.972171 -0.233466 0.115478 -0.0179762 0.233812 0.972116 -0.205389 0 0 0 1
41 0.99966 -0.0151193 0.0212645 0.0115474 0.0192218 0.977864 -0.208357 0.120577 -0.0176436 0.208695 0.977822 -0.183606 0 0 0 1
42 0.999753 -0.0110573 0.0192855 0.0070759 0.0144668 0.9823 -0.186755 0.115792 -0.0168791 0.186988 0.982217 -0.171791 0 0 0 1
43 0.999741 -0.0142823 0.0177117 0.00881711 0.017027 0.985975 -0.166023 0.124109 -0.0150921 0.166282 0.985963 -0.148407 0 0 0 1
44 0.999785 -0.0135996 0.0156412 0.00603107 0.0154474 0.992058 -0.12483 0.10504 -0.0138194 0.125045 0.992055 -0.115678 0 0 0 1
45 0.999731 -0.0164547 0.016319 0.00794261 0.0175719 0.997331 -0.0708622 0.0718495 -0.0151094 0.07113 0.997353 -0.0817952 0 0 0 1
46 0.999779 -0.0138635 0.0157885 0.00600335 0.0146149 0.998715 -0.0485186 0.0475911 -0.0150956 0.0487386 0.998697 -0.05847 0 0 0 1
47 0.999824 -0.0113206 0.0149619 0.00275958 0.0136631 0.985843 -0.167113 0.0774647 -0.0128583 0.167288 0.985824 -0.185252 0 0 0 1
#####################################################
*BONEANIMATION, BONEINDEX=5, NFRAMES=48
0 0.915416 -0.329126 -0.231709 -0.068315 -0.370615 -0.464633 -0.804214 -0.152725 0.157028 0.822066 -0.547312 -1.10043 0 0 0 1
1 0.85728 -0.367995 -0.36007 -0.146162 -0.467207 -0.262218 -0.844369 -0.271905 0.216307 0.892088 -0.396724 -0.91945 0 0 0 1
2 0.759444 -0.31349 0.57006 0.261976 0.531137 -0.207232 -0.821552 -0.181668 0.375683 0.926703 0.00912488 -0.544314 0 0 0 1
3 0.942874 -0.333142 0.00213443 0.0287459 0.162173 0.453375 -0.876442 -0.288513 0.291012 0.826721 0.481503 -0.153618 0 0 0 1
4 0.96016 -0.274581 -0.051946 0.0169873 0.211652 0.835914 -0.506411 -0.107179 0.182473 0.475241 0.860726 0.191035 0 0 0 1
5 0.961236 -0.256811 -0.100365 -0.00508062 0.224771 0.940665 -0.25422 -0.00208494 0.159697 0.221806 0.961925 0.340018 0 0 0 1
6 0.986688 -0.0577838 -0.152013 -0.038935 0.109506 0.927141 0.358354 0.258397 0.120231 -0.37023 0.921127 0.383615 0 0 0 1
7 0.955415 -0.250739 -0.155922 -0.0300775 0.245809 0.968004 -0.0504507 0.0144735 0.163583 0.00987442 0.98648 0.334419 0 0 0 1
8 0.951246 -0.25705 -0.170462 -0.0426731 0.296346 0.914907 0.274088 0.176491 0.0855024 -0.31124 0.946477 0.231631 0 0 0 1
9 0.964712 -0.170207 -0.200898 -0.0622465 0.219857 0.940552 0.25889 0.139722 0.14489 -0.293924 0.944783 0.119721 0 0 0 1
10 0.948988 -0.229144 -0.2166 -0.063568 0.190269 0.963927 -0.186127 -0.0421672 0.251436 0.13542 0.958353 -0.128079 0 0 0 1
11 0.953637 -0.290974 -0.0768835 0.00714502 0.0762047 0.48059 -0.873628 -0.277828 0.291152 0.827265 0.480482 -0.53074 0 0 0 1
12 0.889194 -0.366804 -0.273475 -0.0857171 -0.407969 -0.365082 -0.836825 -0.192374 0.20711 0.855669 -0.474274 -1.0545 0 0 0 1
13 0.933703 -0.328085 -0.143383 -0.0247094 -0.322182 -0.595166 -0.73619 -0.13814 0.156196 0.733579 -0.661412 -1.07488 0 0 0 1
14 0.929721 -0.308491 -0.201125 -0.0659677 -0.315896 -0.38736 -0.866119 -0.262521 0.189282 0.868784 -0.457588 -0.863312 0 0 0 1
15 0.930573 -0.333219 0.151651 0.0935928 0.222007 0.184235 -0.957481 -0.308312 0.291111 0.924674 0.245422 -0.34467 0 0 0 1
16 0.959493 -0.276234 -0.0553841 0.00760567 0.198723 0.802931 -0.561971 -0.134329 0.199705 0.528201 0.825301 0.11918 0 0 0 1
17 0.967431 -0.206553 -0.146329 -0.0359929 0.228214 0.961807 0.15115 0.194802 0.10952 -0.179622 0.97762 0.385988 0 0 0 1
18 0.979904 -0.121266 -0.158373 -0.0388798 0.186586 0.837961 0.512841 0.358844 0.0705199 -0.532086 0.843749 0.401171 0 0 0 1
19 0.942756 -0.297846 -0.149995 -0.0241386 0.285267 0.953231 -0.0998668 -0.0148558 0.172724 0.0513616 0.98363 0.344506 0 0 0 1
20 0.970929 -0.135846 -0.197085 -0.0684409 0.169671 0.971361 0.16634 0.0683646 0.168844 -0.194944 0.966172 0.126782 0 0 0 1
21 0.976518 -0.0610383 -0.206607 -0.0727012 0.0881288 0.98829 0.124565 0.056934 0.196584 -0.139848 0.970462 -0.00369111 0 0 0 1
22 0.970906 -0.0994782 -0.217819 -0.0680909 0.0527898 0.976165 -0.210511 -0.0890006 0.233568 0.192888 0.953016 -0.117104 0 0 0 1
23 0.961716 -0.226327 -0.154528 -0.0319508 0.0135402 0.602423 -0.798062 -0.287225 0.273714 0.765416 0.582424 -0.444391 0 0 0 1
24 0.914632 -0.337001 -0.223337 -0.0651273 -0.369367 -0.471959 -0.800514 -0.151087 0.164368 0.814669 -0.556145 -1.10301 0 0 0 1
25 0.85728 -0.367995 -0.36007 -0.146162 -0.467206 -0.262217 -0.84437 -0.271905 0.216307 0.892089 -0.396723 -0.91945 0 0 0 1
26 0.759425 -0.313512 0.570073 0.261981 0.531153 -0.207227 -0.821543 -0.181669 0.375698 0.926697 0.00914937 -0.544293 0 0 0 1
27 0.942874 -0.333142 0.00213443 0.0287459 0.162173 0.453375 -0.876442 -0.288513 0.291012 0.826721 0.481503 -0.153618 0 0 0 1
28 0.96016 -0.274582 -0.0519456 0.0169872 0.211653 0.835913 -0.506411 -0.107179 0.182473 0.475241 0.860726 0.191035 0 0 0 1
29 0.961272 -0.256704 -0.100291 -0.00504805 0.224687 0.94069 -0.2542 -0.00208814 0.159597 0.221821 0.961938 0.340012 0 0 0 1
30 0.986688 -0.0577836 -0.152014 -0.0389352 0.109506 0.927141 0.358353 0.258397 0.120232 -0.370229 0.921127 0.383615 0 0 0 1
31 0.955415 -0.250738 -0.155922 -0.0300774 0.245809 0.968005 -0.0504504 0.0144733 0.163583 0.00987416 0.98648 0.334419 0 0 0 1
32 0.951232 -0.257061 -0.17052 -0.0427467 0.29636 0.914956 0.27391 0.176395 0.085607 -0.311087 0.946518 0.231645 0 0 0 1
33 0.964721 -0.170207 -0.200857 -0.0622122 0.21984 0.940565 0.258859 0.139712 0.14486 -0.293883 0.944801 0.119718 0 0 0 1
34 0.948967 -0.22922 -0.21661 -0.0635848 0.19035 0.963914 -0.186109 -0.0421492 0.251453 0.135379 0.958355 -0.128075 0 0 0 1
35 0.953637 -0.290974 -0.0768835 0.00714502 0.0762047 0.48059 -0.873628 -0.277828 0.291152 0.827265 0.480482 -0.53074 0 0 0 1
36 0.889194 -0.366804 -0.273475 -0.0857171 -0.407969 -0.365082 -0.836825 -0.192374 0.20711 0.855669 -0.474274 -1.0545 0 0 0 1
37 0.933667 -0.328179 -0.143405 -0.0247153 -0.322262 -0.595146 -0.736172 -0.138143 0.156249 0.733553 -0.661428 -1.07487 0 0 0 1
38 0.929722 -0.308491 -0.201125 -0.0659675 -0.315896 -0.38736 -0.866119 -0.262522 0.189282 0.868784 -0.457588 -0.863312 0 0 0 1
39 0.930534 -0.333308 0.151699 0.0935973 0.222088 0.184258 -0.957458 -0.308296 0.291177 0.924638 0.245482 -0.344686 0 0 0 1
40 0.959489 -0.276245 -0.0553978 0.00760628 0.198725 0.802935 -0.561964 -0.134335 0.19972 0.52819 0.825305 0.11916 0 0 0 1
41 0.967431 -0.206553 -0.146329 -0.0359929 0.228214 0.961807 0.15115 0.194802 0.10952 -0.179622 0.97762 0.385988 0 0 0 1
42 0.979905 -0.121265 -0.158373 -0.0388731 0.186585 0.837964 0.512839 0.358835 0.0705218 -0.532083 0.84375 0.401174 0 0 0 1
43 0.942757 -0.297851 -0.149983 -0.0241414 0.285273 0.95323 -0.0998631 -0.0148547 0.172713 0.0513606 0.983632 0.344507 0 0 0 1
44 0.970929 -0.135846 -0.197084 -0.0684405 0.169671 0.971361 0.16634 0.0683654 0.168843 -0.194943 0.966172 0.126781 0 0 0 1
45 0.976518 -0.0610386 -0.206607 -0.0727019 0.0881291 0.98829 0.124564 0.0569329 0.196585 -0.139847 0.970462 -0.00369065 0 0 0 1
46 0.97091 -0.0994581 -0.217809 -0.0680927 0.052773 0.976167 -0.210505 -0.0889901 0.233555 0.192887 0.95302 -0.117127 0 0 0 1
47 0.961716 -0.226325 -0.154528 -0.0319402 -0.00672749 0.544207 -0.838924 -0.254901 0.273964 0.807846 0.52185 -0.549776 0 0 0 1
#####################################################
*BONEANIMATION, BONEINDEX=6, NFRAMES=48
0 0.999225 0.0105152 -0.0379422 -0.0147544 -0.0100251 0.999864 0.0130844 0.000757641 0.0380747 -0.0126939 0.999194 -0.0106198 0 0 0 1
1 0.998202 0.0598671 -0.00295615 -0.0261112 -0.0599261 0.997818 -0.0277134 -0.00684996 0.00129058 0.0278408 0.999612 -0.0357954 0 0 0 1
2 0.996393 0.0818821 0.0222757 -0.0313569 -0.0816814 0.996611 -0.00977739 0.00225093 -0.0230008 0.00792262 0.999704 -0.00434651 0 0 0 1
3 0.999286 0.0336441 -0.0171918 -0.0156131 -0.0335985 0.999431 0.0029338 0.0218054 0.0172807 -0.00235409 0.999848 0.0283412 0 0 0 1
4 0.998523 -0.00544914 -0.054052 -0.00512598 0.00866695 0.998192 0.0594772 0.0473727 0.0536302 -0.0598579 0.996765 0.0804295 0 0 0 1
5 0.998879 -0.0146302 -0.0450283 -0.000850149 0.017327 0.998042 0.0600961 0.0492629 0.0440609 -0.0608089 0.997176 0.0907944 0 0 0 1
6 0.999392 -0.0306225 -0.0166537 0.0116212 0.0317873 0.996686 0.0748761 0.0455012 0.0143056 -0.07536 0.997054 0.10944 0 0 0 1
7 0.998249 -0.0454293 0.0378895 0.0248497 0.0428359 0.996856 0.0666549 0.0332468 -0.0407985 -0.0649152 0.997056 0.116927 0 0 0 1
8 0.995998 -0.0704061 0.0550491 0.0365297 0.0662031 0.995001 0.0747697 0.0280145 -0.0600382 -0.070826 0.99568 0.119886 0 0 0 1
9 0.996981 -0.0702818 0.0330156 0.028091 0.066866 0.993216 0.0951345 0.0259922 -0.0394779 -0.0926396 0.994917 0.131636 0 0 0 1
10 0.998768 -0.0492639 -0.00591545 0.0073777 0.0495572 0.996324 0.0698812 0.0113614 0.00245109 -0.0700882 0.997538 0.0855224 0 0 0 1
11 0.999072 -0.0274222 -0.0332257 -0.00551425 0.0282535 0.999293 0.0248144 -0.000562527 0.0325217 -0.0257301 0.99914 0.0200795 0 0 0 1
12 0.999222 0.00011149 -0.0394461 -0.0121507 -0.00045574 0.999962 -0.00871823 -0.00701931 0.0394436 0.00872942 0.999184 -0.0268135 0 0 0 1
13 0.998293 0.0576414 -0.00938586 -0.0241922 -0.0578735 0.997967 -0.0266911 -0.0155363 0.00782826 0.0271888 0.9996 -0.0293373 0 0 0 1
14 0.995534 0.0919973 0.0211944 -0.0360642 -0.0916061 0.995619 -0.0187434 -0.000876609 -0.0228259 0.0167181 0.9996 -0.00554204 0 0 0 1
15 0.998008 0.0630722 -0.00102812 -0.027018 -0.0630774 0.99799 -0.00617532 0.0188103 0.000636558 0.00622787 0.99998 0.0227182 0 0 0 1
16 0.998992 0.00273428 -0.0448037 -0.00641776 -0.00222997 0.999934 0.0113019 0.0388483 0.0448316 -0.0111906 0.998932 0.034206 0 0 0 1
