         1          0          0
         0          1          0
         0          0          1
         0          0          0
         1          0          0
         0          1          0
         0          0          1
         0          0          0
         1          0          0
         0          1          0
         0          0          1
         0          0          0
         1          0          0
         0          1          0
         0          0          1
         0          0          0
  0.923864  -0.282479  -0.258226
  0.105887   0.837032   -0.53681
  0.367781   0.468596   0.803215
 -0.525958  -0.577307   0.431043
  0.992902 -0.0595927  -0.102933
 -0.059813   0.497853  -0.865196
  0.102805   0.865211   0.490755
 -0.123697   -1.26107   0.886894
  0.906259  -0.152766  -0.394153
 0.0502021   0.964712  -0.258476
  0.419731   0.214459   0.881949
 -0.425327   0.547421    1.32294
  0.972544  -0.154564   0.173977
  0.227903   0.783858  -0.577605
-0.0470963   0.601396   0.797562
  0.885167  -0.609624    0.81869
         1          0          0
         0          1          0
         0          0          1
         0          0          0
         1          0          0
         0          1          0
         0          0          1
         0          0          0
         1          0          0
         0          1          0
         0          0          1
         0          0          0
         1          0          0
         0          1          0
         0          0          1
         0          0          0
         1          0          0
         0          1          0
         0          0          1
         0          0          0
         1          0          0
         0          1          0
         0          0          1
         0          0          0
         1          0          0
         0          1          0
         0          0          1
         0          0          0
         1          0          0
         0          1          0
         0          0          1
         0          0          0
         1          0          0
         0          1          0
         0          0          1
         0          0          0
         1          0          0
         0          1          0
         0          0          1
         0          0          0
         1          0          0
         0          1          0
         0          0          1
         0          0          0
         1          0          0
         0          1          0
         0          0          1
         0          0          0
         1          0          0
         0          1          0
         0          0          1
         0          0          0
