         1          0          0
         0          1          0
         0          0          1
         0          0          0
         1          0          0
         0          1          0
         0          0          1
         0          0          0
         1          0          0
         0          1          0
         0          0          1
         0          0          0
         1          0          0
         0          1          0
         0          0          1
         0          0          0
         1          0          0
         0          1          0
         0          0          1
         0          0          0
         1          0          0
         0          1          0
         0          0          1
         0          0          0
         1          0          0
         0          1          0
         0          0          1
         0          0          0
         1          0          0
         0          1          0
         0          0          1
         0          0          0
         1          0          0
         0          1          0
         0          0          1
         0          0          0
         1          0          0
         0          1          0
         0          0          1
         0          0          0
         1          0          0
         0          1          0
         0          0          1
         0          0          0
         1          0          0
         0          1          0
         0          0          1
         0          0          0
  0.919979  -0.156442   0.359394
 -0.194604   0.613612   0.765252
 -0.340246  -0.773955   0.534066
 -0.443649   -0.98834  -0.225731
  0.976776  -0.199489  0.0781858
-0.0384321   0.195865   0.979877
 -0.210788  -0.960126    0.18365
 -0.073873   -1.81421  -0.256203
  0.827698  -0.466827   0.311429
 -0.116804    0.39949   0.909266
 -0.548883  -0.788974   0.276129
 -0.932468  -0.851895  -0.317609
         1          0          0
         0          1          0
         0          0          1
         0          0          0
         1          0          0
         0          1          0
         0          0          1
         0          0          0
         1          0          0
         0          1          0
         0          0          1
         0          0          0
         1          0          0
         0          1          0
         0          0          1
         0          0          0
         1          0          0
         0          1          0
         0          0          1
         0          0          0
         1          0          0
         0          1          0
         0          0          1
         0          0          0
