         1          0          0
         0          1          0
         0          0          1
         0          0          0
         1          0          0
         0          1          0
         0          0          1
         0          0          0
         1          0          0
         0          1          0
         0          0          1
         0          0          0
         1          0          0
         0          1          0
         0          0          1
         0          0          0
         1          0          0
         0          1          0
         0          0          1
         0          0          0
         1          0          0
         0          1          0
         0          0          1
         0          0          0
         1          0          0
         0          1          0
         0          0          1
         0          0          0
         1          0          0
         0          1          0
         0          0          1
         0          0          0
         1          0          0
         0          1          0
         0          0          1
         0          0          0
         1          0          0
         0          1          0
         0          0          1
         0          0          0
         1          0          0
         0          1          0
         0          0          1
         0          0          0
         1          0          0
         0          1          0
         0          0          1
         0          0          0
         1          0          0
         0          1          0
         0          0          1
         0          0          0
         1          0          0
         0          1          0
         0          0          1
         0          0          0
         1          0          0
         0          1          0
         0          0          1
         0          0          0
  0.985646  -0.121566  -0.117145
 0.0170961   0.762197  -0.647119
  0.167955   0.635828   0.753335
  0.189775   0.606484  -0.508889
  0.848651  0.0683416  -0.524519
  0.110205   0.947013   0.301697
  0.517345   -0.31384   0.796153
  0.735451  -0.367098   0.648907
   0.84512   0.267749   0.462692
0.00489601   0.861615  -0.507538
 -0.534555   0.431196   0.726857
  -1.82441    1.16584  -0.924649
         1          0          0
         0          1          0
         0          0          1
         0          0          0
         1          0          0
         0          1          0
         0          0          1
         0          0          0
         1          0          0
         0          1          0
         0          0          1
         0          0          0
