   0.992784   -0.118951   0.0152161
   0.112485    0.879715   -0.462005
  0.0415701    0.460383    0.886747
  -0.076537  -0.0883458    0.294979
   0.784359   -0.114701     0.60961
   0.602568    0.374231   -0.704885
  -0.147283    0.920214    0.362647
  -0.124209   -0.102913    0.382785
   0.963022    0.214345   -0.163235
  -0.264063    0.630644   -0.729767
  -0.053479    0.745885    0.663924
   0.112663   -0.382762    0.409626
   0.912307   0.0926957    0.398877
  -0.170487    0.971591    0.164147
   -0.37233   -0.217756    0.902194
   0.299405    0.101218   -0.188059
   0.996048   0.0152355   0.0875039
 -0.0626459    0.818897    0.570511
 -0.0629646   -0.573738    0.816615
  0.0642121    0.269059 -0.00817464
    0.94512    0.018996   -0.326172
   0.132039    0.890947    0.434487
   0.298855   -0.453709    0.839544
  -0.182154    0.258565 -0.00157749
   0.934301    0.232597     0.27015
 -0.0714717    0.864647   -0.497271
  -0.349248    0.445292    0.824464
   0.231675   -0.245679    0.217697
   0.978687    0.109619   -0.173655
  -0.127366    0.987338  -0.0945569
   0.161091    0.114659    0.980257
 0.00533047  -0.0996761      0.1455
   0.995443   0.0439599   0.0846163
 -0.0313319    0.988911   -0.145165
 -0.0900594    0.141852    0.985783
  0.0739964  -0.0799981   0.0341537
   0.991713    0.118712  -0.0491231
  -0.126183    0.828124   -0.546158
 -0.0241556    0.547831     0.83624
   0.064692   -0.266304    0.242949
   0.998871  0.00545044   0.0471902
 -0.0177826     0.96407    0.265054
 -0.0440499   -0.265594    0.963078
  0.0493626    0.124153  -0.0150268
