         1          0          0
         0          1          0
         0          0          1
         0          0          0
         1          0          0
         0          1          0
         0          0          1
         0          0          0
         1          0          0
         0          1          0
         0          0          1
         0          0          0
         1          0          0
         0          1          0
         0          0          1
         0          0          0
         1          0          0
         0          1          0
         0          0          1
         0          0          0
         1          0          0
         0          1          0
         0          0          1
         0          0          0
  0.864562   0.200953  -0.460598
-0.0926711   0.964601   0.246894
  0.493907  -0.170771    0.85258
   8.51066    1.99538   -18.5926
  0.988965 0.00697125  -0.147984
 0.0243049   0.977723   0.208487
  0.146141  -0.209783   0.966765
  -26.7608   -1.95921   -7.01514
  0.912457   0.159553  -0.376782
-0.0646702   0.965501    0.25224
  0.404029  -0.205792   0.891297
  -0.43202   -0.71124    -16.093
  0.826506   0.289963  -0.482503
  0.157353   0.703962   0.692588
  0.540488  -0.648351   0.536202
  -1.71808   -15.9413   -55.8247
  0.774265   0.363007  -0.518401
 -0.309578   0.931691   0.190037
  0.551975   0.013347   0.833754
   13.0843    20.8639   -21.0779
  0.912483   0.148548  -0.381193
 0.0912375   0.834398   0.543559
  0.398811  -0.530767   0.747821
  -18.5247    -7.9468   -44.3269
  0.980528 0.00587313  -0.196291
  0.161252   0.546406   0.821851
  0.112081    -0.8375   0.534819
  -38.2491   -24.1322   -62.0442
  0.595391   0.357768  -0.719383
  0.289658   0.739584   0.607548
  0.749405  -0.570103   0.336711
   -1.9331   -10.6053   -85.4391
  0.428768   0.547486  -0.718622
  0.865042  -0.019437   0.501323
  0.260499  -0.836589  -0.481932
  -72.9327    3.16127   -152.003
